&FCI
 NORB=5,
 NELEC=6,
 MS2=2,
 ISYM=1,
 ORBSYM=1,1,1,1,1,
 ST=1,
 III=1,
 OCC=4,
 CLOSED=2,
 /
    3.4710462736654346            1       1       1       1
  -0.46020348181546283            2       1       1       1
  -0.27930197806104068            1       2       1       1
   0.85874833759584945            2       2       1       1
   0.84713919463521004            3       3       1       1
   0.84713919463521004            4       4       1       1
   0.84713919463521004            5       5       1       1
  -0.46020348181546283            1       1       2       1
   0.96646750315213345E-001       2       1       2       1
   0.63612728465036836E-001       1       2       2       1
  -0.57622645443614305E-002       2       2       2       1
   0.40798022063495976E-002       3       3       2       1
   0.40798022063495785E-002       4       4       2       1
   0.40798022063495681E-002       5       5       2       1
   0.37229710775838282E-001       3       1       3       1
   0.51704946549077563E-001       3       2       3       1
   0.21603278149779408E-001       1       3       3       1
   0.49506409804129896E-001       2       3       3       1
   0.37229710775838282E-001       4       1       4       1
   0.51704946549077556E-001       4       2       4       1
   0.21603278149779429E-001       1       4       4       1
   0.49506409804129889E-001       2       4       4       1
   0.37229710775838261E-001       5       1       5       1
   0.51704946549077570E-001       5       2       5       1
   0.21603278149779408E-001       1       5       5       1
   0.49506409804129903E-001       2       5       5       1
  -0.27930197806104068            1       1       1       2
   0.63612728465036836E-001       2       1       1       2
   0.30578706614860333E-001       1       2       1       2
  -0.33827224235446901E-001       2       2       1       2
  -0.26608216901321546E-001       3       3       1       2
  -0.26608216901321553E-001       4       4       1       2
  -0.26608216901321549E-001       5       5       1       2
   0.85874833759584945            1       1       2       2
  -0.57622645443614305E-002       2       1       2       2
  -0.33827224235446901E-001       1       2       2       2
   0.59982908519930223            2       2       2       2
   0.60702770313790511            3       3       2       2
   0.60702770313790511            4       4       2       2
   0.60702770313790499            5       5       2       2
   0.51704946549077563E-001       3       1       3       2
   0.14112121965374280            3       2       3       2
   0.70703233634417384E-002       1       3       3       2
   0.12625499003857191            2       3       3       2
   0.51704946549077556E-001       4       1       4       2
   0.14112121965374280            4       2       4       2
   0.70703233634417419E-002       1       4       4       2
   0.12625499003857191            2       4       4       2
   0.51704946549077570E-001       5       1       5       2
   0.14112121965374280            5       2       5       2
   0.70703233634417453E-002       1       5       5       2
   0.12625499003857193            2       5       5       2
   0.21603278149779408E-001       3       1       1       3
   0.70703233634417384E-002       3       2       1       3
   0.59768455237205372E-002       1       3       1       3
   0.48717866184940749E-002       2       3       1       3
   0.49506409804129896E-001       3       1       2       3
   0.12625499003857191            3       2       2       3
   0.48717866184940749E-002       1       3       2       3
   0.11138876042340104            2       3       2       3
   0.84713919463521004            1       1       3       3
   0.40798022063495976E-002       2       1       3       3
  -0.26608216901321546E-001       1       2       3       3
   0.60702770313790511            2       2       3       3
   0.66321079972176844            3       3       3       3
   0.59422091935142940            4       4       3       3
   0.59422091935142951            5       5       3       3
   0.34496398384716409E-001       4       3       4       3
   0.34496398384716409E-001       3       4       4       3
   0.34496398384716402E-001       5       3       5       3
   0.34496398384716402E-001       3       5       5       3
   0.21603278149779429E-001       4       1       1       4
   0.70703233634417419E-002       4       2       1       4
   0.59768455237205753E-002       1       4       1       4
   0.48717866184940783E-002       2       4       1       4
   0.49506409804129889E-001       4       1       2       4
   0.12625499003857191            4       2       2       4
   0.48717866184940783E-002       1       4       2       4
   0.11138876042340104            2       4       2       4
   0.34496398384716409E-001       4       3       3       4
   0.34496398384716409E-001       3       4       3       4
   0.84713919463521004            1       1       4       4
   0.40798022063495785E-002       2       1       4       4
  -0.26608216901321553E-001       1       2       4       4
   0.60702770313790511            2       2       4       4
   0.59422091935142940            3       3       4       4
   0.66321079972176844            4       4       4       4
   0.59422091935142951            5       5       4       4
   0.34496398384716402E-001       5       4       5       4
   0.34496398384716402E-001       4       5       5       4
   0.21603278149779408E-001       5       1       1       5
   0.70703233634417453E-002       5       2       1       5
   0.59768455237205510E-002       1       5       1       5
   0.48717866184940783E-002       2       5       1       5
   0.49506409804129903E-001       5       1       2       5
   0.12625499003857193            5       2       2       5
   0.48717866184940783E-002       1       5       2       5
   0.11138876042340105            2       5       2       5
   0.34496398384716402E-001       5       3       3       5
   0.34496398384716409E-001       3       5       3       5
   0.34496398384716402E-001       5       4       4       5
   0.34496398384716402E-001       4       5       4       5
   0.84713919463521004            1       1       5       5
   0.40798022063495681E-002       2       1       5       5
  -0.26608216901321549E-001       1       2       5       5
   0.60702770313790499            2       2       5       5
   0.59422091935142951            3       3       5       5
   0.59422091935142951            4       4       5       5
   0.66321079972176855            5       5       5       5
   -17.929764903982399            1       1       0       0
   0.44836217760487557            1       2       0       0
   0.44836217760487557            2       1       0       0
   -3.9731983439421796            2       2       0       0
   -3.6807327564301353            3       3       0       0
   -3.6807327564301353            4       4       0       0
   -3.6807327564301353            5       5       0       0
    0.0000000000000000            0       0       0       0
