&FCI
 NORB=5,
 NELEC=6,
 MS2=2,
 ISYM=1,
 ORBSYM=1,1,1,1,1,
 ST=1,
 III=1,
 OCC=4,
 CLOSED=2,
 /
    3.4706963446930739            1       1       1       1
  -0.46078324040403817            2       1       1       1
  -0.27860082119249463            1       2       1       1
   0.85875908924065525            2       2       1       1
   0.84715627516422987            3       3       1       1
   0.84715627516422998            4       4       1       1
   0.84715627516422998            5       5       1       1
  -0.46078324040403817            1       1       2       1
   0.96850106196705088E-001       2       1       2       1
   0.63603342480854197E-001       1       2       2       1
  -0.57617317191853215E-002       2       2       2       1
   0.40901767298102687E-002       3       3       2       1
   0.40901767298102392E-002       4       4       2       1
   0.40901767298102045E-002       5       5       2       1
   0.37165620733499959E-001       3       1       3       1
   0.51682185349242390E-001       3       2       3       1
   0.21603231194124866E-001       1       3       3       1
   0.49487885310205516E-001       2       3       3       1
   0.37165620733499959E-001       4       1       4       1
   0.51682185349242390E-001       4       2       4       1
   0.21603231194124859E-001       1       4       4       1
   0.49487885310205523E-001       2       4       4       1
   0.37165620733499966E-001       5       1       5       1
   0.51682185349242390E-001       5       2       5       1
   0.21603231194124863E-001       1       5       5       1
   0.49487885310205516E-001       2       5       5       1
  -0.27860082119249463            1       1       1       2
   0.63603342480854197E-001       2       1       1       2
   0.30356578765003313E-001       1       2       1       2
  -0.33827452712566125E-001       2       2       1       2
  -0.26619620749717118E-001       3       3       1       2
  -0.26619620749717160E-001       4       4       1       2
  -0.26619620749717153E-001       5       5       1       2
   0.85875908924065525            1       1       2       2
  -0.57617317191853215E-002       2       1       2       2
  -0.33827452712566125E-001       1       2       2       2
   0.59987278311651360            2       2       2       2
   0.60706928459022946            3       3       2       2
   0.60706928459022946            4       4       2       2
   0.60706928459022946            5       5       2       2
   0.51682185349242390E-001       3       1       3       2
   0.14123358269543726            3       2       3       2
   0.70937321675806665E-002       1       3       3       2
   0.12627319587301342            2       3       3       2
   0.51682185349242390E-001       4       1       4       2
   0.14123358269543729            4       2       4       2
   0.70937321675806665E-002       1       4       4       2
   0.12627319587301342            2       4       4       2
   0.51682185349242390E-001       5       1       5       2
   0.14123358269543729            5       2       5       2
   0.70937321675806596E-002       1       5       5       2
   0.12627319587301342            2       5       5       2
   0.21603231194124866E-001       3       1       1       3
   0.70937321675806665E-002       3       2       1       3
   0.60408416547497734E-002       1       3       1       3
   0.48994321285437958E-002       2       3       1       3
   0.49487885310205516E-001       3       1       2       3
   0.12627319587301342            3       2       2       3
   0.48994321285437958E-002       1       3       2       3
   0.11131280905058960            2       3       2       3
   0.84715627516422987            1       1       3       3
   0.40901767298102687E-002       2       1       3       3
  -0.26619620749717118E-001       1       2       3       3
   0.60706928459022946            2       2       3       3
   0.66326100432221435            3       3       3       3
   0.59425535325528789            4       4       3       3
   0.59425535325528800            5       5       3       3
   0.34504273182672615E-001       4       3       4       3
   0.34504273182672615E-001       3       4       4       3
   0.34504273182672615E-001       5       3       5       3
   0.34504273182672615E-001       3       5       5       3
   0.21603231194124859E-001       4       1       1       4
   0.70937321675806665E-002       4       2       1       4
   0.60408416547497595E-002       1       4       1       4
   0.48994321285437958E-002       2       4       1       4
   0.49487885310205523E-001       4       1       2       4
   0.12627319587301342            4       2       2       4
   0.48994321285437958E-002       1       4       2       4
   0.11131280905058957            2       4       2       4
   0.34504273182672615E-001       4       3       3       4
   0.34504273182672615E-001       3       4       3       4
   0.84715627516422998            1       1       4       4
   0.40901767298102392E-002       2       1       4       4
  -0.26619620749717160E-001       1       2       4       4
   0.60706928459022946            2       2       4       4
   0.59425535325528789            3       3       4       4
   0.66326100432221435            4       4       4       4
   0.59425535325528800            5       5       4       4
   0.34504273182672608E-001       5       4       5       4
   0.34504273182672608E-001       4       5       5       4
   0.21603231194124863E-001       5       1       1       5
   0.70937321675806596E-002       5       2       1       5
   0.60408416547497595E-002       1       5       1       5
   0.48994321285437889E-002       2       5       1       5
   0.49487885310205516E-001       5       1       2       5
   0.12627319587301342            5       2       2       5
   0.48994321285437889E-002       1       5       2       5
   0.11131280905058956            2       5       2       5
   0.34504273182672615E-001       5       3       3       5
   0.34504273182672615E-001       3       5       3       5
   0.34504273182672608E-001       5       4       4       5
   0.34504273182672608E-001       4       5       4       5
   0.84715627516422998            1       1       5       5
   0.40901767298102045E-002       2       1       5       5
  -0.26619620749717153E-001       1       2       5       5
   0.60706928459022946            2       2       5       5
   0.59425535325528800            3       3       5       5
   0.59425535325528800            4       4       5       5
   0.66326100432221446            5       5       5       5
   -17.929764903982399            1       1       0       0
   0.44836217760487557            1       2       0       0
   0.44836217760487557            2       1       0       0
   -3.9731983439421796            2       2       0       0
   -3.6807327564301353            3       3       0       0
   -3.6807327564301353            4       4       0       0
   -3.6807327564301353            5       5       0       0
    0.0000000000000000            0       0       0       0
