&FCI
 NORB=5,
 NELEC=6,
 MS2=2,
 ISYM=1,
 ORBSYM=1,1,1,1,1,
 ST=1,
 III=1,
 OCC=4,
 CLOSED=2,
 /
    3.4704505376047479            1       1       1       1
  -0.46260112635822775            2       1       1       1
  -0.27686689828412081            1       2       1       1
   0.85846394453605590            2       2       1       1
   0.84684354559259878            3       3       1       1
   0.84684354559259878            4       4       1       1
   0.84684354559259878            5       5       1       1
  -0.46260112635822775            1       1       2       1
   0.97326463465712068E-001       2       1       2       1
   0.63610213686083231E-001       1       2       2       1
  -0.57027159507325644E-002       2       2       2       1
   0.41454023019202191E-002       3       3       2       1
   0.41454023019201931E-002       4       4       2       1
   0.41454023019201862E-002       5       5       2       1
   0.37778273476409802E-001       3       1       3       1
   0.53452853034548393E-001       3       2       3       1
   0.21605817503469033E-001       1       3       3       1
   0.51099096696969923E-001       2       3       3       1
   0.37778273476409788E-001       4       1       4       1
   0.53452853034548373E-001       4       2       4       1
   0.21605817503469044E-001       1       4       4       1
   0.51099096696969895E-001       2       4       4       1
   0.37778273476409781E-001       5       1       5       1
   0.53452853034548352E-001       5       2       5       1
   0.21605817503469057E-001       1       5       5       1
   0.51099096696969881E-001       2       5       5       1
  -0.27686689828412081            1       1       1       2
   0.63610213686083231E-001       2       1       1       2
   0.29893963906454393E-001       1       2       1       2
  -0.33947966953165945E-001       2       2       1       2
  -0.26731030521462647E-001       3       3       1       2
  -0.26731030521462647E-001       4       4       1       2
  -0.26731030521462633E-001       5       5       1       2
   0.85846394453605590            1       1       2       2
  -0.57027159507325644E-002       2       1       2       2
  -0.33947966953165945E-001       1       2       2       2
   0.59958316237277864            2       2       2       2
   0.60676401109359235            3       3       2       2
   0.60676401109359235            4       4       2       2
   0.60676401109359235            5       5       2       2
   0.53452853034548393E-001       3       1       3       2
   0.14186027297993736            3       2       3       2
   0.54262939305922547E-002       1       3       3       2
   0.12613320079417750            2       3       3       2
   0.53452853034548373E-001       4       1       4       2
   0.14186027297993736            4       2       4       2
   0.54262939305922409E-002       1       4       4       2
   0.12613320079417747            2       4       4       2
   0.53452853034548352E-001       5       1       5       2
   0.14186027297993734            5       2       5       2
   0.54262939305922374E-002       1       5       5       2
   0.12613320079417747            2       5       5       2
   0.21605817503469033E-001       3       1       1       3
   0.54262939305922547E-002       3       2       1       3
   0.54333615305282648E-002       1       3       1       3
   0.30725375930137806E-002       2       3       1       3
   0.51099096696969923E-001       3       1       2       3
   0.12613320079417750            3       2       2       3
   0.30725375930137806E-002       1       3       2       3
   0.11040612860841767            2       3       2       3
   0.84684354559259878            1       1       3       3
   0.41454023019202191E-002       2       1       3       3
  -0.26731030521462647E-001       1       2       3       3
   0.60676401109359235            2       2       3       3
   0.66289871098531117            3       3       3       3
   0.59395689089623871            4       4       3       3
   0.59395689089623882            5       5       3       3
   0.34472374439216739E-001       4       3       4       3
   0.34472374439216746E-001       3       4       4       3
   0.34472374439216739E-001       5       3       5       3
   0.34472374439216746E-001       3       5       5       3
   0.21605817503469044E-001       4       1       1       4
   0.54262939305922409E-002       4       2       1       4
   0.54333615305283030E-002       1       4       1       4
   0.30725375930137702E-002       2       4       1       4
   0.51099096696969895E-001       4       1       2       4
   0.12613320079417747            4       2       2       4
   0.30725375930137702E-002       1       4       2       4
   0.11040612860841761            2       4       2       4
   0.34472374439216746E-001       4       3       3       4
   0.34472374439216746E-001       3       4       3       4
   0.84684354559259878            1       1       4       4
   0.41454023019201931E-002       2       1       4       4
  -0.26731030521462647E-001       1       2       4       4
   0.60676401109359235            2       2       4       4
   0.59395689089623871            3       3       4       4
   0.66289871098531117            4       4       4       4
   0.59395689089623882            5       5       4       4
   0.34472374439216739E-001       5       4       5       4
   0.34472374439216746E-001       4       5       5       4
   0.21605817503469057E-001       5       1       1       5
   0.54262939305922374E-002       5       2       1       5
   0.54333615305283307E-002       1       5       1       5
   0.30725375930137667E-002       2       5       1       5
   0.51099096696969881E-001       5       1       2       5
   0.12613320079417747            5       2       2       5
   0.30725375930137667E-002       1       5       2       5
   0.11040612860841759            2       5       2       5
   0.34472374439216746E-001       5       3       3       5
   0.34472374439216746E-001       3       5       3       5
   0.34472374439216746E-001       5       4       4       5
   0.34472374439216746E-001       4       5       4       5
   0.84684354559259878            1       1       5       5
   0.41454023019201862E-002       2       1       5       5
  -0.26731030521462633E-001       1       2       5       5
   0.60676401109359235            2       2       5       5
   0.59395689089623882            3       3       5       5
   0.59395689089623882            4       4       5       5
   0.66289871098531128            5       5       5       5
   -17.929764903982399            1       1       0       0
   0.44836217760487557            1       2       0       0
   0.44836217760487557            2       1       0       0
   -3.9731983439421796            2       2       0       0
   -3.6807327564301353            3       3       0       0
   -3.6807327564301353            4       4       0       0
   -3.6807327564301353            5       5       0       0
    0.0000000000000000            0       0       0       0
