&FCI
 NORB=5,
 NELEC=6,
 MS2=2,
 ISYM=1,
 ORBSYM=1,1,1,1,1,
 ST=1,
 III=1,
 OCC=4,
 CLOSED=2,
 /
    3.4707729124322850            1       1       1       1
  -0.46041506168092516            2       1       1       1
  -0.27898701830358175            1       2       1       1
   0.85874290305871426            2       2       1       1
   0.84714181530023580            3       3       1       1
   0.84714181530023580            4       4       1       1
   0.84714181530023580            5       5       1       1
  -0.46041506168092516            1       1       2       1
   0.96773320777998773E-001       2       1       2       1
   0.63601904618423855E-001       1       2       2       1
  -0.59036605876561579E-002       2       2       2       1
   0.39624594622381017E-002       3       3       2       1
   0.39624594622381260E-002       4       4       2       1
   0.39624594622381399E-002       5       5       2       1
   0.37258273983754073E-001       3       1       3       1
   0.51897604315073911E-001       3       2       3       1
   0.21602281453267431E-001       1       3       3       1
   0.49683032323171082E-001       2       3       3       1
   0.37258273983754080E-001       4       1       4       1
   0.51897604315073911E-001       4       2       4       1
   0.21602281453267431E-001       1       4       4       1
   0.49683032323171089E-001       2       4       4       1
   0.37258273983754066E-001       5       1       5       1
   0.51897604315073897E-001       5       2       5       1
   0.21602281453267418E-001       1       5       5       1
   0.49683032323171075E-001       2       5       5       1
  -0.27898701830358175            1       1       1       2
   0.63601904618423855E-001       2       1       1       2
   0.30430488458848944E-001       1       2       1       2
  -0.33703007193015500E-001       2       2       1       2
  -0.26510874632102676E-001       3       3       1       2
  -0.26510874632102697E-001       4       4       1       2
  -0.26510874632102718E-001       5       5       1       2
   0.85874290305871426            1       1       2       2
  -0.59036605876561579E-002       2       1       2       2
  -0.33703007193015500E-001       1       2       2       2
   0.59981859119621717            2       2       2       2
   0.60701326554134039            3       3       2       2
   0.60701326554134039            4       4       2       2
   0.60701326554134039            5       5       2       2
   0.51897604315073911E-001       3       1       3       2
   0.14120881228431828            3       2       3       2
   0.68836132780625871E-002       1       3       3       2
   0.12623413685521179            2       3       3       2
   0.51897604315073911E-001       4       1       4       2
   0.14120881228431825            4       2       4       2
   0.68836132780625697E-002       1       4       4       2
   0.12623413685521176            2       4       4       2
   0.51897604315073897E-001       5       1       5       2
   0.14120881228431825            5       2       5       2
   0.68836132780625524E-002       1       5       5       2
   0.12623413685521176            2       5       5       2
   0.21602281453267431E-001       3       1       1       3
   0.68836132780625871E-002       3       2       1       3
   0.59462889227807902E-002       1       3       1       3
   0.46690412861597613E-002       2       3       1       3
   0.49683032323171082E-001       3       1       2       3
   0.12623413685521179            3       2       2       3
   0.46690412861597613E-002       1       3       2       3
   0.11125946142610529            2       3       2       3
   0.84714181530023580            1       1       3       3
   0.39624594622381017E-002       2       1       3       3
  -0.26510874632102676E-001       1       2       3       3
   0.60701326554134039            2       2       3       3
   0.66318384998569613            3       3       3       3
   0.59420695687488190            4       4       3       3
   0.59420695687488201            5       5       3       3
   0.34489893202831426E-001       4       3       4       3
   0.34489893202831426E-001       3       4       4       3
   0.34489893202831426E-001       5       3       5       3
   0.34489893202831426E-001       3       5       5       3
   0.21602281453267431E-001       4       1       1       4
   0.68836132780625697E-002       4       2       1       4
   0.59462889227807833E-002       1       4       1       4
   0.46690412861597440E-002       2       4       1       4
   0.49683032323171089E-001       4       1       2       4
   0.12623413685521176            4       2       2       4
   0.46690412861597440E-002       1       4       2       4
   0.11125946142610528            2       4       2       4
   0.34489893202831426E-001       4       3       3       4
   0.34489893202831426E-001       3       4       3       4
   0.84714181530023580            1       1       4       4
   0.39624594622381260E-002       2       1       4       4
  -0.26510874632102697E-001       1       2       4       4
   0.60701326554134039            2       2       4       4
   0.59420695687488190            3       3       4       4
   0.66318384998569613            4       4       4       4
   0.59420695687488201            5       5       4       4
   0.34489893202831426E-001       5       4       5       4
   0.34489893202831426E-001       4       5       5       4
   0.21602281453267418E-001       5       1       1       5
   0.68836132780625524E-002       5       2       1       5
   0.59462889227807694E-002       1       5       1       5
   0.46690412861597301E-002       2       5       1       5
   0.49683032323171075E-001       5       1       2       5
   0.12623413685521176            5       2       2       5
   0.46690412861597301E-002       1       5       2       5
   0.11125946142610527            2       5       2       5
   0.34489893202831426E-001       5       3       3       5
   0.34489893202831426E-001       3       5       3       5
   0.34489893202831426E-001       5       4       4       5
   0.34489893202831419E-001       4       5       4       5
   0.84714181530023580            1       1       5       5
   0.39624594622381399E-002       2       1       5       5
  -0.26510874632102718E-001       1       2       5       5
   0.60701326554134039            2       2       5       5
   0.59420695687488201            3       3       5       5
   0.59420695687488201            4       4       5       5
   0.66318384998569624            5       5       5       5
   -17.929764903982399            1       1       0       0
   0.44836217760487557            1       2       0       0
   0.44836217760487557            2       1       0       0
   -3.9731983439421796            2       2       0       0
   -3.6807327564301353            3       3       0       0
   -3.6807327564301353            4       4       0       0
   -3.6807327564301353            5       5       0       0
    0.0000000000000000            0       0       0       0
