&FCI
 NORB=5,
 NELEC=6,
 MS2=2,
 ISYM=1,
 ORBSYM=1,1,1,1,1,
 ST=1,
 III=1,
 OCC=4,
 CLOSED=2,
 /
    3.4709661514152237            1       1       1       1
  -0.46035236662124984            2       1       1       1
  -0.27914986884100934            1       2       1       1
   0.85872953601875068            2       2       1       1
   0.84711711479791674            3       3       1       1
   0.84711711479791674            4       4       1       1
   0.84711711479791674            5       5       1       1
  -0.46035236662124984            1       1       2       1
   0.96658633482155726E-001       2       1       2       1
   0.63611171231714225E-001       1       2       2       1
  -0.57403518281494859E-002       2       2       2       1
   0.40931698342273667E-002       3       3       2       1
   0.40931698342273528E-002       4       4       2       1
   0.40931698342273424E-002       5       5       2       1
   0.37250701790816888E-001       3       1       3       1
   0.51611284866674600E-001       3       2       3       1
   0.21600040672291525E-001       1       3       3       1
   0.49420649979045495E-001       2       3       3       1
   0.37250701790816888E-001       4       1       4       1
   0.51611284866674614E-001       4       2       4       1
   0.21600040672291519E-001       1       4       4       1
   0.49420649979045508E-001       2       4       4       1
   0.37250701790816888E-001       5       1       5       1
   0.51611284866674635E-001       5       2       5       1
   0.21600040672291515E-001       1       5       5       1
   0.49420649979045522E-001       2       5       5       1
  -0.27914986884100934            1       1       1       2
   0.63611171231714225E-001       2       1       1       2
   0.30563708981272704E-001       1       2       1       2
  -0.33856459676705503E-001       2       2       1       2
  -0.26629736238544047E-001       3       3       1       2
  -0.26629736238544040E-001       4       4       1       2
  -0.26629736238544022E-001       5       5       1       2
   0.85872953601875068            1       1       2       2
  -0.57403518281494859E-002       2       1       2       2
  -0.33856459676705503E-001       1       2       2       2
   0.59984029057272681            2       2       2       2
   0.60703511296903778            3       3       2       2
   0.60703511296903778            4       4       2       2
   0.60703511296903778            5       5       2       2
   0.51611284866674600E-001       3       1       3       2
   0.14103335570831899            3       2       3       2
   0.71436614420449587E-002       1       3       3       2
   0.12624026598464777            2       3       3       2
   0.51611284866674614E-001       4       1       4       2
   0.14103335570831901            4       2       4       2
   0.71436614420449414E-002       1       4       4       2
   0.12624026598464780            2       4       4       2
   0.51611284866674635E-001       5       1       5       2
   0.14103335570831901            5       2       5       2
   0.71436614420449344E-002       1       5       5       2
   0.12624026598464780            2       5       5       2
   0.21600040672291525E-001       3       1       1       3
   0.71436614420449587E-002       3       2       1       3
   0.59493795537661660E-002       1       3       1       3
   0.49530265544158458E-002       2       3       1       3
   0.49420649979045495E-001       3       1       2       3
   0.12624026598464777            3       2       2       3
   0.49530265544158458E-002       1       3       2       3
   0.11144717626097655            2       3       2       3
   0.84711711479791674            1       1       3       3
   0.40931698342273667E-002       2       1       3       3
  -0.26629736238544047E-001       1       2       3       3
   0.60703511296903778            2       2       3       3
   0.66320345338568165            3       3       3       3
   0.59422976083471668            4       4       3       3
   0.59422976083471679            5       5       3       3
   0.34488310750311210E-001       4       3       4       3
   0.34488310750311210E-001       3       4       4       3
   0.34488310750311210E-001       5       3       5       3
   0.34488310750311210E-001       3       5       5       3
   0.21600040672291519E-001       4       1       1       4
   0.71436614420449414E-002       4       2       1       4
   0.59493795537661452E-002       1       4       1       4
   0.49530265544158285E-002       2       4       1       4
   0.49420649979045508E-001       4       1       2       4
   0.12624026598464780            4       2       2       4
   0.49530265544158285E-002       1       4       2       4
   0.11144717626097658            2       4       2       4
   0.34488310750311210E-001       4       3       3       4
   0.34488310750311210E-001       3       4       3       4
   0.84711711479791674            1       1       4       4
   0.40931698342273528E-002       2       1       4       4
  -0.26629736238544040E-001       1       2       4       4
   0.60703511296903778            2       2       4       4
   0.59422976083471668            3       3       4       4
   0.66320345338568165            4       4       4       4
   0.59422976083471679            5       5       4       4
   0.34488310750311210E-001       5       4       5       4
   0.34488310750311210E-001       4       5       5       4
   0.21600040672291515E-001       5       1       1       5
   0.71436614420449344E-002       5       2       1       5
   0.59493795537661417E-002       1       5       1       5
   0.49530265544158215E-002       2       5       1       5
   0.49420649979045522E-001       5       1       2       5
   0.12624026598464780            5       2       2       5
   0.49530265544158215E-002       1       5       2       5
   0.11144717626097658            2       5       2       5
   0.34488310750311210E-001       5       3       3       5
   0.34488310750311210E-001       3       5       3       5
   0.34488310750311210E-001       5       4       4       5
   0.34488310750311210E-001       4       5       4       5
   0.84711711479791674            1       1       5       5
   0.40931698342273424E-002       2       1       5       5
  -0.26629736238544022E-001       1       2       5       5
   0.60703511296903778            2       2       5       5
   0.59422976083471679            3       3       5       5
   0.59422976083471679            4       4       5       5
   0.66320345338568176            5       5       5       5
   -17.929764903982399            1       1       0       0
   0.44836217760487557            1       2       0       0
   0.44836217760487557            2       1       0       0
   -3.9731983439421796            2       2       0       0
   -3.6807327564301353            3       3       0       0
   -3.6807327564301353            4       4       0       0
   -3.6807327564301353            5       5       0       0
    0.0000000000000000            0       0       0       0
