&FCI
 NORB=5,
 NELEC=6,
 MS2=2,
 ISYM=1,
 ORBSYM=1,1,1,1,1,
 ST=1,
 III=1,
 OCC=4,
 CLOSED=2,
 /
    3.4710607292070863            1       1       1       1
  -0.46008175426964965            2       1       1       1
  -0.27943389255049927            1       2       1       1
   0.85876852275431570            2       2       1       1
   0.84715644389861366            3       3       1       1
   0.84715644389861366            4       4       1       1
   0.84715644389861366            5       5       1       1
  -0.46008175426964965            1       1       2       1
   0.96563190129401205E-001       2       1       2       1
   0.63614950582651236E-001       1       2       2       1
  -0.59305489518539940E-002       2       2       2       1
   0.39102925009290197E-002       3       3       2       1
   0.39102925009290128E-002       4       4       2       1
   0.39102925009290145E-002       5       5       2       1
   0.37278469371997150E-001       3       1       3       1
   0.51820034058571142E-001       3       2       3       1
   0.21606635651737607E-001       1       3       3       1
   0.49612386260090340E-001       2       3       3       1
   0.37278469371997143E-001       4       1       4       1
   0.51820034058571142E-001       4       2       4       1
   0.21606635651737604E-001       1       4       4       1
   0.49612386260090340E-001       2       4       4       1
   0.37278469371997136E-001       5       1       5       1
   0.51820034058571149E-001       5       2       5       1
   0.21606635651737593E-001       1       5       5       1
   0.49612386260090346E-001       2       5       5       1
  -0.27943389255049927            1       1       1       2
   0.63614950582651236E-001       2       1       1       2
   0.30666711035901267E-001       1       2       1       2
  -0.33657492025548727E-001       2       2       1       2
  -0.26435815824498009E-001       3       3       1       2
  -0.26435815824498020E-001       4       4       1       2
  -0.26435815824498023E-001       5       5       1       2
   0.85876852275431570            1       1       2       2
  -0.59305489518539940E-002       2       1       2       2
  -0.33657492025548727E-001       1       2       2       2
   0.59992634899899955            2       2       2       2
   0.60712023952997130            3       3       2       2
   0.60712023952997130            4       4       2       2
   0.60712023952997130            5       5       2       2
   0.51820034058571142E-001       3       1       3       2
   0.14128979832902508            3       2       3       2
   0.69856018954599294E-002       1       3       3       2
   0.12631416813159041            2       3       3       2
   0.51820034058571142E-001       4       1       4       2
   0.14128979832902508            4       2       4       2
   0.69856018954599017E-002       1       4       4       2
   0.12631416813159041            2       4       4       2
   0.51820034058571149E-001       5       1       5       2
   0.14128979832902508            5       2       5       2
   0.69856018954599017E-002       1       5       5       2
   0.12631416813159041            2       5       5       2
   0.21606635651737607E-001       3       1       1       3
   0.69856018954599294E-002       3       2       1       3
   0.59348019314780683E-002       1       3       1       3
   0.47779540969791270E-002       2       3       1       3
   0.49612386260090340E-001       3       1       2       3
   0.12631416813159041            3       2       2       3
   0.47779540969791270E-002       1       3       2       3
   0.11133853793415577            2       3       2       3
   0.84715644389861366            1       1       3       3
   0.39102925009290197E-002       2       1       3       3
  -0.26435815824498009E-001       1       2       3       3
   0.60712023952997130            2       2       3       3
   0.66333482236706642            3       3       3       3
   0.59429133532073641            4       4       3       3
   0.59429133532073652            5       5       3       3
   0.34523183778566460E-001       4       3       4       3
   0.34523183778566460E-001       3       4       4       3
   0.34523183778566460E-001       5       3       5       3
   0.34523183778566460E-001       3       5       5       3
   0.21606635651737604E-001       4       1       1       4
   0.69856018954599017E-002       4       2       1       4
   0.59348019314780683E-002       1       4       1       4
   0.47779540969790993E-002       2       4       1       4
   0.49612386260090340E-001       4       1       2       4
   0.12631416813159041            4       2       2       4
   0.47779540969790993E-002       1       4       2       4
   0.11133853793415577            2       4       2       4
   0.34523183778566460E-001       4       3       3       4
   0.34523183778566460E-001       3       4       3       4
   0.84715644389861366            1       1       4       4
   0.39102925009290128E-002       2       1       4       4
  -0.26435815824498020E-001       1       2       4       4
   0.60712023952997130            2       2       4       4
   0.59429133532073641            3       3       4       4
   0.66333482236706642            4       4       4       4
   0.59429133532073652            5       5       4       4
   0.34523183778566460E-001       5       4       5       4
   0.34523183778566460E-001       4       5       5       4
   0.21606635651737593E-001       5       1       1       5
   0.69856018954599017E-002       5       2       1       5
   0.59348019314780509E-002       1       5       1       5
   0.47779540969790958E-002       2       5       1       5
   0.49612386260090346E-001       5       1       2       5
   0.12631416813159041            5       2       2       5
   0.47779540969790958E-002       1       5       2       5
   0.11133853793415575            2       5       2       5
   0.34523183778566460E-001       5       3       3       5
   0.34523183778566453E-001       3       5       3       5
   0.34523183778566460E-001       5       4       4       5
   0.34523183778566453E-001       4       5       4       5
   0.84715644389861366            1       1       5       5
   0.39102925009290145E-002       2       1       5       5
  -0.26435815824498023E-001       1       2       5       5
   0.60712023952997130            2       2       5       5
   0.59429133532073652            3       3       5       5
   0.59429133532073652            4       4       5       5
   0.66333482236706653            5       5       5       5
   -17.929764903982399            1       1       0       0
   0.44836217760487557            1       2       0       0
   0.44836217760487557            2       1       0       0
   -3.9731983439421796            2       2       0       0
   -3.6807327564301353            3       3       0       0
   -3.6807327564301353            4       4       0       0
   -3.6807327564301353            5       5       0       0
    0.0000000000000000            0       0       0       0
