&FCI
 NORB=5,
 NELEC=6,
 MS2=2,
 ISYM=1,
 ORBSYM=1,1,1,1,1,
 ST=1,
 III=1,
 OCC=4,
 CLOSED=2,
 /
    3.4708151270077727            1       1       1       1
  -0.46071072770246313            2       1       1       1
  -0.27873341979946353            1       2       1       1
   0.85873338022509138            2       2       1       1
   0.84712513582882232            3       3       1       1
   0.84712513582882232            4       4       1       1
   0.84712513582882232            5       5       1       1
  -0.46071072770246313            1       1       2       1
   0.96745584958108449E-001       2       1       2       1
   0.63605995947265459E-001       1       2       2       1
  -0.56563853626197952E-002       2       2       2       1
   0.41685479483969234E-002       3       3       2       1
   0.41685479483969234E-002       4       4       2       1
   0.41685479483969338E-002       5       5       2       1
   0.37219516315357803E-001       3       1       3       1
   0.51711223122354086E-001       3       2       3       1
   0.21600275091544177E-001       1       3       3       1
   0.49513807267568877E-001       2       3       3       1
   0.37219516315357803E-001       4       1       4       1
   0.51711223122354058E-001       4       2       4       1
   0.21600275091544177E-001       1       4       4       1
   0.49513807267568835E-001       2       4       4       1
   0.37219516315357803E-001       5       1       5       1
   0.51711223122354058E-001       5       2       5       1
   0.21600275091544177E-001       1       5       5       1
   0.49513807267568842E-001       2       5       5       1
  -0.27873341979946353            1       1       1       2
   0.63605995947265459E-001       2       1       1       2
   0.30466406936422483E-001       1       2       1       2
  -0.33945861822008719E-001       2       2       1       2
  -0.26711499067215493E-001       3       3       1       2
  -0.26711499067215511E-001       4       4       1       2
  -0.26711499067215504E-001       5       5       1       2
   0.85873338022509138            1       1       2       2
  -0.56563853626197952E-002       2       1       2       2
  -0.33945861822008719E-001       1       2       2       2
   0.59978952262880703            2       2       2       2
   0.60698657168338843            3       3       2       2
   0.60698657168338843            4       4       2       2
   0.60698657168338843            5       5       2       2
   0.51711223122354086E-001       3       1       3       2
   0.14115217388497392            3       2       3       2
   0.70482907609746431E-002       1       3       3       2
   0.12620901634964748            2       3       3       2
   0.51711223122354058E-001       4       1       4       2
   0.14115217388497389            4       2       4       2
   0.70482907609746327E-002       1       4       4       2
   0.12620901634964746            2       4       4       2
   0.51711223122354058E-001       5       1       5       2
   0.14115217388497392            5       2       5       2
   0.70482907609746223E-002       1       5       5       2
   0.12620901634964748            2       5       5       2
   0.21600275091544177E-001       3       1       1       3
   0.70482907609746431E-002       3       2       1       3
   0.59810338677305473E-002       1       3       1       3
   0.48508749061894271E-002       2       3       1       3
   0.49513807267568877E-001       3       1       2       3
   0.12620901634964748            3       2       2       3
   0.48508749061894271E-002       1       3       2       3
   0.11126585881432106            2       3       2       3
   0.84712513582882232            1       1       3       3
   0.41685479483969234E-002       2       1       3       3
  -0.26711499067215493E-001       1       2       3       3
   0.60698657168338843            2       2       3       3
   0.66315598351438299            3       3       3       3
   0.59418386327597494            4       4       3       3
   0.59418386327597505            5       5       3       3
   0.34487509100048254E-001       4       3       4       3
   0.34487509100048247E-001       3       4       4       3
   0.34487509100048254E-001       5       3       5       3
   0.34487509100048247E-001       3       5       5       3
   0.21600275091544177E-001       4       1       1       4
   0.70482907609746327E-002       4       2       1       4
   0.59810338677305543E-002       1       4       1       4
   0.48508749061894167E-002       2       4       1       4
   0.49513807267568835E-001       4       1       2       4
   0.12620901634964746            4       2       2       4
   0.48508749061894167E-002       1       4       2       4
   0.11126585881432104            2       4       2       4
   0.34487509100048247E-001       4       3       3       4
   0.34487509100048247E-001       3       4       3       4
   0.84712513582882232            1       1       4       4
   0.41685479483969234E-002       2       1       4       4
  -0.26711499067215511E-001       1       2       4       4
   0.60698657168338843            2       2       4       4
   0.59418386327597494            3       3       4       4
   0.66315598351438299            4       4       4       4
   0.59418386327597505            5       5       4       4
   0.34487509100048254E-001       5       4       5       4
   0.34487509100048247E-001       4       5       5       4
   0.21600275091544177E-001       5       1       1       5
   0.70482907609746223E-002       5       2       1       5
   0.59810338677305508E-002       1       5       1       5
   0.48508749061894063E-002       2       5       1       5
   0.49513807267568842E-001       5       1       2       5
   0.12620901634964748            5       2       2       5
   0.48508749061894063E-002       1       5       2       5
   0.11126585881432105            2       5       2       5
   0.34487509100048247E-001       5       3       3       5
   0.34487509100048247E-001       3       5       3       5
   0.34487509100048247E-001       5       4       4       5
   0.34487509100048247E-001       4       5       4       5
   0.84712513582882232            1       1       5       5
   0.41685479483969338E-002       2       1       5       5
  -0.26711499067215504E-001       1       2       5       5
   0.60698657168338843            2       2       5       5
   0.59418386327597505            3       3       5       5
   0.59418386327597505            4       4       5       5
   0.66315598351438310            5       5       5       5
   -17.929764903982399            1       1       0       0
   0.44836217760487557            1       2       0       0
   0.44836217760487557            2       1       0       0
   -3.9731983439421796            2       2       0       0
   -3.6807327564301353            3       3       0       0
   -3.6807327564301353            4       4       0       0
   -3.6807327564301353            5       5       0       0
    0.0000000000000000            0       0       0       0
