&FCI
 NORB=5,
 NELEC=6,
 MS2=2,
 ISYM=1,
 ORBSYM=1,1,1,1,1,
 ST=1,
 III=1,
 OCC=4,
 CLOSED=2,
 /
    3.4708777552116628            1       1       1       1
  -0.45981540547319777            2       1       1       1
  -0.27957697525200398            1       2       1       1
   0.85882271868139215            2       2       1       1
   0.84722564696839386            3       3       1       1
   0.84722564696839386            4       4       1       1
   0.84722564696839386            5       5       1       1
  -0.45981540547319777            1       1       2       1
   0.96676533480213489E-001       2       1       2       1
   0.63598945273865046E-001       1       2       2       1
  -0.59621270261525257E-002       2       2       2       1
   0.39225465371540095E-002       3       3       2       1
   0.39225465371540199E-002       4       4       2       1
   0.39225465371540234E-002       5       5       2       1
   0.37173339657301858E-001       3       1       3       1
   0.51669416774682730E-001       3       2       3       1
   0.21601613073472206E-001       1       3       3       1
   0.49474759317947578E-001       2       3       3       1
   0.37173339657301858E-001       4       1       4       1
   0.51669416774682703E-001       4       2       4       1
   0.21601613073472217E-001       1       4       4       1
   0.49474759317947550E-001       2       4       4       1
   0.37173339657301879E-001       5       1       5       1
   0.51669416774682689E-001       5       2       5       1
   0.21601613073472220E-001       1       5       5       1
   0.49474759317947536E-001       2       5       5       1
  -0.27957697525200398            1       1       1       2
   0.63598945273865046E-001       2       1       1       2
   0.30521357067516602E-001       1       2       1       2
  -0.33639894166378762E-001       2       2       1       2
  -0.26468897775833861E-001       3       3       1       2
  -0.26468897775833847E-001       4       4       1       2
  -0.26468897775833816E-001       5       5       1       2
   0.85882271868139215            1       1       2       2
  -0.59621270261525257E-002       2       1       2       2
  -0.33639894166378762E-001       1       2       2       2
   0.59989631382047970            2       2       2       2
   0.60709230140481363            3       3       2       2
   0.60709230140481374            4       4       2       2
   0.60709230140481374            5       5       2       2
   0.51669416774682730E-001       3       1       3       2
   0.14109544117168968            3       2       3       2
   0.71004051122713074E-002       1       3       3       2
   0.12624601287472509            2       3       3       2
   0.51669416774682703E-001       4       1       4       2
   0.14109544117168968            4       2       4       2
   0.71004051122713040E-002       1       4       4       2
   0.12624601287472512            2       4       4       2
   0.51669416774682689E-001       5       1       5       2
   0.14109544117168968            5       2       5       2
   0.71004051122712936E-002       1       5       5       2
   0.12624601287472512            2       5       5       2
   0.21601613073472206E-001       3       1       1       3
   0.71004051122713074E-002       3       2       1       3
   0.60298864896425539E-002       1       3       1       3
   0.49057476555361551E-002       2       3       1       3
   0.49474759317947578E-001       3       1       2       3
   0.12624601287472509            3       2       2       3
   0.49057476555361551E-002       1       3       2       3
   0.11139658457776050            2       3       2       3
   0.84722564696839386            1       1       3       3
   0.39225465371540095E-002       2       1       3       3
  -0.26468897775833861E-001       1       2       3       3
   0.60709230140481363            2       2       3       3
   0.66326358009187114            3       3       3       3
   0.59428692325312726            4       4       3       3
   0.59428692325312737            5       5       3       3
   0.34489779912128461E-001       4       3       4       3
   0.34489779912128461E-001       3       4       4       3
   0.34489779912128461E-001       5       3       5       3
   0.34489779912128461E-001       3       5       5       3
   0.21601613073472217E-001       4       1       1       4
   0.71004051122713040E-002       4       2       1       4
   0.60298864896425781E-002       1       4       1       4
   0.49057476555361516E-002       2       4       1       4
   0.49474759317947550E-001       4       1       2       4
   0.12624601287472512            4       2       2       4
   0.49057476555361516E-002       1       4       2       4
   0.11139658457776054            2       4       2       4
   0.34489779912128461E-001       4       3       3       4
   0.34489779912128461E-001       3       4       3       4
   0.84722564696839386            1       1       4       4
   0.39225465371540199E-002       2       1       4       4
  -0.26468897775833847E-001       1       2       4       4
   0.60709230140481374            2       2       4       4
   0.59428692325312726            3       3       4       4
   0.66326358009187114            4       4       4       4
   0.59428692325312737            5       5       4       4
   0.34489779912128461E-001       5       4       5       4
   0.34489779912128461E-001       4       5       5       4
   0.21601613073472220E-001       5       1       1       5
   0.71004051122712936E-002       5       2       1       5
   0.60298864896425643E-002       1       5       1       5
   0.49057476555361412E-002       2       5       1       5
   0.49474759317947536E-001       5       1       2       5
   0.12624601287472512            5       2       2       5
   0.49057476555361412E-002       1       5       2       5
   0.11139658457776054            2       5       2       5
   0.34489779912128461E-001       5       3       3       5
   0.34489779912128461E-001       3       5       3       5
   0.34489779912128461E-001       5       4       4       5
   0.34489779912128461E-001       4       5       4       5
   0.84722564696839386            1       1       5       5
   0.39225465371540234E-002       2       1       5       5
  -0.26468897775833816E-001       1       2       5       5
   0.60709230140481374            2       2       5       5
   0.59428692325312737            3       3       5       5
   0.59428692325312737            4       4       5       5
   0.66326358009187125            5       5       5       5
   -17.929764903982399            1       1       0       0
   0.44836217760487557            1       2       0       0
   0.44836217760487557            2       1       0       0
   -3.9731983439421796            2       2       0       0
   -3.6807327564301353            3       3       0       0
   -3.6807327564301353            4       4       0       0
   -3.6807327564301353            5       5       0       0
    0.0000000000000000            0       0       0       0
