&FCI
 NORB=5,
 NELEC=6,
 MS2=2,
 ISYM=1,
 ORBSYM=1,1,1,1,1,
 ST=1,
 III=1,
 OCC=4,
 CLOSED=2,
 /
    3.4709593488203594            1       1       1       1
  -0.46041434842549078            2       1       1       1
  -0.27907460774441123            1       2       1       1
   0.85875840156952210            2       2       1       1
   0.84714688050268050            3       3       1       1
   0.84714688050268050            4       4       1       1
   0.84714688050268050            5       5       1       1
  -0.46041434842549078            1       1       2       1
   0.96688958643816672E-001       2       1       2       1
   0.63608929176915144E-001       1       2       2       1
  -0.57568312591824954E-002       2       2       2       1
   0.40807660955955814E-002       3       3       2       1
   0.40807660955955848E-002       4       4       2       1
   0.40807660955955779E-002       5       5       2       1
   0.37234465780229931E-001       3       1       3       1
   0.51885395602676097E-001       3       2       3       1
   0.21599064737232960E-001       1       3       3       1
   0.49673133209296852E-001       2       3       3       1
   0.37234465780229924E-001       4       1       4       1
   0.51885395602676118E-001       4       2       4       1
   0.21599064737232956E-001       1       4       4       1
   0.49673133209296866E-001       2       4       4       1
   0.37234465780229917E-001       5       1       5       1
   0.51885395602676104E-001       5       2       5       1
   0.21599064737232963E-001       1       5       5       1
   0.49673133209296852E-001       2       5       5       1
  -0.27907460774441123            1       1       1       2
   0.63608929176915144E-001       2       1       1       2
   0.30528899710013616E-001       1       2       1       2
  -0.33860119414903564E-001       2       2       1       2
  -0.26637496278188864E-001       3       3       1       2
  -0.26637496278188885E-001       4       4       1       2
  -0.26637496278188892E-001       5       5       1       2
   0.85875840156952210            1       1       2       2
  -0.57568312591824954E-002       2       1       2       2
  -0.33860119414903564E-001       1       2       2       2
   0.59980298032586621            2       2       2       2
   0.60699716608787646            3       3       2       2
   0.60699716608787646            4       4       2       2
   0.60699716608787646            5       5       2       2
   0.51885395602676097E-001       3       1       3       2
   0.14129379306338705            3       2       3       2
   0.68840874028144039E-002       1       3       3       2
   0.12621877430069750            2       3       3       2
   0.51885395602676118E-001       4       1       4       2
   0.14129379306338702            4       2       4       2
   0.68840874028143935E-002       1       4       4       2
   0.12621877430069747            2       4       4       2
   0.51885395602676104E-001       5       1       5       2
   0.14129379306338702            5       2       5       2
   0.68840874028143935E-002       1       5       5       2
   0.12621877430069747            2       5       5       2
   0.21599064737232960E-001       3       1       1       3
   0.68840874028144039E-002       3       2       1       3
   0.59636636942359891E-002       1       3       1       3
   0.46718250094351550E-002       2       3       1       3
   0.49673133209296852E-001       3       1       2       3
   0.12621877430069750            3       2       2       3
   0.46718250094351550E-002       1       3       2       3
   0.11114375553800798            2       3       2       3
   0.84714688050268050            1       1       3       3
   0.40807660955955814E-002       2       1       3       3
  -0.26637496278188864E-001       1       2       3       3
   0.60699716608787646            2       2       3       3
   0.66315736425655336            3       3       3       3
   0.59419506813462519            4       4       3       3
   0.59419506813462530            5       5       3       3
   0.34482623310416217E-001       4       3       4       3
   0.34482623310416217E-001       3       4       4       3
   0.34482623310416217E-001       5       3       5       3
   0.34482623310416217E-001       3       5       5       3
   0.21599064737232956E-001       4       1       1       4
   0.68840874028143935E-002       4       2       1       4
   0.59636636942359926E-002       1       4       1       4
   0.46718250094351446E-002       2       4       1       4
   0.49673133209296866E-001       4       1       2       4
   0.12621877430069747            4       2       2       4
   0.46718250094351446E-002       1       4       2       4
   0.11114375553800793            2       4       2       4
   0.34482623310416217E-001       4       3       3       4
   0.34482623310416217E-001       3       4       3       4
   0.84714688050268050            1       1       4       4
   0.40807660955955848E-002       2       1       4       4
  -0.26637496278188885E-001       1       2       4       4
   0.60699716608787646            2       2       4       4
   0.59419506813462519            3       3       4       4
   0.66315736425655336            4       4       4       4
   0.59419506813462530            5       5       4       4
   0.34482623310416217E-001       5       4       5       4
   0.34482623310416217E-001       4       5       5       4
   0.21599064737232963E-001       5       1       1       5
   0.68840874028143935E-002       5       2       1       5
   0.59636636942360134E-002       1       5       1       5
   0.46718250094351446E-002       2       5       1       5
   0.49673133209296852E-001       5       1       2       5
   0.12621877430069747            5       2       2       5
   0.46718250094351446E-002       1       5       2       5
   0.11114375553800791            2       5       2       5
   0.34482623310416217E-001       5       3       3       5
   0.34482623310416217E-001       3       5       3       5
   0.34482623310416217E-001       5       4       4       5
   0.34482623310416217E-001       4       5       4       5
   0.84714688050268050            1       1       5       5
   0.40807660955955779E-002       2       1       5       5
  -0.26637496278188892E-001       1       2       5       5
   0.60699716608787646            2       2       5       5
   0.59419506813462530            3       3       5       5
   0.59419506813462530            4       4       5       5
   0.66315736425655347            5       5       5       5
   -17.929764903982399            1       1       0       0
   0.44836217760487557            1       2       0       0
   0.44836217760487557            2       1       0       0
   -3.9731983439421796            2       2       0       0
   -3.6807327564301353            3       3       0       0
   -3.6807327564301353            4       4       0       0
   -3.6807327564301353            5       5       0       0
    0.0000000000000000            0       0       0       0
