&FCI
 NORB=5,
 NELEC=6,
 MS2=2,
 ISYM=1,
 ORBSYM=1,1,1,1,1,
 ST=1,
 III=1,
 OCC=4,
 CLOSED=2,
 /
    3.4714382333377598            1       1       1       1
  -0.45918101411150297            2       1       1       1
  -0.28042321924131464            1       2       1       1
   0.85872187135678379            2       2       1       1
   0.84711574046555016            3       3       1       1
   0.84711574046555016            4       4       1       1
   0.84711574046555016            5       5       1       1
  -0.45918101411150297            1       1       2       1
   0.96248927035863227E-001       2       1       2       1
   0.63615291036536292E-001       1       2       2       1
  -0.61388366610569869E-002       2       2       2       1
   0.36969232753525892E-002       3       3       2       1
   0.36969232753526014E-002       4       4       2       1
   0.36969232753525996E-002       5       5       2       1
   0.37249434251924930E-001       3       1       3       1
   0.51832424377691096E-001       3       2       3       1
   0.21601713047972641E-001       1       3       3       1
   0.49623041186842590E-001       2       3       3       1
   0.37249434251924930E-001       4       1       4       1
   0.51832424377691089E-001       4       2       4       1
   0.21601713047972641E-001       1       4       4       1
   0.49623041186842576E-001       2       4       4       1
   0.37249434251924951E-001       5       1       5       1
   0.51832424377691123E-001       5       2       5       1
   0.21601713047972659E-001       1       5       5       1
   0.49623041186842617E-001       2       5       5       1
  -0.28042321924131464            1       1       1       2
   0.63615291036536292E-001       2       1       1       2
   0.30981655037209344E-001       1       2       1       2
  -0.33476728808889786E-001       2       2       1       2
  -0.26253652709306345E-001       3       3       1       2
  -0.26253652709306345E-001       4       4       1       2
  -0.26253652709306328E-001       5       5       1       2
   0.85872187135678379            1       1       2       2
  -0.61388366610569869E-002       2       1       2       2
  -0.33476728808889786E-001       1       2       2       2
   0.59972042679420057            2       2       2       2
   0.60691794767202700            3       3       2       2
   0.60691794767202700            4       4       2       2
   0.60691794767202700            5       5       2       2
   0.51832424377691096E-001       3       1       3       2
   0.14124563456769620            3       2       3       2
   0.69481455495853141E-002       1       3       3       2
   0.12621466393764499            2       3       3       2
   0.51832424377691089E-001       4       1       4       2
   0.14124563456769618            4       2       4       2
   0.69481455495853280E-002       1       4       4       2
   0.12621466393764497            2       4       4       2
   0.51832424377691123E-001       5       1       5       2
   0.14124563456769618            5       2       5       2
   0.69481455495853384E-002       1       5       5       2
   0.12621466393764497            2       5       5       2
   0.21601713047972641E-001       3       1       1       3
   0.69481455495853141E-002       3       2       1       3
   0.59539918440203524E-002       1       3       1       3
   0.47387623587368047E-002       2       3       1       3
   0.49623041186842590E-001       3       1       2       3
   0.12621466393764499            3       2       2       3
   0.47387623587368047E-002       1       3       2       3
   0.11118369330759381            2       3       2       3
   0.84711574046555016            1       1       3       3
   0.36969232753525892E-002       2       1       3       3
  -0.26253652709306345E-001       1       2       3       3
   0.60691794767202700            2       2       3       3
   0.66308872072139413            3       3       3       3
   0.59411525574403989            4       4       3       3
   0.59411525574404001            5       5       3       3
   0.34488191245200195E-001       4       3       4       3
   0.34488191245200195E-001       3       4       4       3
   0.34488191245200195E-001       5       3       5       3
   0.34488191245200195E-001       3       5       5       3
   0.21601713047972641E-001       4       1       1       4
   0.69481455495853280E-002       4       2       1       4
   0.59539918440203558E-002       1       4       1       4
   0.47387623587368186E-002       2       4       1       4
   0.49623041186842576E-001       4       1       2       4
   0.12621466393764497            4       2       2       4
   0.47387623587368186E-002       1       4       2       4
   0.11118369330759376            2       4       2       4
   0.34488191245200195E-001       4       3       3       4
   0.34488191245200195E-001       3       4       3       4
   0.84711574046555016            1       1       4       4
   0.36969232753526014E-002       2       1       4       4
  -0.26253652709306345E-001       1       2       4       4
   0.60691794767202700            2       2       4       4
   0.59411525574403989            3       3       4       4
   0.66308872072139402            4       4       4       4
   0.59411525574404001            5       5       4       4
   0.34488191245200195E-001       5       4       5       4
   0.34488191245200195E-001       4       5       5       4
   0.21601713047972659E-001       5       1       1       5
   0.69481455495853384E-002       5       2       1       5
   0.59539918440203628E-002       1       5       1       5
   0.47387623587368290E-002       2       5       1       5
   0.49623041186842617E-001       5       1       2       5
   0.12621466393764497            5       2       2       5
   0.47387623587368290E-002       1       5       2       5
   0.11118369330759374            2       5       2       5
   0.34488191245200195E-001       5       3       3       5
   0.34488191245200202E-001       3       5       3       5
   0.34488191245200195E-001       5       4       4       5
   0.34488191245200195E-001       4       5       4       5
   0.84711574046555016            1       1       5       5
   0.36969232753525996E-002       2       1       5       5
  -0.26253652709306328E-001       1       2       5       5
   0.60691794767202700            2       2       5       5
   0.59411525574404001            3       3       5       5
   0.59411525574404001            4       4       5       5
   0.66308872072139413            5       5       5       5
   -17.929764903982399            1       1       0       0
   0.44836217760487557            1       2       0       0
   0.44836217760487557            2       1       0       0
   -3.9731983439421796            2       2       0       0
   -3.6807327564301353            3       3       0       0
   -3.6807327564301353            4       4       0       0
   -3.6807327564301353            5       5       0       0
    0.0000000000000000            0       0       0       0
