           5
  -0.17263934559069410E-001       1       1       1       1       1       1
   0.29561728603839004E-002       1       1       1       1       1       2
  -0.56204239354266927E-003       1       1       1       1       2       2
  -0.25823366839320917E-004       1       1       1       1       3       3
  -0.25823366839320707E-004       1       1       1       1       4       4
  -0.25823366839320747E-004       1       1       1       1       5       5
   0.11298837062158435E-003       1       1       1       2       2       2
  -0.34968347863880858E-005       1       1       1       2       3       3
  -0.34968347863880655E-005       1       1       1       2       4       4
  -0.34968347863880655E-005       1       1       1       2       5       5
   0.42471516162517531E-003       1       1       2       1       1       2
  -0.32606134103677623E-003       1       1       2       1       2       2
   0.13200861109396439E-004       1       1       2       1       3       3
   0.13200861109396764E-004       1       1       2       1       4       4
   0.13200861109396981E-004       1       1       2       1       5       5
   0.76180363888942774E-004       1       1       2       2       2       2
  -0.17164468126631240E-004       1       1       2       2       3       3
  -0.17164468126631264E-004       1       1       2       2       4       4
  -0.17164468126631308E-004       1       1       2       2       5       5
  -0.22387871586352978E-004       1       1       2       3       3       2
  -0.22387871586352964E-004       1       1       2       4       4       2
  -0.22387871586352954E-004       1       1       2       5       5       2
   0.72572867105310927E-003       1       1       3       1       1       3
  -0.38865102412625769E-003       1       1       3       1       2       3
   0.90196060318971919E-004       1       1       3       2       2       3
  -0.32333574056764069E-004       1       1       3       3       3       3
  -0.59940626896081209E-005       1       1       3       3       4       4
  -0.59940626896081201E-005       1       1       3       3       5       5
  -0.20343445762078232E-004       1       1       3       4       4       3
  -0.20343445762078221E-004       1       1       3       5       5       3
   0.72572867105311425E-003       1       1       4       1       1       4
  -0.38865102412625753E-003       1       1       4       1       2       4
   0.90196060318971784E-004       1       1       4       2       2       4
  -0.20343445762078238E-004       1       1       4       3       3       4
  -0.32333574056764069E-004       1       1       4       4       4       4
  -0.59940626896081218E-005       1       1       4       4       5       5
  -0.20343445762078232E-004       1       1       4       5       5       4
   0.72572867105311599E-003       1       1       5       1       1       5
  -0.38865102412625753E-003       1       1       5       1       2       5
   0.90196060318971811E-004       1       1       5       2       2       5
  -0.20343445762078228E-004       1       1       5       3       3       5
  -0.20343445762078235E-004       1       1       5       4       4       5
  -0.32333574056764062E-004       1       1       5       5       5       5
  -0.97089617682271354E-003       1       2       2       1       2       2
  -0.78281799087448912E-004       1       2       2       1       3       3
  -0.78281799087449264E-004       1       2       2       1       4       4
  -0.78281799087448356E-004       1       2       2       1       5       5
   0.82923435852131532E-004       1       2       2       2       2       2
  -0.31968260148016061E-004       1       2       2       2       3       3
  -0.31968260148016067E-004       1       2       2       2       4       4
  -0.31968260148016088E-004       1       2       2       2       5       5
  -0.48304575184106402E-004       1       2       2       3       2       3
  -0.48304575184106402E-004       1       2       2       4       2       4
  -0.48304575184106402E-004       1       2       2       5       2       5
  -0.10406335883263603E-002       1       2       3       1       2       3
   0.93799490963370125E-004       1       2       3       2       2       3
  -0.69234120240648704E-004       1       2       3       3       3       3
  -0.12354790857131328E-004       1       2       3       3       4       4
  -0.12354790857131344E-004       1       2       3       3       5       5
  -0.12354790857131306E-004       1       2       3       4       3       4
  -0.44520867763755350E-004       1       2       3       4       4       3
  -0.12354790857131327E-004       1       2       3       5       3       5
  -0.44520867763755350E-004       1       2       3       5       5       3
  -0.10406335883263607E-002       1       2       4       1       2       4
   0.93799490963370058E-004       1       2       4       2       2       4
  -0.44520867763755357E-004       1       2       4       3       3       4
  -0.69234120240648704E-004       1       2       4       4       4       4
  -0.12354790857131344E-004       1       2       4       4       5       5
  -0.12354790857131328E-004       1       2       4       5       4       5
  -0.44520867763755323E-004       1       2       4       5       5       4
  -0.10406335883263603E-002       1       2       5       1       2       5
   0.93799490963370125E-004       1       2       5       2       2       5
  -0.44520867763755343E-004       1       2       5       3       3       5
  -0.44520867763755350E-004       1       2       5       4       4       5
  -0.69234120240648664E-004       1       2       5       5       5       5
  -0.10285575713195598E-002       1       3       3       1       3       3
   0.66312478341770854E-004       1       3       3       1       4       4
   0.66312478341770827E-004       1       3       3       1       5       5
   0.90748435013311051E-004       1       3       3       2       3       3
  -0.12028150649380334E-004       1       3       3       2       4       4
  -0.12028150649380336E-004       1       3       3       2       5       5
  -0.11612412420504144E-002       1       3       4       1       3       4
   0.11481314972309255E-003       1       3       4       2       3       4
  -0.11612412420504144E-002       1       3       5       1       3       5
   0.11481314972309253E-003       1       3       5       2       3       5
  -0.10285575713195603E-002       1       4       4       1       4       4
   0.66312478341770827E-004       1       4       4       1       5       5
   0.90748435013311078E-004       1       4       4       2       4       4
  -0.12028150649380341E-004       1       4       4       2       5       5
  -0.11612412420504139E-002       1       4       5       1       4       5
   0.11481314972309244E-003       1       4       5       2       4       5
  -0.10285575713195598E-002       1       5       5       1       5       5
   0.90748435013311132E-004       1       5       5       2       5       5
  -0.58220449425756241E-003       2       2       2       2       2       2
  -0.29368625115539231E-003       2       2       2       2       3       3
  -0.29368625115539242E-003       2       2       2       2       4       4
  -0.29368625115539242E-003       2       2       2       2       5       5
  -0.56663345114685054E-003       2       2       3       2       2       3
  -0.44822497273845760E-003       2       2       3       3       3       3
  -0.11459520728704820E-003       2       2       3       3       4       4
  -0.11459520728704820E-003       2       2       3       3       5       5
  -0.21896992340382791E-003       2       2       3       4       4       3
  -0.21896992340382778E-003       2       2       3       5       5       3
  -0.56663345114685065E-003       2       2       4       2       2       4
  -0.21896992340382797E-003       2       2       4       3       3       4
  -0.44822497273845787E-003       2       2       4       4       4       4
  -0.11459520728704828E-003       2       2       4       4       5       5
  -0.21896992340382759E-003       2       2       4       5       5       4
  -0.56663345114685098E-003       2       2       5       2       2       5
  -0.21896992340382802E-003       2       2       5       3       3       5
  -0.21896992340382799E-003       2       2       5       4       4       5
  -0.44822497273845787E-003       2       2       5       5       5       5
  -0.65892206087086428E-003       2       3       3       2       3       3
  -0.80702948858030207E-004       2       3       3       2       4       4
  -0.80702948858030180E-004       2       3       3       2       5       5
  -0.49744552018807242E-003       2       3       4       2       3       4
  -0.49744552018807231E-003       2       3       5       2       3       5
  -0.65892206087086406E-003       2       4       4       2       4       4
  -0.80702948858030166E-004       2       4       4       2       5       5
  -0.49744552018807220E-003       2       4       5       2       4       5
  -0.65892206087086471E-003       2       5       5       2       5       5
  -0.90486139565946881E-003       3       3       3       3       3       3
  -0.99951936315183256E-004       3       3       3       3       4       4
  -0.99951936315183351E-004       3       3       3       3       5       5
  -0.50488448989567647E-003       3       3       4       3       3       4
  -0.99951936315183297E-004       3       3       4       4       4       4
  -0.34406109494400291E-004       3       3       4       4       5       5
  -0.31112198656110248E-004       3       3       4       5       5       4
  -0.50488448989567637E-003       3       3       5       3       3       5
  -0.31112198656110228E-004       3       3       5       4       4       5
  -0.99951936315183324E-004       3       3       5       5       5       5
  -0.50488448989567647E-003       3       4       4       3       4       4
  -0.31112198656110235E-004       3       4       4       3       5       5
  -0.44263028132079225E-003       3       4       5       3       4       5
  -0.50488448989567647E-003       3       5       5       3       5       5
  -0.90486139565946859E-003       4       4       4       4       4       4
  -0.99951936315183365E-004       4       4       4       4       5       5
  -0.50488448989567647E-003       4       4       5       4       4       5
  -0.99951936315183351E-004       4       4       5       5       5       5
  -0.50488448989567647E-003       4       5       5       4       5       5
  -0.90486139565946837E-003       5       5       5       5       5       5
