           5
  -0.17459089523753444E-001       1       1       1       1       1       1
   0.29669978289190452E-002       1       1       1       1       1       2
  -0.56144096600867178E-003       1       1       1       1       2       2
  -0.25756404608835157E-004       1       1       1       1       3       3
  -0.25756404608835154E-004       1       1       1       1       4       4
  -0.25756404608835120E-004       1       1       1       1       5       5
   0.11257568759931768E-003       1       1       1       2       2       2
  -0.34691889235481077E-005       1       1       1       2       3       3
  -0.34691889235480849E-005       1       1       1       2       4       4
  -0.34691889235480916E-005       1       1       1       2       5       5
   0.41309232927322126E-003       1       1       2       1       1       2
  -0.32572930625018919E-003       1       1       2       1       2       2
   0.16104569115182661E-004       1       1       2       1       3       3
   0.16104569115182952E-004       1       1       2       1       4       4
   0.16104569115182844E-004       1       1       2       1       5       5
   0.76153156670162819E-004       1       1       2       2       2       2
  -0.17421418613200661E-004       1       1       2       2       3       3
  -0.17421418613200657E-004       1       1       2       2       4       4
  -0.17421418613200681E-004       1       1       2       2       5       5
  -0.22469797040688015E-004       1       1       2       3       3       2
  -0.22469797040688015E-004       1       1       2       4       4       2
  -0.22469797040687991E-004       1       1       2       5       5       2
   0.70736352892598854E-003       1       1       3       1       1       3
  -0.38733032926611548E-003       1       1       3       1       2       3
   0.90005702785928577E-004       1       1       3       2       2       3
  -0.32334434755250225E-004       1       1       3       3       3       3
  -0.59508704691476061E-005       1       1       3       3       4       4
  -0.59508704691476086E-005       1       1       3       3       5       5
  -0.20430715415518323E-004       1       1       3       4       4       3
  -0.20430715415518316E-004       1       1       3       5       5       3
   0.70736352892598821E-003       1       1       4       1       1       4
  -0.38733032926611504E-003       1       1       4       1       2       4
   0.90005702785928780E-004       1       1       4       2       2       4
  -0.20430715415518330E-004       1       1       4       3       3       4
  -0.32334434755250212E-004       1       1       4       4       4       4
  -0.59508704691476044E-005       1       1       4       4       5       5
  -0.20430715415518326E-004       1       1       4       5       5       4
   0.70736352892599027E-003       1       1       5       1       1       5
  -0.38733032926611504E-003       1       1       5       1       2       5
   0.90005702785928726E-004       1       1       5       2       2       5
  -0.20430715415518330E-004       1       1       5       3       3       5
  -0.20430715415518316E-004       1       1       5       4       4       5
  -0.32334434755250225E-004       1       1       5       5       5       5
  -0.96122288517608994E-003       1       2       2       1       2       2
  -0.65777011180810906E-004       1       2       2       1       3       3
  -0.65777011180810689E-004       1       2       2       1       4       4
  -0.65777011180810635E-004       1       2       2       1       5       5
   0.82384545662207289E-004       1       2       2       2       2       2
  -0.33434977621603136E-004       1       2       2       2       3       3
  -0.33434977621603136E-004       1       2       2       2       4       4
  -0.33434977621603156E-004       1       2       2       2       5       5
  -0.48622453901608529E-004       1       2       2       3       2       3
  -0.48622453901608529E-004       1       2       2       4       2       4
  -0.48622453901608563E-004       1       2       2       5       2       5
  -0.10322095378614375E-002       1       2       3       1       2       3
   0.93304678618153289E-004       1       2       3       2       2       3
  -0.69221507541000472E-004       1       2       3       3       3       3
  -0.12170076975688812E-004       1       2       3       3       4       4
  -0.12170076975688807E-004       1       2       3       3       5       5
  -0.12170076975688797E-004       1       2       3       4       3       4
  -0.44877742171439618E-004       1       2       3       4       4       3
  -0.12170076975688819E-004       1       2       3       5       3       5
  -0.44877742171439605E-004       1       2       3       5       5       3
  -0.10322095378614382E-002       1       2       4       1       2       4
   0.93304678618153384E-004       1       2       4       2       2       4
  -0.44877742171439645E-004       1       2       4       3       3       4
  -0.69221507541000432E-004       1       2       4       4       4       4
  -0.12170076975688817E-004       1       2       4       4       5       5
  -0.12170076975688817E-004       1       2       4       5       4       5
  -0.44877742171439598E-004       1       2       4       5       5       4
  -0.10322095378614380E-002       1       2       5       1       2       5
   0.93304678618153330E-004       1       2       5       2       2       5
  -0.44877742171439645E-004       1       2       5       3       3       5
  -0.44877742171439618E-004       1       2       5       4       4       5
  -0.69221507541000391E-004       1       2       5       5       5       5
  -0.10184394686873605E-002       1       3       3       1       3       3
   0.68424226849296286E-004       1       3       3       1       4       4
   0.68424226849296394E-004       1       3       3       1       5       5
   0.90169349166687029E-004       1       3       3       2       3       3
  -0.12110378923119023E-004       1       3       3       2       4       4
  -0.12110378923119032E-004       1       3       3       2       5       5
  -0.11553469755361773E-002       1       3       4       1       3       4
   0.11439853404570451E-003       1       3       4       2       3       4
  -0.11553469755361768E-002       1       3       5       1       3       5
   0.11439853404570452E-003       1       3       5       2       3       5
  -0.10184394686873603E-002       1       4       4       1       4       4
   0.68424226849296381E-004       1       4       4       1       5       5
   0.90169349166686826E-004       1       4       4       2       4       4
  -0.12110378923119030E-004       1       4       4       2       5       5
  -0.11553469755361773E-002       1       4       5       1       4       5
   0.11439853404570494E-003       1       4       5       2       4       5
  -0.10184394686873614E-002       1       5       5       1       5       5
   0.90169349166686934E-004       1       5       5       2       5       5
  -0.58211350232127940E-003       2       2       2       2       2       2
  -0.29747372903724889E-003       2       2       2       2       3       3
  -0.29747372903724884E-003       2       2       2       2       4       4
  -0.29747372903724868E-003       2       2       2       2       5       5
  -0.56618702313140164E-003       2       2       3       2       2       3
  -0.45147610286469129E-003       2       2       3       3       3       3
  -0.11445011866993006E-003       2       2       3       3       4       4
  -0.11445011866993007E-003       2       2       3       3       5       5
  -0.22251202616404317E-003       2       2       3       4       4       3
  -0.22251202616404333E-003       2       2       3       5       5       3
  -0.56618702313140186E-003       2       2       4       2       2       4
  -0.22251202616404309E-003       2       2       4       3       3       4
  -0.45147610286469118E-003       2       2       4       4       4       4
  -0.11445011866993010E-003       2       2       4       4       5       5
  -0.22251202616404328E-003       2       2       4       5       5       4
  -0.56618702313140142E-003       2       2       5       2       2       5
  -0.22251202616404290E-003       2       2       5       3       3       5
  -0.22251202616404309E-003       2       2       5       4       4       5
  -0.45147610286469113E-003       2       2       5       5       5       5
  -0.65705365485512987E-003       2       3       3       2       3       3
  -0.79839999189106284E-004       2       3       3       2       4       4
  -0.79839999189106297E-004       2       3       3       2       5       5
  -0.49730280147781752E-003       2       3       4       2       3       4
  -0.49730280147781752E-003       2       3       5       2       3       5
  -0.65705365485513052E-003       2       4       4       2       4       4
  -0.79839999189106352E-004       2       4       4       2       5       5
  -0.49730280147781763E-003       2       4       5       2       4       5
  -0.65705365485513019E-003       2       5       5       2       5       5
  -0.89905047294169609E-003       3       3       3       3       3       3
  -0.98566707362328289E-004       3       3       3       3       4       4
  -0.98566707362328357E-004       3       3       3       3       5       5
  -0.50461489709277042E-003       3       3       4       3       3       4
  -0.98566707362328289E-004       3       3       4       4       4       4
  -0.33686046623539762E-004       3       3       4       4       5       5
  -0.31167574528918148E-004       3       3       4       5       5       4
  -0.50461489709277042E-003       3       3       5       3       3       5
  -0.31167574528918121E-004       3       3       5       4       4       5
  -0.98566707362328357E-004       3       3       5       5       5       5
  -0.50461489709277075E-003       3       4       4       3       4       4
  -0.31167574528918121E-004       3       4       4       3       5       5
  -0.44224897180943621E-003       3       4       5       3       4       5
  -0.50461489709277053E-003       3       5       5       3       5       5
  -0.89905047294169609E-003       4       4       4       4       4       4
  -0.98566707362328398E-004       4       4       4       4       5       5
  -0.50461489709277031E-003       4       4       5       4       4       5
  -0.98566707362328411E-004       4       4       5       5       5       5
  -0.50461489709277031E-003       4       5       5       4       5       5
  -0.89905047294169653E-003       5       5       5       5       5       5
