           5
  -0.17405448228862700E-001       1       1       1       1       1       1
   0.29641477460424963E-002       1       1       1       1       1       2
  -0.56114834888770738E-003       1       1       1       1       2       2
  -0.25280025029289271E-004       1       1       1       1       3       3
  -0.25280025029289231E-004       1       1       1       1       4       4
  -0.25280025029289221E-004       1       1       1       1       5       5
   0.11247359631285592E-003       1       1       1       2       2       2
  -0.36005098371492185E-005       1       1       1       2       3       3
  -0.36005098371492367E-005       1       1       1       2       4       4
  -0.36005098371492456E-005       1       1       1       2       5       5
   0.39817935099185008E-003       1       1       2       1       1       2
  -0.32479537998143082E-003       1       1       2       1       2       2
   0.14918706226481279E-004       1       1       2       1       3       3
   0.14918706226481170E-004       1       1       2       1       4       4
   0.14918706226481316E-004       1       1       2       1       5       5
   0.75931394610098533E-004       1       1       2       2       2       2
  -0.17654411409029654E-004       1       1       2       2       3       3
  -0.17654411409029654E-004       1       1       2       2       4       4
  -0.17654411409029644E-004       1       1       2       2       5       5
  -0.22600756478769038E-004       1       1       2       3       3       2
  -0.22600756478769044E-004       1       1       2       4       4       2
  -0.22600756478769038E-004       1       1       2       5       5       2
   0.69561064358236052E-003       1       1       3       1       1       3
  -0.38650281964922343E-003       1       1       3       1       2       3
   0.89767061511529089E-004       1       1       3       2       2       3
  -0.32693160420793843E-004       1       1       3       3       3       3
  -0.61028325232053053E-005       1       1       3       3       4       4
  -0.61028325232053053E-005       1       1       3       3       5       5
  -0.20485470580806670E-004       1       1       3       4       4       3
  -0.20485470580806681E-004       1       1       3       5       5       3
   0.69561064358235650E-003       1       1       4       1       1       4
  -0.38650281964922327E-003       1       1       4       1       2       4
   0.89767061511529048E-004       1       1       4       2       2       4
  -0.20485470580806653E-004       1       1       4       3       3       4
  -0.32693160420793850E-004       1       1       4       4       4       4
  -0.61028325232053036E-005       1       1       4       4       5       5
  -0.20485470580806670E-004       1       1       4       5       5       4
   0.69561064358235705E-003       1       1       5       1       1       5
  -0.38650281964922322E-003       1       1       5       1       2       5
   0.89767061511529102E-004       1       1       5       2       2       5
  -0.20485470580806681E-004       1       1       5       3       3       5
  -0.20485470580806660E-004       1       1       5       4       4       5
  -0.32693160420793843E-004       1       1       5       5       5       5
  -0.98465236115111046E-003       1       2       2       1       2       2
  -0.84396705958007042E-004       1       2       2       1       3       3
  -0.84396705958007502E-004       1       2       2       1       4       4
  -0.84396705958007367E-004       1       2       2       1       5       5
   0.83768641506650550E-004       1       2       2       2       2       2
  -0.32699142653504562E-004       1       2       2       2       3       3
  -0.32699142653504542E-004       1       2       2       2       4       4
  -0.32699142653504562E-004       1       2       2       2       5       5
  -0.49160703461176649E-004       1       2       2       3       2       3
  -0.49160703461176622E-004       1       2       2       4       2       4
  -0.49160703461176629E-004       1       2       2       5       2       5
  -0.10545985826348014E-002       1       2       3       1       2       3
   0.94547825445821289E-004       1       2       3       2       2       3
  -0.70541951552113282E-004       1       2       3       3       3       3
  -0.12638393222715023E-004       1       2       3       3       4       4
  -0.12638393222715037E-004       1       2       3       3       5       5
  -0.12638393222715020E-004       1       2       3       4       3       4
  -0.45261484005760017E-004       1       2       3       4       4       3
  -0.12638393222715030E-004       1       2       3       5       3       5
  -0.45261484005760031E-004       1       2       3       5       5       3
  -0.10545985826348016E-002       1       2       4       1       2       4
   0.94547825445821234E-004       1       2       4       2       2       4
  -0.45261484005760044E-004       1       2       4       3       3       4
  -0.70541951552113282E-004       1       2       4       4       4       4
  -0.12638393222715055E-004       1       2       4       4       5       5
  -0.12638393222715055E-004       1       2       4       5       4       5
  -0.45261484005760037E-004       1       2       4       5       5       4
  -0.10545985826348021E-002       1       2       5       1       2       5
   0.94547825445821207E-004       1       2       5       2       2       5
  -0.45261484005760044E-004       1       2       5       3       3       5
  -0.45261484005760058E-004       1       2       5       4       4       5
  -0.70541951552113282E-004       1       2       5       5       5       5
  -0.10411021897293500E-002       1       3       3       1       3       3
   0.67372648068722335E-004       1       3       3       1       4       4
   0.67372648068722457E-004       1       3       3       1       5       5
   0.91198371033937532E-004       1       3       3       2       3       3
  -0.12160583007191781E-004       1       3       3       2       4       4
  -0.12160583007191794E-004       1       3       3       2       5       5
  -0.11759058598676067E-002       1       3       4       1       3       4
   0.11552798314047136E-003       1       3       4       2       3       4
  -0.11759058598676075E-002       1       3       5       1       3       5
   0.11552798314047136E-003       1       3       5       2       3       5
  -0.10411021897293489E-002       1       4       4       1       4       4
   0.67372648068722457E-004       1       4       4       1       5       5
   0.91198371033937640E-004       1       4       4       2       4       4
  -0.12160583007191794E-004       1       4       4       2       5       5
  -0.11759058598676075E-002       1       4       5       1       4       5
   0.11552798314047137E-003       1       4       5       2       4       5
  -0.10411021897293491E-002       1       5       5       1       5       5
   0.91198371033937667E-004       1       5       5       2       5       5
  -0.57874011980105656E-003       2       2       2       2       2       2
  -0.29600879250653978E-003       2       2       2       2       3       3
  -0.29600879250653983E-003       2       2       2       2       4       4
  -0.29600879250654016E-003       2       2       2       2       5       5
  -0.56388622124616038E-003       2       2       3       2       2       3
  -0.45286263145547461E-003       2       2       3       3       3       3
  -0.11587332723911545E-003       2       2       3       3       4       4
  -0.11587332723911545E-003       2       2       3       3       5       5
  -0.22105170827433027E-003       2       2       3       4       4       3
  -0.22105170827433016E-003       2       2       3       5       5       3
  -0.56388622124616016E-003       2       2       4       2       2       4
  -0.22105170827433035E-003       2       2       4       3       3       4
  -0.45286263145547488E-003       2       2       4       4       4       4
  -0.11587332723911542E-003       2       2       4       4       5       5
  -0.22105170827433029E-003       2       2       4       5       5       4
  -0.56388622124616070E-003       2       2       5       2       2       5
  -0.22105170827433016E-003       2       2       5       3       3       5
  -0.22105170827433016E-003       2       2       5       4       4       5
  -0.45286263145547504E-003       2       2       5       5       5       5
  -0.65733399516089744E-003       2       3       3       2       3       3
  -0.81023242360830054E-004       2       3       3       2       4       4
  -0.81023242360830054E-004       2       3       3       2       5       5
  -0.49521639106610998E-003       2       3       4       2       3       4
  -0.49521639106611009E-003       2       3       5       2       3       5
  -0.65733399516089723E-003       2       4       4       2       4       4
  -0.81023242360830054E-004       2       4       4       2       5       5
  -0.49521639106610998E-003       2       4       5       2       4       5
  -0.65733399516089647E-003       2       5       5       2       5       5
  -0.90556396349332925E-003       3       3       3       3       3       3
  -0.10054430604428328E-003       3       3       3       3       4       4
  -0.10054430604428328E-003       3       3       3       3       5       5
  -0.50321634042031034E-003       3       3       4       3       3       4
  -0.10054430604428322E-003       3       3       4       4       4       4
  -0.34851712795057972E-004       3       3       4       4       5       5
  -0.30812982086635237E-004       3       3       4       5       5       4
  -0.50321634042031045E-003       3       3       5       3       3       5
  -0.30812982086635216E-004       3       3       5       4       4       5
  -0.10054430604428324E-003       3       3       5       5       5       5
  -0.50321634042031055E-003       3       4       4       3       4       4
  -0.30812982086635203E-004       3       4       4       3       5       5
  -0.44156035209279868E-003       3       4       5       3       4       5
  -0.50321634042031066E-003       3       5       5       3       5       5
  -0.90556396349332946E-003       4       4       4       4       4       4
  -0.10054430604428325E-003       4       4       4       4       5       5
  -0.50321634042031045E-003       4       4       5       4       4       5
  -0.10054430604428325E-003       4       4       5       5       5       5
  -0.50321634042031034E-003       4       5       5       4       5       5
  -0.90556396349332935E-003       5       5       5       5       5       5
