           5
  -0.17229326255478107E-001       1       1       1       1       1       1
   0.29234045524404021E-002       1       1       1       1       1       2
  -0.55302129507689944E-003       1       1       1       1       2       2
  -0.26021278687504823E-004       1       1       1       1       3       3
  -0.26021278687504884E-004       1       1       1       1       4       4
  -0.26021278687504796E-004       1       1       1       1       5       5
   0.11093136924652588E-003       1       1       1       2       2       2
  -0.34382314254905095E-005       1       1       1       2       3       3
  -0.34382314254905027E-005       1       1       1       2       4       4
  -0.34382314254904845E-005       1       1       1       2       5       5
   0.38715355502940931E-003       1       1       2       1       1       2
  -0.32019553864760629E-003       1       1       2       1       2       2
   0.16486263853997242E-004       1       1       2       1       3       3
   0.16486263853997351E-004       1       1       2       1       4       4
   0.16486263853997242E-004       1       1       2       1       5       5
   0.75116474909453523E-004       1       1       2       2       2       2
  -0.17665847266648941E-004       1       1       2       2       3       3
  -0.17665847266648918E-004       1       1       2       2       4       4
  -0.17665847266648938E-004       1       1       2       2       5       5
  -0.22509284985016516E-004       1       1       2       3       3       2
  -0.22509284985016506E-004       1       1       2       4       4       2
  -0.22509284985016533E-004       1       1       2       5       5       2
   0.67663119015771989E-003       1       1       3       1       1       3
  -0.38085410619463666E-003       1       1       3       1       2       3
   0.88776131334577835E-004       1       1       3       2       2       3
  -0.32600794512036599E-004       1       1       3       3       3       3
  -0.61213195857764162E-005       1       1       3       3       4       4
  -0.61213195857764170E-005       1       1       3       3       5       5
  -0.20356118344976857E-004       1       1       3       4       4       3
  -0.20356118344976877E-004       1       1       3       5       5       3
   0.67663119015771837E-003       1       1       4       1       1       4
  -0.38085410619463698E-003       1       1       4       1       2       4
   0.88776131334577943E-004       1       1       4       2       2       4
  -0.20356118344976877E-004       1       1       4       3       3       4
  -0.32600794512036585E-004       1       1       4       4       4       4
  -0.61213195857764179E-005       1       1       4       4       5       5
  -0.20356118344976867E-004       1       1       4       5       5       4
   0.67663119015772097E-003       1       1       5       1       1       5
  -0.38085410619463720E-003       1       1       5       1       2       5
   0.88776131334577943E-004       1       1       5       2       2       5
  -0.20356118344976867E-004       1       1       5       3       3       5
  -0.20356118344976877E-004       1       1       5       4       4       5
  -0.32600794512036578E-004       1       1       5       5       5       5
  -0.96368633807254029E-003       1       2       2       1       2       2
  -0.68139676955715869E-004       1       2       2       1       3       3
  -0.68139676955715991E-004       1       2       2       1       4       4
  -0.68139676955716031E-004       1       2       2       1       5       5
   0.82320973464015273E-004       1       2       2       2       2       2
  -0.34121916414997633E-004       1       2       2       2       3       3
  -0.34121916414997626E-004       1       2       2       2       4       4
  -0.34121916414997626E-004       1       2       2       2       5       5
  -0.49294885797453263E-004       1       2       2       3       2       3
  -0.49294885797453256E-004       1       2       2       4       2       4
  -0.49294885797453263E-004       1       2       2       5       2       5
  -0.10334540945876537E-002       1       2       3       1       2       3
   0.93095861465213931E-004       1       2       3       2       2       3
  -0.70571040101011961E-004       1       2       3       3       3       3
  -0.12638834459915554E-004       1       2       3       3       4       4
  -0.12638834459915559E-004       1       2       3       3       5       5
  -0.12638834459915546E-004       1       2       3       4       3       4
  -0.45289610617996534E-004       1       2       3       4       4       3
  -0.12638834459915564E-004       1       2       3       5       3       5
  -0.45289610617996561E-004       1       2       3       5       5       3
  -0.10334540945876540E-002       1       2       4       1       2       4
   0.93095861465213755E-004       1       2       4       2       2       4
  -0.45289610617996527E-004       1       2       4       3       3       4
  -0.70571040101011988E-004       1       2       4       4       4       4
  -0.12638834459915573E-004       1       2       4       4       5       5
  -0.12638834459915568E-004       1       2       4       5       4       5
  -0.45289610617996588E-004       1       2       4       5       5       4
  -0.10334540945876544E-002       1       2       5       1       2       5
   0.93095861465213796E-004       1       2       5       2       2       5
  -0.45289610617996527E-004       1       2       5       3       3       5
  -0.45289610617996554E-004       1       2       5       4       4       5
  -0.70571040101011947E-004       1       2       5       5       5       5
  -0.10182243700920962E-002       1       3       3       1       3       3
   0.68552062725018109E-004       1       3       3       1       4       4
   0.68552062725018014E-004       1       3       3       1       5       5
   0.89464239569370319E-004       1       3       3       2       3       3
  -0.12355616220785878E-004       1       3       3       2       4       4
  -0.12355616220785868E-004       1       3       3       2       5       5
  -0.11553876086165208E-002       1       3       4       1       3       4
   0.11418401032448008E-003       1       3       4       2       3       4
  -0.11553876086165208E-002       1       3       5       1       3       5
   0.11418401032448002E-003       1       3       5       2       3       5
  -0.10182243700920966E-002       1       4       4       1       4       4
   0.68552062725018122E-004       1       4       4       1       5       5
   0.89464239569370211E-004       1       4       4       2       4       4
  -0.12355616220785871E-004       1       4       4       2       5       5
  -0.11553876086165212E-002       1       4       5       1       4       5
   0.11418401032448003E-003       1       4       5       2       4       5
  -0.10182243700920949E-002       1       5       5       1       5       5
   0.89464239569370265E-004       1       5       5       2       5       5
  -0.57982422601680949E-003       2       2       2       2       2       2
  -0.29930557426623085E-003       2       2       2       2       3       3
  -0.29930557426623107E-003       2       2       2       2       4       4
  -0.29930557426623090E-003       2       2       2       2       5       5
  -0.56421593767090616E-003       2       2       3       2       2       3
  -0.45637571696775320E-003       2       2       3       3       3       3
  -0.11646910763332352E-003       2       2       3       3       4       4
  -0.11646910763332356E-003       2       2       3       3       5       5
  -0.22337211196292030E-003       2       2       3       4       4       3
  -0.22337211196292044E-003       2       2       3       5       5       3
  -0.56421593767090616E-003       2       2       4       2       2       4
  -0.22337211196292017E-003       2       2       4       3       3       4
  -0.45637571696775282E-003       2       2       4       4       4       4
  -0.11646910763332361E-003       2       2       4       4       5       5
  -0.22337211196292033E-003       2       2       4       5       5       4
  -0.56421593767090595E-003       2       2       5       2       2       5
  -0.22337211196292019E-003       2       2       5       3       3       5
  -0.22337211196292038E-003       2       2       5       4       4       5
  -0.45637571696775293E-003       2       2       5       5       5       5
  -0.65724210759877564E-003       2       3       3       2       3       3
  -0.81242295417263588E-004       2       3       3       2       4       4
  -0.81242295417263601E-004       2       3       3       2       5       5
  -0.49468581470386342E-003       2       3       4       2       3       4
  -0.49468581470386342E-003       2       3       5       2       3       5
  -0.65724210759877564E-003       2       4       4       2       4       4
  -0.81242295417263628E-004       2       4       4       2       5       5
  -0.49468581470386332E-003       2       4       5       2       4       5
  -0.65724210759877521E-003       2       5       5       2       5       5
  -0.90490880312611385E-003       3       3       3       3       3       3
  -0.10058055252920903E-003       3       3       3       3       4       4
  -0.10058055252920899E-003       3       3       3       3       5       5
  -0.50241561844886263E-003       3       3       4       3       3       4
  -0.10058055252920903E-003       3       3       4       4       4       4
  -0.34570782313059090E-004       3       3       4       4       5       5
  -0.31411178458863126E-004       3       3       4       5       5       4
  -0.50241561844886296E-003       3       3       5       3       3       5
  -0.31411178458863099E-004       3       3       5       4       4       5
  -0.10058055252920905E-003       3       3       5       5       5       5
  -0.50241561844886296E-003       3       4       4       3       4       4
  -0.31411178458863086E-004       3       4       4       3       5       5
  -0.43956218654766724E-003       3       4       5       3       4       5
  -0.50241561844886317E-003       3       5       5       3       5       5
  -0.90490880312611450E-003       4       4       4       4       4       4
  -0.10058055252920895E-003       4       4       4       4       5       5
  -0.50241561844886306E-003       4       4       5       4       4       5
  -0.10058055252920905E-003       4       4       5       5       5       5
  -0.50241561844886285E-003       4       5       5       4       5       5
  -0.90490880312611472E-003       5       5       5       5       5       5
