           5
  -0.17223854179740237E-001       1       1       1       1       1       1
   0.29234042136334843E-002       1       1       1       1       1       2
  -0.55341481007974125E-003       1       1       1       1       2       2
  -0.26375023889758638E-004       1       1       1       1       3       3
  -0.26375023889758655E-004       1       1       1       1       4       4
  -0.26375023889758631E-004       1       1       1       1       5       5
   0.11110280535271336E-003       1       1       1       2       2       2
  -0.34681584613420176E-005       1       1       1       2       3       3
  -0.34681584613420108E-005       1       1       1       2       4       4
  -0.34681584613420015E-005       1       1       1       2       5       5
   0.36131774275457963E-003       1       1       2       1       1       2
  -0.31879362648987234E-003       1       1       2       1       2       2
   0.12711989294167847E-004       1       1       2       1       3       3
   0.12711989294167684E-004       1       1       2       1       4       4
   0.12711989294167701E-004       1       1       2       1       5       5
   0.74997257906831905E-004       1       1       2       2       2       2
  -0.17103000773583575E-004       1       1       2       2       3       3
  -0.17103000773583639E-004       1       1       2       2       4       4
  -0.17103000773583639E-004       1       1       2       2       5       5
  -0.22539893829925543E-004       1       1       2       3       3       2
  -0.22539893829925550E-004       1       1       2       4       4       2
  -0.22539893829925550E-004       1       1       2       5       5       2
   0.65286820799328863E-003       1       1       3       1       1       3
  -0.37974141239662435E-003       1       1       3       1       2       3
   0.88724105711225580E-004       1       1       3       2       2       3
  -0.32580084790782031E-004       1       1       3       3       3       3
  -0.60558260591050493E-005       1       1       3       3       4       4
  -0.60558260591050476E-005       1       1       3       3       5       5
  -0.20466427287273699E-004       1       1       3       4       4       3
  -0.20466427287273713E-004       1       1       3       5       5       3
   0.65286820799328636E-003       1       1       4       1       1       4
  -0.37974141239662435E-003       1       1       4       1       2       4
   0.88724105711225634E-004       1       1       4       2       2       4
  -0.20466427287273709E-004       1       1       4       3       3       4
  -0.32580084790782004E-004       1       1       4       4       4       4
  -0.60558260591050502E-005       1       1       4       4       5       5
  -0.20466427287273713E-004       1       1       4       5       5       4
   0.65286820799329069E-003       1       1       5       1       1       5
  -0.37974141239662386E-003       1       1       5       1       2       5
   0.88724105711225634E-004       1       1       5       2       2       5
  -0.20466427287273709E-004       1       1       5       3       3       5
  -0.20466427287273713E-004       1       1       5       4       4       5
  -0.32580084790781990E-004       1       1       5       5       5       5
  -0.96537108327426490E-003       1       2       2       1       2       2
  -0.72270669361250154E-004       1       2       2       1       3       3
  -0.72270669361249951E-004       1       2       2       1       4       4
  -0.72270669361249951E-004       1       2       2       1       5       5
   0.81971030091086827E-004       1       2       2       2       2       2
  -0.32309725800529255E-004       1       2       2       2       3       3
  -0.32309725800529255E-004       1       2       2       2       4       4
  -0.32309725800529288E-004       1       2       2       2       5       5
  -0.48405927666487038E-004       1       2       2       3       2       3
  -0.48405927666487038E-004       1       2       2       4       2       4
  -0.48405927666487038E-004       1       2       2       5       2       5
  -0.10360617809422649E-002       1       2       3       1       2       3
   0.92802714835967692E-004       1       2       3       2       2       3
  -0.69243948100995080E-004       1       2       3       3       3       3
  -0.12289626589218452E-004       1       2       3       3       4       4
  -0.12289626589218466E-004       1       2       3       3       5       5
  -0.12289626589218464E-004       1       2       3       4       3       4
  -0.44661055392569409E-004       1       2       3       4       4       3
  -0.12289626589218471E-004       1       2       3       5       3       5
  -0.44661055392569395E-004       1       2       3       5       5       3
  -0.10360617809422653E-002       1       2       4       1       2       4
   0.92802714835967610E-004       1       2       4       2       2       4
  -0.44661055392569395E-004       1       2       4       3       3       4
  -0.69243948100995066E-004       1       2       4       4       4       4
  -0.12289626589218476E-004       1       2       4       4       5       5
  -0.12289626589218464E-004       1       2       4       5       4       5
  -0.44661055392569368E-004       1       2       4       5       5       4
  -0.10360617809422649E-002       1       2       5       1       2       5
   0.92802714835967773E-004       1       2       5       2       2       5
  -0.44661055392569375E-004       1       2       5       3       3       5
  -0.44661055392569375E-004       1       2       5       4       4       5
  -0.69243948100995107E-004       1       2       5       5       5       5
  -0.10217387918254196E-002       1       3       3       1       3       3
   0.68522257326815745E-004       1       3       3       1       4       4
   0.68522257326815691E-004       1       3       3       1       5       5
   0.89273804928873186E-004       1       3       3       2       3       3
  -0.12329056674598857E-004       1       3       3       2       4       4
  -0.12329056674598850E-004       1       3       3       2       5       5
  -0.11588429919350512E-002       1       3       4       1       3       4
   0.11394045649505420E-003       1       3       4       2       3       4
  -0.11588429919350506E-002       1       3       5       1       3       5
   0.11394045649505426E-003       1       3       5       2       3       5
  -0.10217387918254200E-002       1       4       4       1       4       4
   0.68522257326815650E-004       1       4       4       1       5       5
   0.89273804928873077E-004       1       4       4       2       4       4
  -0.12329056674598852E-004       1       4       4       2       5       5
  -0.11588429919350519E-002       1       4       5       1       4       5
   0.11394045649505412E-003       1       4       5       2       4       5
  -0.10217387918254211E-002       1       5       5       1       5       5
   0.89273804928873105E-004       1       5       5       2       5       5
  -0.59058348080532057E-003       2       2       2       2       2       2
  -0.29274635249912622E-003       2       2       2       2       3       3
  -0.29274635249912622E-003       2       2       2       2       4       4
  -0.29274635249912606E-003       2       2       2       2       5       5
  -0.57457875612350394E-003       2       2       3       2       2       3
  -0.44574563375933786E-003       2       2       3       3       3       3
  -0.11356317913127640E-003       2       2       3       3       4       4
  -0.11356317913127630E-003       2       2       3       3       5       5
  -0.21855464525489030E-003       2       2       3       4       4       3
  -0.21855464525489030E-003       2       2       3       5       5       3
  -0.57457875612350394E-003       2       2       4       2       2       4
  -0.21855464525489027E-003       2       2       4       3       3       4
  -0.44574563375933797E-003       2       2       4       4       4       4
  -0.11356317913127626E-003       2       2       4       4       5       5
  -0.21855464525489030E-003       2       2       4       5       5       4
  -0.57457875612350383E-003       2       2       5       2       2       5
  -0.21855464525489046E-003       2       2       5       3       3       5
  -0.21855464525489060E-003       2       2       5       4       4       5
  -0.44574563375933797E-003       2       2       5       5       5       5
  -0.66766087288994917E-003       2       3       3       2       3       3
  -0.81537718563954583E-004       2       3       3       2       4       4
  -0.81537718563954692E-004       2       3       3       2       5       5
  -0.50451368478107586E-003       2       3       4       2       3       4
  -0.50451368478107586E-003       2       3       5       2       3       5
  -0.66766087288994971E-003       2       4       4       2       4       4
  -0.81537718563954732E-004       2       4       4       2       5       5
  -0.50451368478107597E-003       2       4       5       2       4       5
  -0.66766087288994938E-003       2       5       5       2       5       5
  -0.91530523178711689E-003       3       3       3       3       3       3
  -0.10069735795589911E-003       3       3       3       3       4       4
  -0.10069735795589912E-003       3       3       3       3       5       5
  -0.51234517213143399E-003       3       3       4       3       3       4
  -0.10069735795589905E-003       3       3       4       4       4       4
  -0.34349349543399744E-004       3       3       4       4       5       5
  -0.31971061734069628E-004       3       3       4       5       5       4
  -0.51234517213143388E-003       3       3       5       3       3       5
  -0.31971061734069540E-004       3       3       5       4       4       5
  -0.10069735795589907E-003       3       3       5       5       5       5
  -0.51234517213143409E-003       3       4       4       3       4       4
  -0.31971061734069573E-004       3       4       4       3       5       5
  -0.44837160308502997E-003       3       4       5       3       4       5
  -0.51234517213143420E-003       3       5       5       3       5       5
  -0.91530523178711722E-003       4       4       4       4       4       4
  -0.10069735795589907E-003       4       4       4       4       5       5
  -0.51234517213143388E-003       4       4       5       4       4       5
  -0.10069735795589912E-003       4       4       5       5       5       5
  -0.51234517213143409E-003       4       5       5       4       5       5
  -0.91530523178711732E-003       5       5       5       5       5       5
