           5
  -0.17871644179427663E-001       1       1       1       1       1       1
   0.30102766346015949E-002       1       1       1       1       1       2
  -0.56693427935108128E-003       1       1       1       1       2       2
  -0.21183296513645767E-004       1       1       1       1       3       3
  -0.21183296513645665E-004       1       1       1       1       4       4
  -0.21183296513645756E-004       1       1       1       1       5       5
   0.11338700801989739E-003       1       1       1       2       2       2
  -0.46405197695997187E-005       1       1       1       2       3       3
  -0.46405197695997365E-005       1       1       1       2       4       4
  -0.46405197695997568E-005       1       1       1       2       5       5
   0.36291054914636394E-003       1       1       2       1       1       2
  -0.32770258257714568E-003       1       1       2       1       2       2
   0.23049971198485920E-004       1       1       2       1       3       3
   0.23049971198485900E-004       1       1       2       1       4       4
   0.23049971198485883E-004       1       1       2       1       5       5
   0.77268095528967013E-004       1       1       2       2       2       2
  -0.20660030601425784E-004       1       1       2       2       3       3
  -0.20660030601425808E-004       1       1       2       2       4       4
  -0.20660030601425808E-004       1       1       2       2       5       5
  -0.23871806361684140E-004       1       1       2       3       3       2
  -0.23871806361684160E-004       1       1       2       4       4       2
  -0.23871806361684153E-004       1       1       2       5       5       2
   0.65474454233402216E-003       1       1       3       1       1       3
  -0.38903924074214214E-003       1       1       3       1       2       3
   0.91086336579684142E-004       1       1       3       2       2       3
  -0.34128311171961593E-004       1       1       3       3       3       3
  -0.61044343687986289E-005       1       1       3       3       4       4
  -0.61044343687986213E-005       1       1       3       3       5       5
  -0.21917433305363382E-004       1       1       3       4       4       3
  -0.21917433305363382E-004       1       1       3       5       5       3
   0.65474454233401956E-003       1       1       4       1       1       4
  -0.38903924074214208E-003       1       1       4       1       2       4
   0.91086336579684142E-004       1       1       4       2       2       4
  -0.21917433305363382E-004       1       1       4       3       3       4
  -0.34128311171961620E-004       1       1       4       4       4       4
  -0.61044343687986315E-005       1       1       4       4       5       5
  -0.21917433305363399E-004       1       1       4       5       5       4
   0.65474454233402303E-003       1       1       5       1       1       5
  -0.38903924074214224E-003       1       1       5       1       2       5
   0.91086336579684088E-004       1       1       5       2       2       5
  -0.21917433305363395E-004       1       1       5       3       3       5
  -0.21917433305363385E-004       1       1       5       4       4       5
  -0.34128311171961620E-004       1       1       5       5       5       5
  -0.99227961827526409E-003       1       2       2       1       2       2
  -0.10688192601458608E-003       1       2       2       1       3       3
  -0.10688192601458590E-003       1       2       2       1       4       4
  -0.10688192601458601E-003       1       2       2       1       5       5
   0.85982319408081247E-004       1       2       2       2       2       2
  -0.36722905241018211E-004       1       2       2       2       3       3
  -0.36722905241018259E-004       1       2       2       2       4       4
  -0.36722905241018300E-004       1       2       2       2       5       5
  -0.54779050595595556E-004       1       2       2       3       2       3
  -0.54779050595595556E-004       1       2       2       4       2       4
  -0.54779050595595569E-004       1       2       2       5       2       5
  -0.10654958897195631E-002       1       2       3       1       2       3
   0.97089753291819023E-004       1       2       3       2       2       3
  -0.78066693538192839E-004       1       2       3       3       3       3
  -0.13630345410886654E-004       1       2       3       3       4       4
  -0.13630345410886645E-004       1       2       3       3       5       5
  -0.13630345410886664E-004       1       2       3       4       3       4
  -0.50802232474181865E-004       1       2       3       4       4       3
  -0.13630345410886637E-004       1       2       3       5       3       5
  -0.50802232474181906E-004       1       2       3       5       5       3
  -0.10654958897195629E-002       1       2       4       1       2       4
   0.97089753291818861E-004       1       2       4       2       2       4
  -0.50802232474181831E-004       1       2       4       3       3       4
  -0.78066693538192866E-004       1       2       4       4       4       4
  -0.13630345410886650E-004       1       2       4       4       5       5
  -0.13630345410886638E-004       1       2       4       5       4       5
  -0.50802232474181912E-004       1       2       4       5       5       4
  -0.10654958897195637E-002       1       2       5       1       2       5
   0.97089753291818861E-004       1       2       5       2       2       5
  -0.50802232474181838E-004       1       2       5       3       3       5
  -0.50802232474181838E-004       1       2       5       4       4       5
  -0.78066693538192839E-004       1       2       5       5       5       5
  -0.10501653025912707E-002       1       3       3       1       3       3
   0.71177638418571981E-004       1       3       3       1       4       4
   0.71177638418571995E-004       1       3       3       1       5       5
   0.93783633484863043E-004       1       3       3       2       3       3
  -0.12369720567292172E-004       1       3       3       2       4       4
  -0.12369720567292174E-004       1       3       3       2       5       5
  -0.11925799134433793E-002       1       3       4       1       3       4
   0.11853167875854738E-003       1       3       4       2       3       4
  -0.11925799134433796E-002       1       3       5       1       3       5
   0.11853167875854727E-003       1       3       5       2       3       5
  -0.10501653025912707E-002       1       4       4       1       4       4
   0.71177638418571954E-004       1       4       4       1       5       5
   0.93783633484862934E-004       1       4       4       2       4       4
  -0.12369720567292184E-004       1       4       4       2       5       5
  -0.11925799134433802E-002       1       4       5       1       4       5
   0.11853167875854716E-003       1       4       5       2       4       5
  -0.10501653025912700E-002       1       5       5       1       5       5
   0.93783633484862989E-004       1       5       5       2       5       5
  -0.57342231253597505E-003       2       2       2       2       2       2
  -0.31273711355386488E-003       2       2       2       2       3       3
  -0.31273711355386515E-003       2       2       2       2       4       4
  -0.31273711355386553E-003       2       2       2       2       5       5
  -0.55832172669543719E-003       2       2       3       2       2       3
  -0.47628542850684693E-003       2       2       3       3       3       3
  -0.11912087514511540E-003       2       2       3       3       4       4
  -0.11912087514511549E-003       2       2       3       3       5       5
  -0.23798021294598547E-003       2       2       3       4       4       3
  -0.23798021294598555E-003       2       2       3       5       5       3
  -0.55832172669543730E-003       2       2       4       2       2       4
  -0.23798021294598538E-003       2       2       4       3       3       4
  -0.47628542850684710E-003       2       2       4       4       4       4
  -0.11912087514511551E-003       2       2       4       4       5       5
  -0.23798021294598536E-003       2       2       4       5       5       4
  -0.55832172669543708E-003       2       2       5       2       2       5
  -0.23798021294598528E-003       2       2       5       3       3       5
  -0.23798021294598525E-003       2       2       5       4       4       5
  -0.47628542850684677E-003       2       2       5       5       5       5
  -0.65226206776455257E-003       2       3       3       2       3       3
  -0.81525953570526295E-004       2       3       3       2       4       4
  -0.81525953570526295E-004       2       3       3       2       5       5
  -0.48913778653827586E-003       2       3       4       2       3       4
  -0.48913778653827608E-003       2       3       5       2       3       5
  -0.65226206776455267E-003       2       4       4       2       4       4
  -0.81525953570526268E-004       2       4       4       2       5       5
  -0.48913778653827597E-003       2       4       5       2       4       5
  -0.65226206776455332E-003       2       5       5       2       5       5
  -0.90184819409953919E-003       3       3       3       3       3       3
  -0.10118388537555767E-003       3       3       3       3       4       4
  -0.10118388537555772E-003       3       3       3       3       5       5
  -0.49693968190411321E-003       3       3       4       3       3       4
  -0.10118388537555772E-003       3       3       4       4       4       4
  -0.35323544683259549E-004       3       3       4       4       5       5
  -0.30508163536868875E-004       3       3       4       5       5       4
  -0.49693968190411321E-003       3       3       5       3       3       5
  -0.30508163536868824E-004       3       3       5       4       4       5
  -0.10118388537555768E-003       3       3       5       5       5       5
  -0.49693968190411288E-003       3       4       4       3       4       4
  -0.30508163536868848E-004       3       4       4       3       5       5
  -0.43589233667134971E-003       3       4       5       3       4       5
  -0.49693968190411310E-003       3       5       5       3       5       5
  -0.90184819409953919E-003       4       4       4       4       4       4
  -0.10118388537555772E-003       4       4       4       4       5       5
  -0.49693968190411277E-003       4       4       5       4       4       5
  -0.10118388537555764E-003       4       4       5       5       5       5
  -0.49693968190411288E-003       4       5       5       4       5       5
  -0.90184819409953897E-003       5       5       5       5       5       5
