           5
  -0.17320189638452128E-001       1       1       1       1       1       1
   0.29353965442086754E-002       1       1       1       1       1       2
  -0.55546692360013529E-003       1       1       1       1       2       2
  -0.25800984487562538E-004       1       1       1       1       3       3
  -0.25800984487562588E-004       1       1       1       1       4       4
  -0.25800984487562683E-004       1       1       1       1       5       5
   0.11156759473828692E-003       1       1       1       2       2       2
  -0.35132508008252194E-005       1       1       1       2       3       3
  -0.35132508008252423E-005       1       1       1       2       4       4
  -0.35132508008252355E-005       1       1       1       2       5       5
   0.37937461793978238E-003       1       1       2       1       1       2
  -0.32037206509990309E-003       1       1       2       1       2       2
   0.15945968739016370E-004       1       1       2       1       3       3
   0.15945968739016170E-004       1       1       2       1       4       4
   0.15945968739016225E-004       1       1       2       1       5       5
   0.75390148028148219E-004       1       1       2       2       2       2
  -0.17502220951363762E-004       1       1       2       2       3       3
  -0.17502220951363806E-004       1       1       2       2       4       4
  -0.17502220951363782E-004       1       1       2       2       5       5
  -0.22480915072229353E-004       1       1       2       3       3       2
  -0.22480915072229377E-004       1       1       2       4       4       2
  -0.22480915072229408E-004       1       1       2       5       5       2
   0.66933362669480015E-003       1       1       3       1       1       3
  -0.38144117410875231E-003       1       1       3       1       2       3
   0.89186093552744608E-004       1       1       3       2       2       3
  -0.32707497697722265E-004       1       1       3       3       3       3
  -0.62042245948743700E-005       1       1       3       3       4       4
  -0.62042245948743742E-005       1       1       3       3       5       5
  -0.20296994733490609E-004       1       1       3       4       4       3
  -0.20296994733490616E-004       1       1       3       5       5       3
   0.66933362669480134E-003       1       1       4       1       1       4
  -0.38144117410875253E-003       1       1       4       1       2       4
   0.89186093552744649E-004       1       1       4       2       2       4
  -0.20296994733490599E-004       1       1       4       3       3       4
  -0.32707497697722245E-004       1       1       4       4       4       4
  -0.62042245948743725E-005       1       1       4       4       5       5
  -0.20296994733490619E-004       1       1       4       5       5       4
   0.66933362669480416E-003       1       1       5       1       1       5
  -0.38144117410875253E-003       1       1       5       1       2       5
   0.89186093552744649E-004       1       1       5       2       2       5
  -0.20296994733490602E-004       1       1       5       3       3       5
  -0.20296994733490609E-004       1       1       5       4       4       5
  -0.32707497697722238E-004       1       1       5       5       5       5
  -0.96709068716729495E-003       1       2       2       1       2       2
  -0.66586457688654394E-004       1       2       2       1       3       3
  -0.66586457688654218E-004       1       2       2       1       4       4
  -0.66586457688653893E-004       1       2       2       1       5       5
   0.82448059565556312E-004       1       2       2       2       2       2
  -0.33505366980171131E-004       1       2       2       2       3       3
  -0.33505366980171158E-004       1       2       2       2       4       4
  -0.33505366980171151E-004       1       2       2       2       5       5
  -0.48839957490031066E-004       1       2       2       3       2       3
  -0.48839957490031066E-004       1       2       2       4       2       4
  -0.48839957490031046E-004       1       2       2       5       2       5
  -0.10372415316711346E-002       1       2       3       1       2       3
   0.93338444430934159E-004       1       2       3       2       2       3
  -0.70146968490060355E-004       1       2       3       3       3       3
  -0.12673431578750196E-004       1       2       3       3       4       4
  -0.12673431578750214E-004       1       2       3       3       5       5
  -0.12673431578750214E-004       1       2       3       4       3       4
  -0.44796364909372124E-004       1       2       3       4       4       3
  -0.12673431578750221E-004       1       2       3       5       3       5
  -0.44796364909372124E-004       1       2       3       5       5       3
  -0.10372415316711357E-002       1       2       4       1       2       4
   0.93338444430934105E-004       1       2       4       2       2       4
  -0.44796364909372111E-004       1       2       4       3       3       4
  -0.70146968490060368E-004       1       2       4       4       4       4
  -0.12673431578750209E-004       1       2       4       4       5       5
  -0.12673431578750209E-004       1       2       4       5       4       5
  -0.44796364909372097E-004       1       2       4       5       5       4
  -0.10372415316711350E-002       1       2       5       1       2       5
   0.93338444430934118E-004       1       2       5       2       2       5
  -0.44796364909372090E-004       1       2       5       3       3       5
  -0.44796364909372097E-004       1       2       5       4       4       5
  -0.70146968490060341E-004       1       2       5       5       5       5
  -0.10194003626040960E-002       1       3       3       1       3       3
   0.70906928092025800E-004       1       3       3       1       4       4
   0.70906928092025705E-004       1       3       3       1       5       5
   0.89501686427241242E-004       1       3       3       2       3       3
  -0.12620782196981575E-004       1       3       3       2       4       4
  -0.12620782196981583E-004       1       3       3       2       5       5
  -0.11612734043371326E-002       1       3       4       1       3       4
   0.11475183140669383E-003       1       3       4       2       3       4
  -0.11612734043371328E-002       1       3       5       1       3       5
   0.11475183140669386E-003       1       3       5       2       3       5
  -0.10194003626040958E-002       1       4       4       1       4       4
   0.70906928092025759E-004       1       4       4       1       5       5
   0.89501686427241310E-004       1       4       4       2       4       4
  -0.12620782196981581E-004       1       4       4       2       5       5
  -0.11612734043371323E-002       1       4       5       1       4       5
   0.11475183140669375E-003       1       4       5       2       4       5
  -0.10194003626040967E-002       1       5       5       1       5       5
   0.89501686427241256E-004       1       5       5       2       5       5
  -0.58610657448328741E-003       2       2       2       2       2       2
  -0.29697779652101101E-003       2       2       2       2       3       3
  -0.29697779652101161E-003       2       2       2       2       4       4
  -0.29697779652101118E-003       2       2       2       2       5       5
  -0.57026437924190786E-003       2       2       3       2       2       3
  -0.45418983969865314E-003       2       2       3       3       3       3
  -0.11676349488717888E-003       2       2       3       3       4       4
  -0.11676349488717896E-003       2       2       3       3       5       5
  -0.22059717564397273E-003       2       2       3       4       4       3
  -0.22059717564397273E-003       2       2       3       5       5       3
  -0.57026437924190786E-003       2       2       4       2       2       4
  -0.22059717564397268E-003       2       2       4       3       3       4
  -0.45418983969865319E-003       2       2       4       4       4       4
  -0.11676349488717908E-003       2       2       4       4       5       5
  -0.22059717564397268E-003       2       2       4       5       5       4
  -0.57026437924190764E-003       2       2       5       2       2       5
  -0.22059717564397273E-003       2       2       5       3       3       5
  -0.22059717564397278E-003       2       2       5       4       4       5
  -0.45418983969865319E-003       2       2       5       5       5       5
  -0.66596657186065978E-003       2       3       3       2       3       3
  -0.83437398028267539E-004       2       3       3       2       4       4
  -0.83437398028267607E-004       2       3       3       2       5       5
  -0.49901949244992748E-003       2       3       4       2       3       4
  -0.49901949244992758E-003       2       3       5       2       3       5
  -0.66596657186066021E-003       2       4       4       2       4       4
  -0.83437398028267607E-004       2       4       4       2       5       5
  -0.49901949244992758E-003       2       4       5       2       4       5
  -0.66596657186066097E-003       2       5       5       2       5       5
  -0.92024861749409657E-003       3       3       3       3       3       3
  -0.10324716661272134E-003       3       3       3       3       4       4
  -0.10324716661272142E-003       3       3       3       3       5       5
  -0.50708764884917570E-003       3       3       4       3       3       4
  -0.10324716661272128E-003       3       3       4       4       4       4
  -0.35528416704237376E-004       3       3       4       4       5       5
  -0.32162900677308690E-004       3       3       4       5       5       4
  -0.50708764884917581E-003       3       3       5       3       3       5
  -0.32162900677308676E-004       3       3       5       4       4       5
  -0.10324716661272131E-003       3       3       5       5       5       5
  -0.50708764884917570E-003       3       4       4       3       4       4
  -0.32162900677308649E-004       3       4       4       3       5       5
  -0.44273041735677610E-003       3       4       5       3       4       5
  -0.50708764884917603E-003       3       5       5       3       5       5
  -0.92024861749409712E-003       4       4       4       4       4       4
  -0.10324716661272145E-003       4       4       4       4       5       5
  -0.50708764884917581E-003       4       4       5       4       4       5
  -0.10324716661272139E-003       4       4       5       5       5       5
  -0.50708764884917603E-003       4       5       5       4       5       5
  -0.92024861749409798E-003       5       5       5       5       5       5
