           5
  -0.16853625805292857E-001       1       1       1       1       1       1
   0.28747063901945623E-002       1       1       1       1       1       2
  -0.54773324193487720E-003       1       1       1       1       2       2
  -0.26550996596880797E-004       1       1       1       1       3       3
  -0.26550996596880783E-004       1       1       1       1       4       4
  -0.26550996596880909E-004       1       1       1       1       5       5
   0.11052741221705062E-003       1       1       1       2       2       2
  -0.34080454270432516E-005       1       1       1       2       3       3
  -0.34080454270432605E-005       1       1       1       2       4       4
  -0.34080454270432448E-005       1       1       1       2       5       5
   0.28145296907375556E-003       1       1       2       1       1       2
  -0.31211793337074679E-003       1       1       2       1       2       2
   0.12902262561686659E-004       1       1       2       1       3       3
   0.12902262561686785E-004       1       1       2       1       4       4
   0.12902262561686966E-004       1       1       2       1       5       5
   0.74526162660976605E-004       1       1       2       2       2       2
  -0.17125664623701275E-004       1       1       2       2       3       3
  -0.17125664623701299E-004       1       1       2       2       4       4
  -0.17125664623701305E-004       1       1       2       2       5       5
  -0.22348592553009535E-004       1       1       2       3       3       2
  -0.22348592553009559E-004       1       1       2       4       4       2
  -0.22348592553009559E-004       1       1       2       5       5       2
   0.57841808662607527E-003       1       1       3       1       1       3
  -0.37388370383639822E-003       1       1       3       1       2       3
   0.88371259972070033E-004       1       1       3       2       2       3
  -0.32303936124935950E-004       1       1       3       3       3       3
  -0.59966715858402925E-005       1       1       3       3       4       4
  -0.59966715858402908E-005       1       1       3       3       5       5
  -0.20308592833657967E-004       1       1       3       4       4       3
  -0.20308592833657981E-004       1       1       3       5       5       3
   0.57841808662607874E-003       1       1       4       1       1       4
  -0.37388370383639827E-003       1       1       4       1       2       4
   0.88371259972070155E-004       1       1       4       2       2       4
  -0.20308592833657967E-004       1       1       4       3       3       4
  -0.32303936124935997E-004       1       1       4       4       4       4
  -0.59966715858402925E-005       1       1       4       4       5       5
  -0.20308592833657960E-004       1       1       4       5       5       4
   0.57841808662607960E-003       1       1       5       1       1       5
  -0.37388370383639854E-003       1       1       5       1       2       5
   0.88371259972070196E-004       1       1       5       2       2       5
  -0.20308592833657974E-004       1       1       5       3       3       5
  -0.20308592833657964E-004       1       1       5       4       4       5
  -0.32303936124935983E-004       1       1       5       5       5       5
  -0.96146541732056276E-003       1       2       2       1       2       2
  -0.78243996530335278E-004       1       2       2       1       3       3
  -0.78243996530335074E-004       1       2       2       1       4       4
  -0.78243996530334708E-004       1       2       2       1       5       5
   0.82793392615061412E-004       1       2       2       2       2       2
  -0.32807963640667627E-004       1       2       2       2       3       3
  -0.32807963640667627E-004       1       2       2       2       4       4
  -0.32807963640667641E-004       1       2       2       2       5       5
  -0.48327524520816998E-004       1       2       2       3       2       3
  -0.48327524520816958E-004       1       2       2       4       2       4
  -0.48327524520816958E-004       1       2       2       5       2       5
  -0.10343332543555821E-002       1       2       3       1       2       3
   0.93775583110525633E-004       1       2       3       2       2       3
  -0.69420689435903491E-004       1       2       3       3       3       3
  -0.12478808297953350E-004       1       2       3       3       4       4
  -0.12478808297953357E-004       1       2       3       3       5       5
  -0.12478808297953338E-004       1       2       3       4       3       4
  -0.44459385968854604E-004       1       2       3       4       4       3
  -0.12478808297953343E-004       1       2       3       5       3       5
  -0.44459385968854624E-004       1       2       3       5       5       3
  -0.10343332543555814E-002       1       2       4       1       2       4
   0.93775583110525647E-004       1       2       4       2       2       4
  -0.44459385968854617E-004       1       2       4       3       3       4
  -0.69420689435903491E-004       1       2       4       4       4       4
  -0.12478808297953355E-004       1       2       4       4       5       5
  -0.12478808297953345E-004       1       2       4       5       4       5
  -0.44459385968854617E-004       1       2       4       5       5       4
  -0.10343332543555821E-002       1       2       5       1       2       5
   0.93775583110525647E-004       1       2       5       2       2       5
  -0.44459385968854570E-004       1       2       5       3       3       5
  -0.44459385968854576E-004       1       2       5       4       4       5
  -0.69420689435903478E-004       1       2       5       5       5       5
  -0.10230123500100691E-002       1       3       3       1       3       3
   0.67834076225747937E-004       1       3       3       1       4       4
   0.67834076225747788E-004       1       3       3       1       5       5
   0.90738051149734118E-004       1       3       3       2       3       3
  -0.12069582700049534E-004       1       3       3       2       4       4
  -0.12069582700049539E-004       1       3       3       2       5       5
  -0.11587398333833356E-002       1       3       4       1       3       4
   0.11488572976421752E-003       1       3       4       2       3       4
  -0.11587398333833363E-002       1       3       5       1       3       5
   0.11488572976421746E-003       1       3       5       2       3       5
  -0.10230123500100695E-002       1       4       4       1       4       4
   0.67834076225747788E-004       1       4       4       1       5       5
   0.90738051149734118E-004       1       4       4       2       4       4
  -0.12069582700049530E-004       1       4       4       2       5       5
  -0.11587398333833363E-002       1       4       5       1       4       5
   0.11488572976421741E-003       1       4       5       2       4       5
  -0.10230123500100698E-002       1       5       5       1       5       5
   0.90738051149734145E-004       1       5       5       2       5       5
  -0.57464613227340843E-003       2       2       2       2       2       2
  -0.29925263067640375E-003       2       2       2       2       3       3
  -0.29925263067640375E-003       2       2       2       2       4       4
  -0.29925263067640364E-003       2       2       2       2       5       5
  -0.55901646388124230E-003       2       2       3       2       2       3
  -0.45716507563394490E-003       2       2       3       3       3       3
  -0.11708965827235930E-003       2       2       3       3       4       4
  -0.11708965827235930E-003       2       2       3       3       5       5
  -0.22292099581107429E-003       2       2       3       4       4       3
  -0.22292099581107421E-003       2       2       3       5       5       3
  -0.55901646388124230E-003       2       2       4       2       2       4
  -0.22292099581107440E-003       2       2       4       3       3       4
  -0.45716507563394495E-003       2       2       4       4       4       4
  -0.11708965827235930E-003       2       2       4       4       5       5
  -0.22292099581107440E-003       2       2       4       5       5       4
  -0.55901646388124241E-003       2       2       5       2       2       5
  -0.22292099581107440E-003       2       2       5       3       3       5
  -0.22292099581107451E-003       2       2       5       4       4       5
  -0.45716507563394522E-003       2       2       5       5       5       5
  -0.65331364524435283E-003       2       3       3       2       3       3
  -0.82134921037339709E-004       2       3       3       2       4       4
  -0.82134921037339722E-004       2       3       3       2       5       5
  -0.48897158775894822E-003       2       3       4       2       3       4
  -0.48897158775894822E-003       2       3       5       2       3       5
  -0.65331364524435272E-003       2       4       4       2       4       4
  -0.82134921037339749E-004       2       4       4       2       5       5
  -0.48897158775894833E-003       2       4       5       2       4       5
  -0.65331364524435240E-003       2       5       5       2       5       5
  -0.90361227777245470E-003       3       3       3       3       3       3
  -0.10158251515642088E-003       3       3       3       3       4       4
  -0.10158251515642098E-003       3       3       3       3       5       5
  -0.49710981887108306E-003       3       3       4       3       3       4
  -0.10158251515642077E-003       3       3       4       4       4       4
  -0.34964413248394867E-004       3       3       4       4       5       5
  -0.31625817144328408E-004       3       3       4       5       5       4
  -0.49710981887108284E-003       3       3       5       3       3       5
  -0.31625817144328368E-004       3       3       5       4       4       5
  -0.10158251515642085E-003       3       3       5       5       5       5
  -0.49710981887108284E-003       3       4       4       3       4       4
  -0.31625817144328368E-004       3       4       4       3       5       5
  -0.43382717403795030E-003       3       4       5       3       4       5
  -0.49710981887108327E-003       3       5       5       3       5       5
  -0.90361227777245460E-003       4       4       4       4       4       4
  -0.10158251515642093E-003       4       4       4       4       5       5
  -0.49710981887108262E-003       4       4       5       4       4       5
  -0.10158251515642092E-003       4       4       5       5       5       5
  -0.49710981887108349E-003       4       5       5       4       5       5
  -0.90361227777245438E-003       5       5       5       5       5       5
