           5
  -0.17127566431152562E-001       1       1       1       1       1       1
   0.29092149285905714E-002       1       1       1       1       1       2
  -0.55123547722526946E-003       1       1       1       1       2       2
  -0.26818809072603943E-004       1       1       1       1       3       3
  -0.26818809072603849E-004       1       1       1       1       4       4
  -0.26818809072603852E-004       1       1       1       1       5       5
   0.11072026928728022E-003       1       1       1       2       2       2
  -0.33606578503513138E-005       1       1       1       2       3       3
  -0.33606578503513341E-005       1       1       1       2       4       4
  -0.33606578503513231E-005       1       1       1       2       5       5
   0.36298282801531005E-003       1       1       2       1       1       2
  -0.31814673988396475E-003       1       1       2       1       2       2
   0.13301231167310387E-004       1       1       2       1       3       3
   0.13301231167310368E-004       1       1       2       1       4       4
   0.13301231167310332E-004       1       1       2       1       5       5
   0.74906500265751720E-004       1       1       2       2       2       2
  -0.17145326699200630E-004       1       1       2       2       3       3
  -0.17145326699200651E-004       1       1       2       2       4       4
  -0.17145326699200630E-004       1       1       2       2       5       5
  -0.22573736807331123E-004       1       1       2       3       3       2
  -0.22573736807331109E-004       1       1       2       4       4       2
  -0.22573736807331109E-004       1       1       2       5       5       2
   0.65369543471874986E-003       1       1       3       1       1       3
  -0.37898486432073691E-003       1       1       3       1       2       3
   0.88592045414387496E-004       1       1       3       2       2       3
  -0.32157292248993808E-004       1       1       3       3       3       3
  -0.57333165336954636E-005       1       1       3       3       4       4
  -0.57333165336954636E-005       1       1       3       3       5       5
  -0.20688752053263908E-004       1       1       3       4       4       3
  -0.20688752053263905E-004       1       1       3       5       5       3
   0.65369543471874639E-003       1       1       4       1       1       4
  -0.37898486432073696E-003       1       1       4       1       2       4
   0.88592045414387401E-004       1       1       4       2       2       4
  -0.20688752053263898E-004       1       1       4       3       3       4
  -0.32157292248993781E-004       1       1       4       4       4       4
  -0.57333165336954619E-005       1       1       4       4       5       5
  -0.20688752053263891E-004       1       1       4       5       5       4
   0.65369543471874433E-003       1       1       5       1       1       5
  -0.37898486432073691E-003       1       1       5       1       2       5
   0.88592045414387388E-004       1       1       5       2       2       5
  -0.20688752053263894E-004       1       1       5       3       3       5
  -0.20688752053263905E-004       1       1       5       4       4       5
  -0.32157292248993767E-004       1       1       5       5       5       5
  -0.97443491527608814E-003       1       2       2       1       2       2
  -0.73231730140040216E-004       1       2       2       1       3       3
  -0.73231730140040392E-004       1       2       2       1       4       4
  -0.73231730140040216E-004       1       2       2       1       5       5
   0.82940110848760552E-004       1       2       2       2       2       2
  -0.32675907688024401E-004       1       2       2       2       3       3
  -0.32675907688024428E-004       1       2       2       2       4       4
  -0.32675907688024408E-004       1       2       2       2       5       5
  -0.48830704324415751E-004       1       2       2       3       2       3
  -0.48830704324415730E-004       1       2       2       4       2       4
  -0.48830704324415730E-004       1       2       2       5       2       5
  -0.10440816529186650E-002       1       2       3       1       2       3
   0.93704367083956367E-004       1       2       3       2       2       3
  -0.68973089408523748E-004       1       2       3       3       3       3
  -0.11802488985242732E-004       1       2       3       3       4       4
  -0.11802488985242740E-004       1       2       3       3       5       5
  -0.11802488985242735E-004       1       2       3       4       3       4
  -0.45364613140942134E-004       1       2       3       4       4       3
  -0.11802488985242769E-004       1       2       3       5       3       5
  -0.45364613140942174E-004       1       2       3       5       5       3
  -0.10440816529186648E-002       1       2       4       1       2       4
   0.93704367083956245E-004       1       2       4       2       2       4
  -0.45364613140942127E-004       1       2       4       3       3       4
  -0.68973089408523803E-004       1       2       4       4       4       4
  -0.11802488985242739E-004       1       2       4       4       5       5
  -0.11802488985242773E-004       1       2       4       5       4       5
  -0.45364613140942181E-004       1       2       4       5       5       4
  -0.10440816529186641E-002       1       2       5       1       2       5
   0.93704367083956259E-004       1       2       5       2       2       5
  -0.45364613140942134E-004       1       2       5       3       3       5
  -0.45364613140942161E-004       1       2       5       4       4       5
  -0.68973089408523748E-004       1       2       5       5       5       5
  -0.10292866072973959E-002       1       3       3       1       3       3
   0.68146444362173096E-004       1       3       3       1       4       4
   0.68146444362173056E-004       1       3       3       1       5       5
   0.90762793918843857E-004       1       3       3       2       3       3
  -0.11831421675293196E-004       1       3       3       2       4       4
  -0.11831421675293198E-004       1       3       3       2       5       5
  -0.11656377252794339E-002       1       3       4       1       3       4
   0.11443395876026925E-003       1       3       4       2       3       4
  -0.11656377252794344E-002       1       3       5       1       3       5
   0.11443395876026932E-003       1       3       5       2       3       5
  -0.10292866072973963E-002       1       4       4       1       4       4
   0.68146444362173029E-004       1       4       4       1       5       5
   0.90762793918844128E-004       1       4       4       2       4       4
  -0.11831421675293196E-004       1       4       4       2       5       5
  -0.11656377252794341E-002       1       4       5       1       4       5
   0.11443395876026917E-003       1       4       5       2       4       5
  -0.10292866072973967E-002       1       5       5       1       5       5
   0.90762793918844331E-004       1       5       5       2       5       5
  -0.58233985942806395E-003       2       2       2       2       2       2
  -0.29452300024491334E-003       2       2       2       2       3       3
  -0.29452300024491334E-003       2       2       2       2       4       4
  -0.29452300024491323E-003       2       2       2       2       5       5
  -0.56698391303329964E-003       2       2       3       2       2       3
  -0.44699012582676402E-003       2       2       3       3       3       3
  -0.11306809792333273E-003       2       2       3       3       4       4
  -0.11306809792333277E-003       2       2       3       3       5       5
  -0.22079140946901170E-003       2       2       3       4       4       3
  -0.22079140946901159E-003       2       2       3       5       5       3
  -0.56698391303329975E-003       2       2       4       2       2       4
  -0.22079140946901159E-003       2       2       4       3       3       4
  -0.44699012582676402E-003       2       2       4       4       4       4
  -0.11306809792333277E-003       2       2       4       4       5       5
  -0.22079140946901159E-003       2       2       4       5       5       4
  -0.56698391303329975E-003       2       2       5       2       2       5
  -0.22079140946901159E-003       2       2       5       3       3       5
  -0.22079140946901167E-003       2       2       5       4       4       5
  -0.44699012582676332E-003       2       2       5       5       5       5
  -0.65761562220934162E-003       2       3       3       2       3       3
  -0.79272475063506866E-004       2       3       3       2       4       4
  -0.79272475063506934E-004       2       3       3       2       5       5
  -0.49900045347905095E-003       2       3       4       2       3       4
  -0.49900045347905117E-003       2       3       5       2       3       5
  -0.65761562220934097E-003       2       4       4       2       4       4
  -0.79272475063506921E-004       2       4       4       2       5       5
  -0.49900045347905117E-003       2       4       5       2       4       5
  -0.65761562220934087E-003       2       5       5       2       5       5
  -0.89793009549756777E-003       3       3       3       3       3       3
  -0.97795308141709395E-004       3       3       3       3       4       4
  -0.97795308141709436E-004       3       3       3       3       5       5
  -0.50658071810686625E-003       3       3       4       3       3       4
  -0.97795308141709355E-004       3       3       4       4       4       4
  -0.33503183866133393E-004       3       3       4       4       5       5
  -0.30761703814199418E-004       3       3       4       5       5       4
  -0.50658071810686614E-003       3       3       5       3       3       5
  -0.30761703814199411E-004       3       3       5       4       4       5
  -0.97795308141709382E-004       3       3       5       5       5       5
  -0.50658071810686625E-003       3       4       4       3       4       4
  -0.30761703814199411E-004       3       4       4       3       5       5
  -0.44502771354540876E-003       3       4       5       3       4       5
  -0.50658071810686604E-003       3       5       5       3       5       5
  -0.89793009549756831E-003       4       4       4       4       4       4
  -0.97795308141709463E-004       4       4       4       4       5       5
  -0.50658071810686604E-003       4       4       5       4       4       5
  -0.97795308141709355E-004       4       4       5       5       5       5
  -0.50658071810686625E-003       4       5       5       4       5       5
  -0.89793009549756864E-003       5       5       5       5       5       5
