           5
  -0.17223777605911948E-001       1       1       1       1       1       1
   0.29295664553916244E-002       1       1       1       1       1       2
  -0.55516971920277535E-003       1       1       1       1       2       2
  -0.26513945932020046E-004       1       1       1       1       3       3
  -0.26513945932020103E-004       1       1       1       1       4       4
  -0.26513945932020100E-004       1       1       1       1       5       5
   0.11149821182573608E-003       1       1       1       2       2       2
  -0.33843282077167507E-005       1       1       1       2       3       3
  -0.33843282077167596E-005       1       1       1       2       4       4
  -0.33843282077167664E-005       1       1       1       2       5       5
   0.38259740567984837E-003       1       1       2       1       1       2
  -0.32138034946659153E-003       1       1       2       1       2       2
   0.11899700524607454E-004       1       1       2       1       3       3
   0.11899700524607436E-004       1       1       2       1       4       4
   0.11899700524607254E-004       1       1       2       1       5       5
   0.75622291960316805E-004       1       1       2       2       2       2
  -0.16943550854520063E-004       1       1       2       2       3       3
  -0.16943550854520049E-004       1       1       2       2       4       4
  -0.16943550854520042E-004       1       1       2       2       5       5
  -0.22475230247425954E-004       1       1       2       3       3       2
  -0.22475230247425951E-004       1       1       2       4       4       2
  -0.22475230247425951E-004       1       1       2       5       5       2
   0.67584028508762520E-003       1       1       3       1       1       3
  -0.38262574314227709E-003       1       1       3       1       2       3
   0.89388778828100568E-004       1       1       3       2       2       3
  -0.32373373743153677E-004       1       1       3       3       3       3
  -0.59703864288122690E-005       1       1       3       3       4       4
  -0.59703864288122740E-005       1       1       3       3       5       5
  -0.20430621765321395E-004       1       1       3       4       4       3
  -0.20430621765321384E-004       1       1       3       5       5       3
   0.67584028508762813E-003       1       1       4       1       1       4
  -0.38262574314227714E-003       1       1       4       1       2       4
   0.89388778828100677E-004       1       1       4       2       2       4
  -0.20430621765321395E-004       1       1       4       3       3       4
  -0.32373373743153637E-004       1       1       4       4       4       4
  -0.59703864288122740E-005       1       1       4       4       5       5
  -0.20430621765321395E-004       1       1       4       5       5       4
   0.67584028508762607E-003       1       1       5       1       1       5
  -0.38262574314227714E-003       1       1       5       1       2       5
   0.89388778828100596E-004       1       1       5       2       2       5
  -0.20430621765321384E-004       1       1       5       3       3       5
  -0.20430621765321391E-004       1       1       5       4       4       5
  -0.32373373743153630E-004       1       1       5       5       5       5
  -0.94568379259642578E-003       1       2       2       1       2       2
  -0.74376437607879859E-004       1       2       2       1       3       3
  -0.74376437607879994E-004       1       2       2       1       4       4
  -0.74376437607879926E-004       1       2       2       1       5       5
   0.81828954381360416E-004       1       2       2       2       2       2
  -0.32003502687721945E-004       1       2       2       2       3       3
  -0.32003502687721938E-004       1       2       2       2       4       4
  -0.32003502687721918E-004       1       2       2       2       5       5
  -0.48400147584451188E-004       1       2       2       3       2       3
  -0.48400147584451154E-004       1       2       2       4       2       4
  -0.48400147584451168E-004       1       2       2       5       2       5
  -0.10175253312509969E-002       1       2       3       1       2       3
   0.92808250423711834E-004       1       2       3       2       2       3
  -0.68975745948057402E-004       1       2       3       3       3       3
  -0.12111846798204165E-004       1       2       3       3       4       4
  -0.12111846798204182E-004       1       2       3       3       5       5
  -0.12111846798204150E-004       1       2       3       4       3       4
  -0.44748487527314335E-004       1       2       3       4       4       3
  -0.12111846798204163E-004       1       2       3       5       3       5
  -0.44748487527314369E-004       1       2       3       5       5       3
  -0.10175253312509967E-002       1       2       4       1       2       4
   0.92808250423711725E-004       1       2       4       2       2       4
  -0.44748487527314322E-004       1       2       4       3       3       4
  -0.68975745948057389E-004       1       2       4       4       4       4
  -0.12111846798204182E-004       1       2       4       4       5       5
  -0.12111846798204165E-004       1       2       4       5       4       5
  -0.44748487527314403E-004       1       2       4       5       5       4
  -0.10175253312509976E-002       1       2       5       1       2       5
   0.92808250423711671E-004       1       2       5       2       2       5
  -0.44748487527314342E-004       1       2       5       3       3       5
  -0.44748487527314376E-004       1       2       5       4       4       5
  -0.68975745948057389E-004       1       2       5       5       5       5
  -0.10033700317579359E-002       1       3       3       1       3       3
   0.69230914600287337E-004       1       3       3       1       4       4
   0.69230914600287161E-004       1       3       3       1       5       5
   0.89669701370387954E-004       1       3       3       2       3       3
  -0.12139785316112929E-004       1       3       3       2       4       4
  -0.12139785316112927E-004       1       3       3       2       5       5
  -0.11418915180623013E-002       1       3       4       1       3       4
   0.11395773509316175E-003       1       3       4       2       3       4
  -0.11418915180623007E-002       1       3       5       1       3       5
   0.11395773509316174E-003       1       3       5       2       3       5
  -0.10033700317579361E-002       1       4       4       1       4       4
   0.69230914600287161E-004       1       4       4       1       5       5
   0.89669701370387940E-004       1       4       4       2       4       4
  -0.12139785316112927E-004       1       4       4       2       5       5
  -0.11418915180623009E-002       1       4       5       1       4       5
   0.11395773509316163E-003       1       4       5       2       4       5
  -0.10033700317579359E-002       1       5       5       1       5       5
   0.89669701370387805E-004       1       5       5       2       5       5
  -0.58498327505424855E-003       2       2       2       2       2       2
  -0.29646447275752293E-003       2       2       2       2       3       3
  -0.29646447275752310E-003       2       2       2       2       4       4
  -0.29646447275752288E-003       2       2       2       2       5       5
  -0.56811377213297255E-003       2       2       3       2       2       3
  -0.44929652552188303E-003       2       2       3       3       3       3
  -0.11363050056272856E-003       2       2       3       3       4       4
  -0.11363050056272854E-003       2       2       3       3       5       5
  -0.22197135170016981E-003       2       2       3       4       4       3
  -0.22197135170016975E-003       2       2       3       5       5       3
  -0.56811377213297266E-003       2       2       4       2       2       4
  -0.22197135170016986E-003       2       2       4       3       3       4
  -0.44929652552188330E-003       2       2       4       4       4       4
  -0.11363050056272851E-003       2       2       4       4       5       5
  -0.22197135170016970E-003       2       2       4       5       5       4
  -0.56811377213297288E-003       2       2       5       2       2       5
  -0.22197135170016983E-003       2       2       5       3       3       5
  -0.22197135170016992E-003       2       2       5       4       4       5
  -0.44929652552188335E-003       2       2       5       5       5       5
  -0.66053735859189283E-003       2       3       3       2       3       3
  -0.81648100127956519E-004       2       3       3       2       4       4
  -0.81648100127956573E-004       2       3       3       2       5       5
  -0.49716919682138167E-003       2       3       4       2       3       4
  -0.49716919682138167E-003       2       3       5       2       3       5
  -0.66053735859189304E-003       2       4       4       2       4       4
  -0.81648100127956573E-004       2       4       4       2       5       5
  -0.49716919682138145E-003       2       4       5       2       4       5
  -0.66053735859189326E-003       2       5       5       2       5       5
  -0.90667386348950970E-003       3       3       3       3       3       3
  -0.10048650843173576E-003       3       3       3       3       4       4
  -0.10048650843173573E-003       3       3       3       3       5       5
  -0.50455667987168182E-003       3       3       4       3       3       4
  -0.10048650843173576E-003       3       3       4       4       4       4
  -0.34089896427227253E-004       3       3       4       4       5       5
  -0.32279512074819966E-004       3       3       4       5       5       4
  -0.50455667987168193E-003       3       3       5       3       3       5
  -0.32279512074819959E-004       3       3       5       4       4       5
  -0.10048650843173584E-003       3       3       5       5       5       5
  -0.50455667987168193E-003       3       4       4       3       4       4
  -0.32279512074819953E-004       3       4       4       3       5       5
  -0.43996624789708157E-003       3       4       5       3       4       5
  -0.50455667987168171E-003       3       5       5       3       5       5
  -0.90667386348950948E-003       4       4       4       4       4       4
  -0.10048650843173579E-003       4       4       4       4       5       5
  -0.50455667987168149E-003       4       4       5       4       4       5
  -0.10048650843173584E-003       4       4       5       5       5       5
  -0.50455667987168149E-003       4       5       5       4       5       5
  -0.90667386348950948E-003       5       5       5       5       5       5
