&FCI
 NORB=5,
 NELEC=10,
 MS2=0,
 ISYM=1,
 ORBSYM=1,1,1,1,1,
 ST=1,
 III=1,
 OCC=5,
 CLOSED=5,
 /
    5.9439035824457358            1       1       1       1
  -0.87687960329026970            2       1       1       1
  -0.35524625974814700            1       2       1       1
    1.3590458760064679            2       2       1       1
    1.3450940314684932            3       3       1       1
    1.3450940314684934            4       4       1       1
    1.3450940314684932            5       5       1       1
  -0.87687960329026970            1       1       2       1
   0.15428508305930472            2       1       2       1
   0.10223055246104459            1       2       2       1
  -0.11479476870566466            2       2       2       1
  -0.10003399695237125            3       3       2       1
  -0.10003399695237128            4       4       2       1
  -0.10003399695237136            5       5       2       1
   0.58513617282037134E-001       3       1       3       1
   0.62991047618975476E-001       3       2       3       1
   0.34835131724615873E-001       1       3       3       1
   0.60960088012370343E-001       2       3       3       1
   0.58513617282037134E-001       4       1       4       1
   0.62991047618975476E-001       4       2       4       1
   0.34835131724615873E-001       1       4       4       1
   0.60960088012370343E-001       2       4       4       1
   0.58513617282037161E-001       5       1       5       1
   0.62991047618975476E-001       5       2       5       1
   0.34835131724615886E-001       1       5       5       1
   0.60960088012370343E-001       2       5       5       1
  -0.35524625974814700            1       1       1       2
   0.10223055246104459            2       1       1       2
   0.50176021862784463E-001       1       2       1       2
   0.47275374919475276E-001       2       2       1       2
   0.59120260405034313E-001       3       3       1       2
   0.59120260405034493E-001       4       4       1       2
   0.59120260405034604E-001       5       5       1       2
    1.3590458760064679            1       1       2       2
  -0.11479476870566466            2       1       2       2
   0.47275374919475276E-001       1       2       2       2
   0.81725237995526367            2       2       2       2
   0.83439863939821035            3       3       2       2
   0.83439863939821046            4       4       2       2
   0.83439863939821046            5       5       2       2
   0.62991047618975476E-001       3       1       3       2
   0.18861861145575429            3       2       3       2
   0.29410744381824325E-001       1       3       3       2
   0.19709366412351761            2       3       3       2
   0.62991047618975476E-001       4       1       4       2
   0.18861861145575423            4       2       4       2
   0.29410744381824332E-001       1       4       4       2
   0.19709366412351759            2       4       4       2
   0.62991047618975476E-001       5       1       5       2
   0.18861861145575423            5       2       5       2
   0.29410744381824335E-001       1       5       5       2
   0.19709366412351759            2       5       5       2
   0.34835131724615873E-001       3       1       1       3
   0.29410744381824325E-001       3       2       1       3
   0.11156646167194608E-001       1       3       1       3
   0.27379784775219147E-001       2       3       1       3
   0.60960088012370343E-001       3       1       2       3
   0.19709366412351761            3       2       2       3
   0.27379784775219147E-001       1       3       2       3
   0.20556871679128094            2       3       2       3
    1.3450940314684932            1       1       3       3
  -0.10003399695237125            2       1       3       3
   0.59120260405034313E-001       1       2       3       3
   0.83439863939821035            2       2       3       3
   0.92810933689075636            3       3       3       3
   0.81998136811585132            4       4       3       3
   0.81998136811585121            5       5       3       3
   0.54067952520390490E-001       4       3       4       3
   0.54067952520390490E-001       3       4       4       3
   0.54067952520390497E-001       5       3       5       3
   0.54067952520390497E-001       3       5       5       3
   0.34835131724615873E-001       4       1       1       4
   0.29410744381824332E-001       4       2       1       4
   0.11156646167194608E-001       1       4       1       4
   0.27379784775219157E-001       2       4       1       4
   0.60960088012370343E-001       4       1       2       4
   0.19709366412351759            4       2       2       4
   0.27379784775219157E-001       1       4       2       4
   0.20556871679128091            2       4       2       4
   0.54067952520390490E-001       4       3       3       4
   0.54067952520390490E-001       3       4       3       4
    1.3450940314684934            1       1       4       4
  -0.10003399695237128            2       1       4       4
   0.59120260405034493E-001       1       2       4       4
   0.83439863939821046            2       2       4       4
   0.81998136811585132            3       3       4       4
   0.92810933689075648            4       4       4       4
   0.81998136811585143            5       5       4       4
   0.54067952520390504E-001       5       4       5       4
   0.54067952520390504E-001       4       5       5       4
   0.34835131724615886E-001       5       1       1       5
   0.29410744381824335E-001       5       2       1       5
   0.11156646167194618E-001       1       5       1       5
   0.27379784775219160E-001       2       5       1       5
   0.60960088012370343E-001       5       1       2       5
   0.19709366412351759            5       2       2       5
   0.27379784775219160E-001       1       5       2       5
   0.20556871679128094            2       5       2       5
   0.54067952520390497E-001       5       3       3       5
   0.54067952520390497E-001       3       5       3       5
   0.54067952520390504E-001       5       4       4       5
   0.54067952520390497E-001       4       5       4       5
    1.3450940314684932            1       1       5       5
  -0.10003399695237136            2       1       5       5
   0.59120260405034604E-001       1       2       5       5
   0.83439863939821046            2       2       5       5
   0.81998136811585121            3       3       5       5
   0.81998136811585143            4       4       5       5
   0.92810933689075636            5       5       5       5
   -49.903039857844405            1       1       0       0
   0.89147671595574507            1       2       0       0
   0.89147671595574507            2       1       0       0
   -11.058475264390593            2       2       0       0
   -10.252611897739481            3       3       0       0
   -10.252611897739481            4       4       0       0
   -10.252611897739481            5       5       0       0
    0.0000000000000000            0       0       0       0
