&FCI
 NORB=5,
 NELEC=10,
 MS2=0,
 ISYM=1,
 ORBSYM=1,1,1,1,1,
 ST=1,
 III=1,
 OCC=5,
 CLOSED=5,
 /
    5.9448390928737735            1       1       1       1
  -0.87307613776963999            2       1       1       1
  -0.35899336986825781            1       2       1       1
    1.3620361230927789            2       2       1       1
    1.3479704745300243            3       3       1       1
    1.3479704745300243            4       4       1       1
    1.3479704745300243            5       5       1       1
  -0.87307613776963999            1       1       2       1
   0.15360708962677916            2       1       2       1
   0.10223192925831533            1       2       2       1
  -0.11450625126620062            2       2       2       1
  -0.99692598217267087E-001       3       3       2       1
  -0.99692598217267198E-001       4       4       2       1
  -0.99692598217267225E-001       5       5       2       1
   0.58256093426570905E-001       3       1       3       1
   0.62624618243181690E-001       3       2       3       1
   0.34838829900958226E-001       1       3       3       1
   0.60623307857639371E-001       2       3       3       1
   0.58256093426570892E-001       4       1       4       1
   0.62624618243181690E-001       4       2       4       1
   0.34838829900958226E-001       1       4       4       1
   0.60623307857639377E-001       2       4       4       1
   0.58256093426570885E-001       5       1       5       1
   0.62624618243181690E-001       5       2       5       1
   0.34838829900958240E-001       1       5       5       1
   0.60623307857639377E-001       2       5       5       1
  -0.35899336986825781            1       1       1       2
   0.10223192925831533            2       1       1       2
   0.50856768889851502E-001       1       2       1       2
   0.46931757915128429E-001       2       2       1       2
   0.58731926230171989E-001       3       3       1       2
   0.58731926230171837E-001       4       4       1       2
   0.58731926230171795E-001       5       5       1       2
    1.3620361230927789            1       1       2       2
  -0.11450625126620062            2       1       2       2
   0.46931757915128429E-001       1       2       2       2
   0.82007980366667954            2       2       2       2
   0.83722254932415785            3       3       2       2
   0.83722254932415774            4       4       2       2
   0.83722254932415774            5       5       2       2
   0.62624618243181690E-001       3       1       3       2
   0.18912981316535477            3       2       3       2
   0.29795882204397005E-001       1       3       3       2
   0.19740201646319919            2       3       3       2
   0.62624618243181690E-001       4       1       4       2
   0.18912981316535471            4       2       4       2
   0.29795882204396999E-001       1       4       4       2
   0.19740201646319916            2       4       4       2
   0.62624618243181690E-001       5       1       5       2
   0.18912981316535471            5       2       5       2
   0.29795882204397019E-001       1       5       5       2
   0.19740201646319916            2       5       5       2
   0.34838829900958226E-001       3       1       1       3
   0.29795882204397005E-001       3       2       1       3
   0.11421566375345544E-001       1       3       1       3
   0.27794571818854644E-001       2       3       1       3
   0.60623307857639371E-001       3       1       2       3
   0.19740201646319919            3       2       2       3
   0.27794571818854644E-001       1       3       2       3
   0.20567421976104361            2       3       2       3
    1.3479704745300243            1       1       3       3
  -0.99692598217267087E-001       2       1       3       3
   0.58731926230171989E-001       1       2       3       3
   0.83722254932415785            2       2       3       3
   0.93124118670730205            3       3       3       3
   0.82263873507186580            4       4       3       3
   0.82263873507186591            5       5       3       3
   0.54305137428444172E-001       4       3       4       3
   0.54305137428444172E-001       3       4       4       3
   0.54305137428444179E-001       5       3       5       3
   0.54305137428444179E-001       3       5       5       3
   0.34838829900958226E-001       4       1       1       4
   0.29795882204396999E-001       4       2       1       4
   0.11421566375345565E-001       1       4       1       4
   0.27794571818854634E-001       2       4       1       4
   0.60623307857639377E-001       4       1       2       4
   0.19740201646319916            4       2       2       4
   0.27794571818854634E-001       1       4       2       4
   0.20567421976104361            2       4       2       4
   0.54305137428444172E-001       4       3       3       4
   0.54305137428444172E-001       3       4       3       4
    1.3479704745300243            1       1       4       4
  -0.99692598217267198E-001       2       1       4       4
   0.58731926230171837E-001       1       2       4       4
   0.83722254932415774            2       2       4       4
   0.82263873507186580            3       3       4       4
   0.93124118670730205            4       4       4       4
   0.82263873507186580            5       5       4       4
   0.54305137428444172E-001       5       4       5       4
   0.54305137428444172E-001       4       5       5       4
   0.34838829900958240E-001       5       1       1       5
   0.29795882204397019E-001       5       2       1       5
   0.11421566375345589E-001       1       5       1       5
   0.27794571818854658E-001       2       5       1       5
   0.60623307857639377E-001       5       1       2       5
   0.19740201646319916            5       2       2       5
   0.27794571818854658E-001       1       5       2       5
   0.20567421976104364            2       5       2       5
   0.54305137428444179E-001       5       3       3       5
   0.54305137428444179E-001       3       5       3       5
   0.54305137428444172E-001       5       4       4       5
   0.54305137428444172E-001       4       5       4       5
    1.3479704745300243            1       1       5       5
  -0.99692598217267225E-001       2       1       5       5
   0.58731926230171795E-001       1       2       5       5
   0.83722254932415774            2       2       5       5
   0.82263873507186591            3       3       5       5
   0.82263873507186580            4       4       5       5
   0.93124118670730216            5       5       5       5
   -49.903039857844405            1       1       0       0
   0.89147671595574507            1       2       0       0
   0.89147671595574507            2       1       0       0
   -11.058475264390593            2       2       0       0
   -10.252611897739481            3       3       0       0
   -10.252611897739481            4       4       0       0
   -10.252611897739481            5       5       0       0
    0.0000000000000000            0       0       0       0
