&FCI
 NORB=5,
 NELEC=10,
 MS2=0,
 ISYM=1,
 ORBSYM=1,1,1,1,1,
 ST=1,
 III=1,
 OCC=5,
 CLOSED=5,
 /
    5.9442946713838136            1       1       1       1
  -0.87719863608246462            2       1       1       1
  -0.35517648744601926            1       2       1       1
    1.3579804973676648            2       2       1       1
    1.3440586851149665            3       3       1       1
    1.3440586851149667            4       4       1       1
    1.3440586851149665            5       5       1       1
  -0.87719863608246462            1       1       2       1
   0.15401996683868749            2       1       2       1
   0.10224678713519406            1       2       2       1
  -0.11470103506853546            2       2       2       1
  -0.10002651838477378            3       3       2       1
  -0.10002651838477383            4       4       2       1
  -0.10002651838477400            5       5       2       1
   0.58437216770683829E-001       3       1       3       1
   0.62814355489000800E-001       3       2       3       1
   0.34836536185046764E-001       1       3       3       1
   0.60808915345323802E-001       2       3       3       1
   0.58437216770683802E-001       4       1       4       1
   0.62814355489000800E-001       4       2       4       1
   0.34836536185046785E-001       1       4       4       1
   0.60808915345323802E-001       2       4       4       1
   0.58437216770683781E-001       5       1       5       1
   0.62814355489000828E-001       5       2       5       1
   0.34836536185046778E-001       1       5       5       1
   0.60808915345323830E-001       2       5       5       1
  -0.35517648744601926            1       1       1       2
   0.10224678713519406            2       1       1       2
   0.50473607431700630E-001       1       2       1       2
   0.47213235059640639E-001       2       2       1       2
   0.59142627236566221E-001       3       3       1       2
   0.59142627236566346E-001       4       4       1       2
   0.59142627236566415E-001       5       5       1       2
    1.3579804973676648            1       1       2       2
  -0.11470103506853546            2       1       2       2
   0.47213235059640639E-001       1       2       2       2
   0.81622106382894843            2       2       2       2
   0.83337274324741628            3       3       2       2
   0.83337274324741628            4       4       2       2
   0.83337274324741628            5       5       2       2
   0.62814355489000800E-001       3       1       3       2
   0.18811750931302779            3       2       3       2
   0.29564949710557717E-001       1       3       3       2
   0.19693951260449691            2       3       3       2
   0.62814355489000800E-001       4       1       4       2
   0.18811750931302779            4       2       4       2
   0.29564949710557727E-001       1       4       4       2
   0.19693951260449691            2       4       4       2
   0.62814355489000828E-001       5       1       5       2
   0.18811750931302776            5       2       5       2
   0.29564949710557748E-001       1       5       5       2
   0.19693951260449688            2       5       5       2
   0.34836536185046764E-001       3       1       1       3
   0.29564949710557717E-001       3       2       1       3
   0.11235855599409698E-001       1       3       1       3
   0.27559509566880670E-001       2       3       1       3
   0.60808915345323802E-001       3       1       2       3
   0.19693951260449691            3       2       2       3
   0.27559509566880670E-001       1       3       2       3
   0.20576151589596603            2       3       2       3
    1.3440586851149665            1       1       3       3
  -0.10002651838477378            2       1       3       3
   0.59142627236566221E-001       1       2       3       3
   0.83337274324741628            2       2       3       3
   0.92681920542465057            3       3       3       3
   0.81909737158492035            4       4       3       3
   0.81909737158492035            5       5       3       3
   0.53864889967482163E-001       4       3       4       3
   0.53864889967482163E-001       3       4       4       3
   0.53864889967482149E-001       5       3       5       3
   0.53864889967482156E-001       3       5       5       3
   0.34836536185046785E-001       4       1       1       4
   0.29564949710557727E-001       4       2       1       4
   0.11235855599409775E-001       1       4       1       4
   0.27559509566880688E-001       2       4       1       4
   0.60808915345323802E-001       4       1       2       4
   0.19693951260449691            4       2       2       4
   0.27559509566880688E-001       1       4       2       4
   0.20576151589596603            2       4       2       4
   0.53864889967482163E-001       4       3       3       4
   0.53864889967482163E-001       3       4       3       4
    1.3440586851149667            1       1       4       4
  -0.10002651838477383            2       1       4       4
   0.59142627236566346E-001       1       2       4       4
   0.83337274324741628            2       2       4       4
   0.81909737158492035            3       3       4       4
   0.92681920542465035            4       4       4       4
   0.81909737158492024            5       5       4       4
   0.53864889967482149E-001       5       4       5       4
   0.53864889967482149E-001       4       5       5       4
   0.34836536185046778E-001       5       1       1       5
   0.29564949710557748E-001       5       2       1       5
   0.11235855599409775E-001       1       5       1       5
   0.27559509566880712E-001       2       5       1       5
   0.60808915345323830E-001       5       1       2       5
   0.19693951260449688            5       2       2       5
   0.27559509566880712E-001       1       5       2       5
   0.20576151589596600            2       5       2       5
   0.53864889967482156E-001       5       3       3       5
   0.53864889967482156E-001       3       5       3       5
   0.53864889967482149E-001       5       4       4       5
   0.53864889967482156E-001       4       5       4       5
    1.3440586851149665            1       1       5       5
  -0.10002651838477400            2       1       5       5
   0.59142627236566415E-001       1       2       5       5
   0.83337274324741628            2       2       5       5
   0.81909737158492035            3       3       5       5
   0.81909737158492024            4       4       5       5
   0.92681920542465035            5       5       5       5
   -49.903039857844405            1       1       0       0
   0.89147671595574507            1       2       0       0
   0.89147671595574507            2       1       0       0
   -11.058475264390593            2       2       0       0
   -10.252611897739481            3       3       0       0
   -10.252611897739481            4       4       0       0
   -10.252611897739481            5       5       0       0
    0.0000000000000000            0       0       0       0
