&FCI
 NORB=5,
 NELEC=10,
 MS2=0,
 ISYM=1,
 ORBSYM=1,1,1,1,1,
 ST=1,
 III=1,
 OCC=5,
 CLOSED=5,
 /
    5.9442373703207023            1       1       1       1
  -0.87740955235605844            2       1       1       1
  -0.35489032708021562            1       2       1       1
    1.3582468443843634            2       2       1       1
    1.3443230567244928            3       3       1       1
    1.3443230567244928            4       4       1       1
    1.3443230567244928            5       5       1       1
  -0.87740955235605844            1       1       2       1
   0.15403952482510391            2       1       2       1
   0.10224416076912747            1       2       2       1
  -0.11484325586807140            2       2       2       1
  -0.10016905343624502            3       3       2       1
  -0.10016905343624505            4       4       2       1
  -0.10016905343624505            5       5       2       1
   0.58261197245216584E-001       3       1       3       1
   0.62931928296287215E-001       3       2       3       1
   0.34840364288154450E-001       1       3       3       1
   0.60919480729166663E-001       2       3       3       1
   0.58261197245216598E-001       4       1       4       1
   0.62931928296287215E-001       4       2       4       1
   0.34840364288154464E-001       1       4       4       1
   0.60919480729166670E-001       2       4       4       1
   0.58261197245216612E-001       5       1       5       1
   0.62931928296287215E-001       5       2       5       1
   0.34840364288154485E-001       1       5       5       1
   0.60919480729166656E-001       2       5       5       1
  -0.35489032708021562            1       1       1       2
   0.10224416076912747            2       1       1       2
   0.50448796713151015E-001       1       2       1       2
   0.47388245706603473E-001       2       2       1       2
   0.59318068121758806E-001       3       3       1       2
   0.59318068121758931E-001       4       4       1       2
   0.59318068121758986E-001       5       5       1       2
    1.3582468443843634            1       1       2       2
  -0.11484325586807140            2       1       2       2
   0.47388245706603473E-001       1       2       2       2
   0.81669611601948522            2       2       2       2
   0.83384286146659514            3       3       2       2
   0.83384286146659514            4       4       2       2
   0.83384286146659514            5       5       2       2
   0.62931928296287215E-001       3       1       3       2
   0.18878097670741981            3       2       3       2
   0.29494049520310161E-001       1       3       3       2
   0.19712675751887454            2       3       3       2
   0.62931928296287215E-001       4       1       4       2
   0.18878097670741978            4       2       4       2
   0.29494049520310154E-001       1       4       4       2
   0.19712675751887454            2       4       4       2
   0.62931928296287215E-001       5       1       5       2
   0.18878097670741981            5       2       5       2
   0.29494049520310126E-001       1       5       5       2
   0.19712675751887454            2       5       5       2
   0.34840364288154450E-001       3       1       1       3
   0.29494049520310161E-001       3       2       1       3
   0.11419531331092324E-001       1       3       1       3
   0.27481601953189563E-001       2       3       1       3
   0.60919480729166663E-001       3       1       2       3
   0.19712675751887454            3       2       2       3
   0.27481601953189563E-001       1       3       2       3
   0.20547253833032925            2       3       2       3
    1.3443230567244928            1       1       3       3
  -0.10016905343624502            2       1       3       3
   0.59318068121758806E-001       1       2       3       3
   0.83384286146659514            2       2       3       3
   0.92730129758411739            3       3       3       3
   0.81955441040321264            4       4       3       3
   0.81955441040321264            5       5       3       3
   0.53877420713320537E-001       4       3       4       3
   0.53877420713320537E-001       3       4       4       3
   0.53877420713320537E-001       5       3       5       3
   0.53877420713320537E-001       3       5       5       3
   0.34840364288154464E-001       4       1       1       4
   0.29494049520310154E-001       4       2       1       4
   0.11419531331092334E-001       1       4       1       4
   0.27481601953189556E-001       2       4       1       4
   0.60919480729166670E-001       4       1       2       4
   0.19712675751887454            4       2       2       4
   0.27481601953189556E-001       1       4       2       4
   0.20547253833032927            2       4       2       4
   0.53877420713320537E-001       4       3       3       4
   0.53877420713320537E-001       3       4       3       4
    1.3443230567244928            1       1       4       4
  -0.10016905343624505            2       1       4       4
   0.59318068121758931E-001       1       2       4       4
   0.83384286146659514            2       2       4       4
   0.81955441040321264            3       3       4       4
   0.92730129758411739            4       4       4       4
   0.81955441040321264            5       5       4       4
   0.53877420713320537E-001       5       4       5       4
   0.53877420713320537E-001       4       5       5       4
   0.34840364288154485E-001       5       1       1       5
   0.29494049520310126E-001       5       2       1       5
   0.11419531331092362E-001       1       5       1       5
   0.27481601953189529E-001       2       5       1       5
   0.60919480729166656E-001       5       1       2       5
   0.19712675751887454            5       2       2       5
   0.27481601953189529E-001       1       5       2       5
   0.20547253833032925            2       5       2       5
   0.53877420713320537E-001       5       3       3       5
   0.53877420713320537E-001       3       5       3       5
   0.53877420713320537E-001       5       4       4       5
   0.53877420713320537E-001       4       5       4       5
    1.3443230567244928            1       1       5       5
  -0.10016905343624505            2       1       5       5
   0.59318068121758986E-001       1       2       5       5
   0.83384286146659514            2       2       5       5
   0.81955441040321264            3       3       5       5
   0.81955441040321264            4       4       5       5
   0.92730129758411728            5       5       5       5
   -49.903039857844405            1       1       0       0
   0.89147671595574507            1       2       0       0
   0.89147671595574507            2       1       0       0
   -11.058475264390593            2       2       0       0
   -10.252611897739481            3       3       0       0
   -10.252611897739481            4       4       0       0
   -10.252611897739481            5       5       0       0
    0.0000000000000000            0       0       0       0
