&FCI
 NORB=5,
 NELEC=10,
 MS2=0,
 ISYM=1,
 ORBSYM=1,1,1,1,1,
 ST=1,
 III=1,
 OCC=5,
 CLOSED=5,
 /
    5.9435878101627155            1       1       1       1
  -0.87805473185540994            2       1       1       1
  -0.35393768907036954            1       2       1       1
    1.3602062317583246            2       2       1       1
    1.3461954019901816            3       3       1       1
    1.3461954019901816            4       4       1       1
    1.3461954019901814            5       5       1       1
  -0.87805473185540994            1       1       2       1
   0.15468673733129928            2       1       2       1
   0.10223048870367935            1       2       2       1
  -0.11416006009733898            2       2       2       1
  -0.99414419225487188E-001       3       3       2       1
  -0.99414419225487216E-001       4       4       2       1
  -0.99414419225487216E-001       5       5       2       1
   0.58182487622056564E-001       3       1       3       1
   0.62362215467559649E-001       3       2       3       1
   0.34835707788001671E-001       1       3       3       1
   0.60400318392667567E-001       2       3       3       1
   0.58182487622056536E-001       4       1       4       1
   0.62362215467559642E-001       4       2       4       1
   0.34835707788001657E-001       1       4       4       1
   0.60400318392667553E-001       2       4       4       1
   0.58182487622056522E-001       5       1       5       1
   0.62362215467559642E-001       5       2       5       1
   0.34835707788001644E-001       1       5       5       1
   0.60400318392667546E-001       2       5       5       1
  -0.35393768907036954            1       1       1       2
   0.10223048870367935            2       1       1       2
   0.49774240076059413E-001       1       2       1       2
   0.46655666351761264E-001       2       2       1       2
   0.58522937611498953E-001       3       3       1       2
   0.58522937611498828E-001       4       4       1       2
   0.58522937611498731E-001       5       5       1       2
    1.3602062317583246            1       1       2       2
  -0.11416006009733898            2       1       2       2
   0.46655666351761264E-001       1       2       2       2
   0.81818481858293746            2       2       2       2
   0.83534878592849027            3       3       2       2
   0.83534878592849027            4       4       2       2
   0.83534878592849027            5       5       2       2
   0.62362215467559649E-001       3       1       3       2
   0.18831968544052866            3       2       3       2
   0.30012865810822048E-001       1       3       3       2
   0.19718405995045327            2       3       3       2
   0.62362215467559642E-001       4       1       4       2
   0.18831968544052871            4       2       4       2
   0.30012865810822041E-001       1       4       4       2
   0.19718405995045327            2       4       4       2
   0.62362215467559642E-001       5       1       5       2
   0.18831968544052877            5       2       5       2
   0.30012865810822048E-001       1       5       5       2
   0.19718405995045329            2       5       5       2
   0.34835707788001671E-001       3       1       1       3
   0.30012865810822048E-001       3       2       1       3
   0.11488927953946782E-001       1       3       1       3
   0.28050968735929920E-001       2       3       1       3
   0.60400318392667567E-001       3       1       2       3
   0.19718405995045327            3       2       2       3
   0.28050968735929920E-001       1       3       2       3
   0.20604843446037785            2       3       2       3
    1.3461954019901816            1       1       3       3
  -0.99414419225487188E-001       2       1       3       3
   0.58522937611498953E-001       1       2       3       3
   0.83534878592849027            2       2       3       3
   0.92918831879071551            3       3       3       3
   0.82088917716710430            4       4       3       3
   0.82088917716710430            5       5       3       3
   0.54153535652887524E-001       4       3       4       3
   0.54153535652887524E-001       3       4       4       3
   0.54153535652887511E-001       5       3       5       3
   0.54153535652887518E-001       3       5       5       3
   0.34835707788001657E-001       4       1       1       4
   0.30012865810822041E-001       4       2       1       4
   0.11488927953946782E-001       1       4       1       4
   0.28050968735929910E-001       2       4       1       4
   0.60400318392667553E-001       4       1       2       4
   0.19718405995045327            4       2       2       4
   0.28050968735929910E-001       1       4       2       4
   0.20604843446037785            2       4       2       4
   0.54153535652887524E-001       4       3       3       4
   0.54153535652887524E-001       3       4       3       4
    1.3461954019901816            1       1       4       4
  -0.99414419225487216E-001       2       1       4       4
   0.58522937611498828E-001       1       2       4       4
   0.83534878592849027            2       2       4       4
   0.82088917716710430            3       3       4       4
   0.92918831879071540            4       4       4       4
   0.82088917716710430            5       5       4       4
   0.54153535652887518E-001       5       4       5       4
   0.54153535652887518E-001       4       5       5       4
   0.34835707788001644E-001       5       1       1       5
   0.30012865810822048E-001       5       2       1       5
   0.11488927953946765E-001       1       5       1       5
   0.28050968735929917E-001       2       5       1       5
   0.60400318392667546E-001       5       1       2       5
   0.19718405995045329            5       2       2       5
   0.28050968735929917E-001       1       5       2       5
   0.20604843446037785            2       5       2       5
   0.54153535652887518E-001       5       3       3       5
   0.54153535652887518E-001       3       5       3       5
   0.54153535652887518E-001       5       4       4       5
   0.54153535652887518E-001       4       5       4       5
    1.3461954019901814            1       1       5       5
  -0.99414419225487216E-001       2       1       5       5
   0.58522937611498731E-001       1       2       5       5
   0.83534878592849027            2       2       5       5
   0.82088917716710430            3       3       5       5
   0.82088917716710430            4       4       5       5
   0.92918831879071540            5       5       5       5
   -49.903039857844405            1       1       0       0
   0.89147671595574507            1       2       0       0
   0.89147671595574507            2       1       0       0
   -11.058475264390593            2       2       0       0
   -10.252611897739481            3       3       0       0
   -10.252611897739481            4       4       0       0
   -10.252611897739481            5       5       0       0
    0.0000000000000000            0       0       0       0
