&FCI
 NORB=5,
 NELEC=10,
 MS2=0,
 ISYM=1,
 ORBSYM=1,1,1,1,1,
 ST=1,
 III=1,
 OCC=5,
 CLOSED=5,
 /
    5.9446221286114591            1       1       1       1
  -0.87494186912437366            2       1       1       1
  -0.35724516640272108            1       2       1       1
    1.3595092095367112            2       2       1       1
    1.3455587214182227            3       3       1       1
    1.3455587214182225            4       4       1       1
    1.3455587214182225            5       5       1       1
  -0.87494186912437366            1       1       2       1
   0.15380153516920436            2       1       2       1
   0.10223620480803386            1       2       2       1
  -0.11398291805966448            2       2       2       1
  -0.99268329473570394E-001       3       3       2       1
  -0.99268329473570449E-001       4       4       2       1
  -0.99268329473570477E-001       5       5       2       1
   0.58170913629424351E-001       3       1       3       1
   0.62288817831784173E-001       3       2       3       1
   0.34839178558920228E-001       1       3       3       1
   0.60324340782033269E-001       2       3       3       1
   0.58170913629424364E-001       4       1       4       1
   0.62288817831784131E-001       4       2       4       1
   0.34839178558920242E-001       1       4       4       1
   0.60324340782033227E-001       2       4       4       1
   0.58170913629424351E-001       5       1       5       1
   0.62288817831784062E-001       5       2       5       1
   0.34839178558920221E-001       1       5       5       1
   0.60324340782033158E-001       2       5       5       1
  -0.35724516640272108            1       1       1       2
   0.10223620480803386            2       1       1       2
   0.50670874446863350E-001       1       2       1       2
   0.46562766861462886E-001       2       2       1       2
   0.58449236675837672E-001       3       3       1       2
   0.58449236675837728E-001       4       4       1       2
   0.58449236675837811E-001       5       5       1       2
    1.3595092095367112            1       1       2       2
  -0.11398291805966448            2       1       2       2
   0.46562766861462886E-001       1       2       2       2
   0.81849213134767895            2       2       2       2
   0.83561413618912272            3       3       2       2
   0.83561413618912261            4       4       2       2
   0.83561413618912272            5       5       2       2
   0.62288817831784173E-001       3       1       3       2
   0.18803105601229478            3       2       3       2
   0.30072875579930422E-001       1       3       3       2
   0.19700726212854680            2       3       3       2
   0.62288817831784131E-001       4       1       4       2
   0.18803105601229481            4       2       4       2
   0.30072875579930426E-001       1       4       4       2
   0.19700726212854680            2       4       4       2
   0.62288817831784062E-001       5       1       5       2
   0.18803105601229478            5       2       5       2
   0.30072875579930398E-001       1       5       5       2
   0.19700726212854677            2       5       5       2
   0.34839178558920228E-001       3       1       1       3
   0.30072875579930422E-001       3       2       1       3
   0.11507443488416098E-001       1       3       1       3
   0.28108398530179473E-001       2       3       1       3
   0.60324340782033269E-001       3       1       2       3
   0.19700726212854680            3       2       2       3
   0.28108398530179473E-001       1       3       2       3
   0.20598346824479880            2       3       2       3
    1.3455587214182227            1       1       3       3
  -0.99268329473570394E-001       2       1       3       3
   0.58449236675837672E-001       1       2       3       3
   0.83561413618912272            2       2       3       3
   0.92946012825386870            3       3       3       3
   0.82109354705765691            4       4       3       3
   0.82109354705765702            5       5       3       3
   0.54187215173550934E-001       4       3       4       3
   0.54187215173550934E-001       3       4       4       3
   0.54187215173550921E-001       5       3       5       3
   0.54187215173550934E-001       3       5       5       3
   0.34839178558920242E-001       4       1       1       4
   0.30072875579930426E-001       4       2       1       4
   0.11507443488416112E-001       1       4       1       4
   0.28108398530179476E-001       2       4       1       4
   0.60324340782033227E-001       4       1       2       4
   0.19700726212854680            4       2       2       4
   0.28108398530179476E-001       1       4       2       4
   0.20598346824479880            2       4       2       4
   0.54187215173550934E-001       4       3       3       4
   0.54187215173550934E-001       3       4       3       4
    1.3455587214182225            1       1       4       4
  -0.99268329473570449E-001       2       1       4       4
   0.58449236675837728E-001       1       2       4       4
   0.83561413618912261            2       2       4       4
   0.82109354705765691            3       3       4       4
   0.92946012825386881            4       4       4       4
   0.82109354705765702            5       5       4       4
   0.54187215173550934E-001       5       4       5       4
   0.54187215173550934E-001       4       5       5       4
   0.34839178558920221E-001       5       1       1       5
   0.30072875579930398E-001       5       2       1       5
   0.11507443488416088E-001       1       5       1       5
   0.28108398530179449E-001       2       5       1       5
   0.60324340782033158E-001       5       1       2       5
   0.19700726212854677            5       2       2       5
   0.28108398530179449E-001       1       5       2       5
   0.20598346824479880            2       5       2       5
   0.54187215173550934E-001       5       3       3       5
   0.54187215173550941E-001       3       5       3       5
   0.54187215173550934E-001       5       4       4       5
   0.54187215173550941E-001       4       5       4       5
    1.3455587214182225            1       1       5       5
  -0.99268329473570477E-001       2       1       5       5
   0.58449236675837811E-001       1       2       5       5
   0.83561413618912272            2       2       5       5
   0.82109354705765702            3       3       5       5
   0.82109354705765702            4       4       5       5
   0.92946012825386881            5       5       5       5
   -49.903039857844405            1       1       0       0
   0.89147671595574507            1       2       0       0
   0.89147671595574507            2       1       0       0
   -11.058475264390593            2       2       0       0
   -10.252611897739481            3       3       0       0
   -10.252611897739481            4       4       0       0
   -10.252611897739481            5       5       0       0
    0.0000000000000000            0       0       0       0
