&FCI
 NORB=5,
 NELEC=10,
 MS2=0,
 ISYM=1,
 ORBSYM=1,1,1,1,1,
 ST=1,
 III=1,
 OCC=5,
 CLOSED=5,
 /
    5.9434377765844797            1       1       1       1
  -0.87916641460879297            2       1       1       1
  -0.35294211794896996            1       2       1       1
    1.3586303614490300            2       2       1       1
    1.3446792342359728            3       3       1       1
    1.3446792342359728            4       4       1       1
    1.3446792342359728            5       5       1       1
  -0.87916641460879297            1       1       2       1
   0.15469557534327055            2       1       2       1
   0.10223629037310709            1       2       2       1
  -0.11427273446499525            2       2       2       1
  -0.99585107446936910E-001       3       3       2       1
  -0.99585107446936938E-001       4       4       2       1
  -0.99585107446936993E-001       5       5       2       1
   0.58332475360651198E-001       3       1       3       1
   0.62450788046678127E-001       3       2       3       1
   0.34834421376132491E-001       1       3       3       1
   0.60462196283428339E-001       2       3       3       1
   0.58332475360651184E-001       4       1       4       1
   0.62450788046678134E-001       4       2       4       1
   0.34834421376132477E-001       1       4       4       1
   0.60462196283428339E-001       2       4       4       1
   0.58332475360651170E-001       5       1       5       1
   0.62450788046678134E-001       5       2       5       1
   0.34834421376132470E-001       1       5       5       1
   0.60462196283428346E-001       2       5       5       1
  -0.35294211794896996            1       1       1       2
   0.10223629037310709            2       1       1       2
   0.49777005402943629E-001       1       2       1       2
   0.46829654859878549E-001       2       2       1       2
   0.58749647399805906E-001       3       3       1       2
   0.58749647399805670E-001       4       4       1       2
   0.58749647399805545E-001       5       5       1       2
    1.3586303614490300            1       1       2       2
  -0.11427273446499525            2       1       2       2
   0.46829654859878549E-001       1       2       2       2
   0.81715967983981208            2       2       2       2
   0.83430452273274303            3       3       2       2
   0.83430452273274303            4       4       2       2
   0.83430452273274291            5       5       2       2
   0.62450788046678127E-001       3       1       3       2
   0.18780355372386809            3       2       3       2
   0.29886407883910605E-001       1       3       3       2
   0.19678782697335487            2       3       3       2
   0.62450788046678134E-001       4       1       4       2
   0.18780355372386806            4       2       4       2
   0.29886407883910615E-001       1       4       4       2
   0.19678782697335484            2       4       4       2
   0.62450788046678134E-001       5       1       5       2
   0.18780355372386809            5       2       5       2
   0.29886407883910605E-001       1       5       5       2
   0.19678782697335487            2       5       5       2
   0.34834421376132491E-001       3       1       1       3
   0.29886407883910605E-001       3       2       1       3
   0.11336367391613783E-001       1       3       1       3
   0.27897816120660772E-001       2       3       1       3
   0.60462196283428339E-001       3       1       2       3
   0.19678782697335487            3       2       2       3
   0.27897816120660772E-001       1       3       2       3
   0.20577210022284165            2       3       2       3
    1.3446792342359728            1       1       3       3
  -0.99585107446936910E-001       2       1       3       3
   0.58749647399805906E-001       1       2       3       3
   0.83430452273274303            2       2       3       3
   0.92799117359373318            3       3       3       3
   0.81989803877051592            4       4       3       3
   0.81989803877051592            5       5       3       3
   0.54050533630233016E-001       4       3       4       3
   0.54050533630233016E-001       3       4       4       3
   0.54050533630233023E-001       5       3       5       3
   0.54050533630233016E-001       3       5       5       3
   0.34834421376132477E-001       4       1       1       4
   0.29886407883910615E-001       4       2       1       4
   0.11336367391613759E-001       1       4       1       4
   0.27897816120660779E-001       2       4       1       4
   0.60462196283428339E-001       4       1       2       4
   0.19678782697335484            4       2       2       4
   0.27897816120660779E-001       1       4       2       4
   0.20577210022284165            2       4       2       4
   0.54050533630233016E-001       4       3       3       4
   0.54050533630233016E-001       3       4       3       4
    1.3446792342359728            1       1       4       4
  -0.99585107446936938E-001       2       1       4       4
   0.58749647399805670E-001       1       2       4       4
   0.83430452273274303            2       2       4       4
   0.81989803877051592            3       3       4       4
   0.92799117359373318            4       4       4       4
   0.81989803877051592            5       5       4       4
   0.54050533630233023E-001       5       4       5       4
   0.54050533630233023E-001       4       5       5       4
   0.34834421376132470E-001       5       1       1       5
   0.29886407883910605E-001       5       2       1       5
   0.11336367391613762E-001       1       5       1       5
   0.27897816120660775E-001       2       5       1       5
   0.60462196283428346E-001       5       1       2       5
   0.19678782697335487            5       2       2       5
   0.27897816120660775E-001       1       5       2       5
   0.20577210022284165            2       5       2       5
   0.54050533630233016E-001       5       3       3       5
   0.54050533630233016E-001       3       5       3       5
   0.54050533630233023E-001       5       4       4       5
   0.54050533630233023E-001       4       5       4       5
    1.3446792342359728            1       1       5       5
  -0.99585107446936993E-001       2       1       5       5
   0.58749647399805545E-001       1       2       5       5
   0.83430452273274291            2       2       5       5
   0.81989803877051592            3       3       5       5
   0.81989803877051592            4       4       5       5
   0.92799117359373329            5       5       5       5
   -49.903039857844405            1       1       0       0
   0.89147671595574507            1       2       0       0
   0.89147671595574507            2       1       0       0
   -11.058475264390593            2       2       0       0
   -10.252611897739481            3       3       0       0
   -10.252611897739481            4       4       0       0
   -10.252611897739481            5       5       0       0
    0.0000000000000000            0       0       0       0
