&FCI
 NORB=5,
 NELEC=10,
 MS2=0,
 ISYM=1,
 ORBSYM=1,1,1,1,1,
 ST=1,
 III=1,
 OCC=5,
 CLOSED=5,
 /
    5.9444537657908159            1       1       1       1
  -0.87786351996524958            2       1       1       1
  -0.35475873935958419            1       2       1       1
    1.3550603290589753            2       2       1       1
    1.3412687722380885            3       3       1       1
    1.3412687722380885            4       4       1       1
    1.3412687722380885            5       5       1       1
  -0.87786351996524958            1       1       2       1
   0.15387298346529119            2       1       2       1
   0.10225879731846840            1       2       2       1
  -0.11403576490488243            2       2       2       1
  -0.99476279857728028E-001       3       3       2       1
  -0.99476279857728001E-001       4       4       2       1
  -0.99476279857728001E-001       5       5       2       1
   0.58351533780129625E-001       3       1       3       1
   0.63273645588510813E-001       3       2       3       1
   0.34835768284457301E-001       1       3       3       1
   0.61242951504542703E-001       2       3       3       1
   0.58351533780129625E-001       4       1       4       1
   0.63273645588510827E-001       4       2       4       1
   0.34835768284457301E-001       1       4       4       1
   0.61242951504542731E-001       2       4       4       1
   0.58351533780129632E-001       5       1       5       1
   0.63273645588510813E-001       5       2       5       1
   0.34835768284457322E-001       1       5       5       1
   0.61242951504542717E-001       2       5       5       1
  -0.35475873935958419            1       1       1       2
   0.10225879731846840            2       1       1       2
   0.50644611171645607E-001       1       2       1       2
   0.46717075648364768E-001       2       2       1       2
   0.58747489362893805E-001       3       3       1       2
   0.58747489362893875E-001       4       4       1       2
   0.58747489362893819E-001       5       5       1       2
    1.3550603290589753            1       1       2       2
  -0.11403576490488243            2       1       2       2
   0.46717075648364768E-001       1       2       2       2
   0.81524847747274420            2       2       2       2
   0.83232078299016055            3       3       2       2
   0.83232078299016043            4       4       2       2
   0.83232078299016043            5       5       2       2
   0.63273645588510813E-001       3       1       3       2
   0.18984113447848852            3       2       3       2
   0.29198035654775994E-001       1       3       3       2
   0.19786331312713662            2       3       3       2
   0.63273645588510827E-001       4       1       4       2
   0.18984113447848855            4       2       4       2
   0.29198035654775998E-001       1       4       4       2
   0.19786331312713665            2       4       4       2
   0.63273645588510813E-001       5       1       5       2
   0.18984113447848858            5       2       5       2
   0.29198035654776015E-001       1       5       5       2
   0.19786331312713665            2       5       5       2
   0.34835768284457301E-001       3       1       1       3
   0.29198035654775994E-001       3       2       1       3
   0.11320002788784981E-001       1       3       1       3
   0.27167341570807853E-001       2       3       1       3
   0.61242951504542703E-001       3       1       2       3
   0.19786331312713662            3       2       2       3
   0.27167341570807853E-001       1       3       2       3
   0.20588549177578472            2       3       2       3
    1.3412687722380885            1       1       3       3
  -0.99476279857728028E-001       2       1       3       3
   0.58747489362893805E-001       1       2       3       3
   0.83232078299016055            2       2       3       3
   0.92620818270539673            3       3       3       3
   0.81772023339123523            4       4       3       3
   0.81772023339123523            5       5       3       3
   0.54247878732533880E-001       4       3       4       3
   0.54247878732533880E-001       3       4       4       3
   0.54247878732533880E-001       5       3       5       3
   0.54247878732533880E-001       3       5       5       3
   0.34835768284457301E-001       4       1       1       4
   0.29198035654775998E-001       4       2       1       4
   0.11320002788784984E-001       1       4       1       4
   0.27167341570807857E-001       2       4       1       4
   0.61242951504542731E-001       4       1       2       4
   0.19786331312713665            4       2       2       4
   0.27167341570807857E-001       1       4       2       4
   0.20588549177578472            2       4       2       4
   0.54247878732533880E-001       4       3       3       4
   0.54247878732533873E-001       3       4       3       4
    1.3412687722380885            1       1       4       4
  -0.99476279857728001E-001       2       1       4       4
   0.58747489362893875E-001       1       2       4       4
   0.83232078299016043            2       2       4       4
   0.81772023339123523            3       3       4       4
   0.92620818270539662            4       4       4       4
   0.81772023339123512            5       5       4       4
   0.54247878732533887E-001       5       4       5       4
   0.54247878732533887E-001       4       5       5       4
   0.34835768284457322E-001       5       1       1       5
   0.29198035654776015E-001       5       2       1       5
   0.11320002788785016E-001       1       5       1       5
   0.27167341570807874E-001       2       5       1       5
   0.61242951504542717E-001       5       1       2       5
   0.19786331312713665            5       2       2       5
   0.27167341570807874E-001       1       5       2       5
   0.20588549177578472            2       5       2       5
   0.54247878732533880E-001       5       3       3       5
   0.54247878732533887E-001       3       5       3       5
   0.54247878732533887E-001       5       4       4       5
   0.54247878732533887E-001       4       5       4       5
    1.3412687722380885            1       1       5       5
  -0.99476279857728001E-001       2       1       5       5
   0.58747489362893819E-001       1       2       5       5
   0.83232078299016043            2       2       5       5
   0.81772023339123523            3       3       5       5
   0.81772023339123512            4       4       5       5
   0.92620818270539662            5       5       5       5
   -49.903039857844405            1       1       0       0
   0.89147671595574507            1       2       0       0
   0.89147671595574507            2       1       0       0
   -11.058475264390593            2       2       0       0
   -10.252611897739481            3       3       0       0
   -10.252611897739481            4       4       0       0
   -10.252611897739481            5       5       0       0
    0.0000000000000000            0       0       0       0
