&FCI
 NORB=5,
 NELEC=10,
 MS2=0,
 ISYM=1,
 ORBSYM=1,1,1,1,1,
 ST=1,
 III=1,
 OCC=5,
 CLOSED=5,
 /
    5.9438564549648971            1       1       1       1
  -0.88061439973040712            2       1       1       1
  -0.35195092777287212            1       2       1       1
    1.3549863753516975            2       2       1       1
    1.3411764882318573            3       3       1       1
    1.3411764882318573            4       4       1       1
    1.3411764882318573            5       5       1       1
  -0.88061439973040712            1       1       2       1
   0.15458456457467806            2       1       2       1
   0.10226022582195117            1       2       2       1
  -0.11456280029156254            2       2       2       1
  -0.99967336666287876E-001       3       3       2       1
  -0.99967336666287848E-001       4       4       2       1
  -0.99967336666287848E-001       5       5       2       1
   0.58227940075354770E-001       3       1       3       1
   0.61601162788972028E-001       3       2       3       1
   0.34830955608403290E-001       1       3       3       1
   0.59680819671233107E-001       2       3       3       1
   0.58227940075354742E-001       4       1       4       1
   0.61601162788972035E-001       4       2       4       1
   0.34830955608403269E-001       1       4       4       1
   0.59680819671233121E-001       2       4       4       1
   0.58227940075354763E-001       5       1       5       1
   0.61601162788972069E-001       5       2       5       1
   0.34830955608403283E-001       1       5       5       1
   0.59680819671233162E-001       2       5       5       1
  -0.35195092777287212            1       1       1       2
   0.10226022582195117            2       1       1       2
   0.49935887069224270E-001       1       2       1       2
   0.47190331752538860E-001       2       2       1       2
   0.59192995291590118E-001       3       3       1       2
   0.59192995291590188E-001       4       4       1       2
   0.59192995291590077E-001       5       5       1       2
    1.3549863753516975            1       1       2       2
  -0.11456280029156254            2       1       2       2
   0.47190331752538860E-001       1       2       2       2
   0.81415121784188071            2       2       2       2
   0.83127394875227090            3       3       2       2
   0.83127394875227090            4       4       2       2
   0.83127394875227090            5       5       2       2
   0.61601162788972028E-001       3       1       3       2
   0.18738305536441244            3       2       3       2
   0.30621270388449126E-001       1       3       3       2
   0.19683812391092312            2       3       3       2
   0.61601162788972035E-001       4       1       4       2
   0.18738305536441244            4       2       4       2
   0.30621270388449119E-001       1       4       4       2
   0.19683812391092312            2       4       4       2
   0.61601162788972069E-001       5       1       5       2
   0.18738305536441247            5       2       5       2
   0.30621270388449119E-001       1       5       5       2
   0.19683812391092312            2       5       5       2
   0.34830955608403290E-001       3       1       1       3
   0.30621270388449126E-001       3       2       1       3
   0.11433971141451810E-001       1       3       1       3
   0.28700927270710167E-001       2       3       1       3
   0.59680819671233107E-001       3       1       2       3
   0.19683812391092312            3       2       2       3
   0.28700927270710167E-001       1       3       2       3
   0.20629319245743377            2       3       2       3
    1.3411764882318573            1       1       3       3
  -0.99967336666287876E-001       2       1       3       3
   0.59192995291590118E-001       1       2       3       3
   0.83127394875227090            2       2       3       3
   0.92482739638978451            3       3       3       3
   0.81691263198834529            4       4       3       3
   0.81691263198834529            5       5       3       3
   0.53961360409645935E-001       4       3       4       3
   0.53961360409645928E-001       3       4       4       3
   0.53961360409645921E-001       5       3       5       3
   0.53961360409645928E-001       3       5       5       3
   0.34830955608403269E-001       4       1       1       4
   0.30621270388449119E-001       4       2       1       4
   0.11433971141451799E-001       1       4       1       4
   0.28700927270710164E-001       2       4       1       4
   0.59680819671233121E-001       4       1       2       4
   0.19683812391092312            4       2       2       4
   0.28700927270710164E-001       1       4       2       4
   0.20629319245743377            2       4       2       4
   0.53961360409645928E-001       4       3       3       4
   0.53961360409645928E-001       3       4       3       4
    1.3411764882318573            1       1       4       4
  -0.99967336666287848E-001       2       1       4       4
   0.59192995291590188E-001       1       2       4       4
   0.83127394875227090            2       2       4       4
   0.81691263198834529            3       3       4       4
   0.92482739638978440            4       4       4       4
   0.81691263198834529            5       5       4       4
   0.53961360409645928E-001       5       4       5       4
   0.53961360409645928E-001       4       5       5       4
   0.34830955608403283E-001       5       1       1       5
   0.30621270388449119E-001       5       2       1       5
   0.11433971141451799E-001       1       5       1       5
   0.28700927270710167E-001       2       5       1       5
   0.59680819671233162E-001       5       1       2       5
   0.19683812391092312            5       2       2       5
   0.28700927270710167E-001       1       5       2       5
   0.20629319245743377            2       5       2       5
   0.53961360409645928E-001       5       3       3       5
   0.53961360409645935E-001       3       5       3       5
   0.53961360409645928E-001       5       4       4       5
   0.53961360409645928E-001       4       5       4       5
    1.3411764882318573            1       1       5       5
  -0.99967336666287848E-001       2       1       5       5
   0.59192995291590077E-001       1       2       5       5
   0.83127394875227090            2       2       5       5
   0.81691263198834529            3       3       5       5
   0.81691263198834529            4       4       5       5
   0.92482739638978440            5       5       5       5
   -49.903039857844405            1       1       0       0
   0.89147671595574507            1       2       0       0
   0.89147671595574507            2       1       0       0
   -11.058475264390593            2       2       0       0
   -10.252611897739481            3       3       0       0
   -10.252611897739481            4       4       0       0
   -10.252611897739481            5       5       0       0
    0.0000000000000000            0       0       0       0
