&FCI
 NORB=5,
 NELEC=10,
 MS2=0,
 ISYM=1,
 ORBSYM=1,1,1,1,1,
 ST=1,
 III=1,
 OCC=5,
 CLOSED=5,
 /
    5.9442534140524428            1       1       1       1
  -0.87533440190693323            2       1       1       1
  -0.35668180152841511            1       2       1       1
    1.3604899838002369            2       2       1       1
    1.3464971650192725            3       3       1       1
    1.3464971650192723            4       4       1       1
    1.3464971650192723            5       5       1       1
  -0.87533440190693323            1       1       2       1
   0.15399535593351565            2       1       2       1
   0.10222368313474853            1       2       2       1
  -0.11497948069372957            2       2       2       1
  -0.10018305497709801            3       3       2       1
  -0.10018305497709798            4       4       2       1
  -0.10018305497709798            5       5       2       1
   0.58042019718175838E-001       3       1       3       1
   0.62277266194674011E-001       3       2       3       1
   0.34835922856021655E-001       1       3       3       1
   0.60326738445684772E-001       2       3       3       1
   0.58042019718175894E-001       4       1       4       1
   0.62277266194674025E-001       4       2       4       1
   0.34835922856021696E-001       1       4       4       1
   0.60326738445684785E-001       2       4       4       1
   0.58042019718175894E-001       5       1       5       1
   0.62277266194674018E-001       5       2       5       1
   0.34835922856021703E-001       1       5       5       1
   0.60326738445684785E-001       2       5       5       1
  -0.35668180152841511            1       1       1       2
   0.10222368313474853            2       1       1       2
   0.50452010335981387E-001       1       2       1       2
   0.47428979606351791E-001       2       2       1       2
   0.59240209187386504E-001       3       3       1       2
   0.59240209187386643E-001       4       4       1       2
   0.59240209187386809E-001       5       5       1       2
    1.3604899838002369            1       1       2       2
  -0.11497948069372957            2       1       2       2
   0.47428979606351791E-001       1       2       2       2
   0.81832180913518815            2       2       2       2
   0.83548358615811358            3       3       2       2
   0.83548358615811380            4       4       2       2
   0.83548358615811380            5       5       2       2
   0.62277266194674011E-001       3       1       3       2
   0.18851987084483213            3       2       3       2
   0.30112496789207969E-001       1       3       3       2
   0.19726936068044887            2       3       3       2
   0.62277266194674025E-001       4       1       4       2
   0.18851987084483218            4       2       4       2
   0.30112496789207990E-001       1       4       4       2
   0.19726936068044890            2       4       4       2
   0.62277266194674018E-001       5       1       5       2
   0.18851987084483218            5       2       5       2
   0.30112496789207965E-001       1       5       5       2
   0.19726936068044890            2       5       5       2
   0.34835922856021655E-001       3       1       1       3
   0.30112496789207969E-001       3       2       1       3
   0.11629825993867467E-001       1       3       1       3
   0.28161969040218691E-001       2       3       1       3
   0.60326738445684772E-001       3       1       2       3
   0.19726936068044887            3       2       2       3
   0.28161969040218691E-001       1       3       2       3
   0.20601885051606561            2       3       2       3
    1.3464971650192725            1       1       3       3
  -0.10018305497709801            2       1       3       3
   0.59240209187386504E-001       1       2       3       3
   0.83548358615811358            2       2       3       3
   0.92938657436967376            3       3       3       3
   0.82098893602367040            4       4       3       3
   0.82098893602367040            5       5       3       3
   0.54202774448053916E-001       4       3       4       3
   0.54202774448053916E-001       3       4       4       3
   0.54202774448053923E-001       5       3       5       3
   0.54202774448053909E-001       3       5       5       3
   0.34835922856021696E-001       4       1       1       4
   0.30112496789207990E-001       4       2       1       4
   0.11629825993867499E-001       1       4       1       4
   0.28161969040218709E-001       2       4       1       4
   0.60326738445684785E-001       4       1       2       4
   0.19726936068044890            4       2       2       4
   0.28161969040218709E-001       1       4       2       4
   0.20601885051606561            2       4       2       4
   0.54202774448053916E-001       4       3       3       4
   0.54202774448053916E-001       3       4       3       4
    1.3464971650192723            1       1       4       4
  -0.10018305497709798            2       1       4       4
   0.59240209187386643E-001       1       2       4       4
   0.83548358615811380            2       2       4       4
   0.82098893602367040            3       3       4       4
   0.92938657436967365            4       4       4       4
   0.82098893602367040            5       5       4       4
   0.54202774448053909E-001       5       4       5       4
   0.54202774448053909E-001       4       5       5       4
   0.34835922856021703E-001       5       1       1       5
   0.30112496789207965E-001       5       2       1       5
   0.11629825993867512E-001       1       5       1       5
   0.28161969040218688E-001       2       5       1       5
   0.60326738445684785E-001       5       1       2       5
   0.19726936068044890            5       2       2       5
   0.28161969040218688E-001       1       5       2       5
   0.20601885051606561            2       5       2       5
   0.54202774448053909E-001       5       3       3       5
   0.54202774448053902E-001       3       5       3       5
   0.54202774448053909E-001       5       4       4       5
   0.54202774448053909E-001       4       5       4       5
    1.3464971650192723            1       1       5       5
  -0.10018305497709798            2       1       5       5
   0.59240209187386809E-001       1       2       5       5
   0.83548358615811380            2       2       5       5
   0.82098893602367040            3       3       5       5
   0.82098893602367040            4       4       5       5
   0.92938657436967365            5       5       5       5
   -49.903039857844405            1       1       0       0
   0.89147671595574507            1       2       0       0
   0.89147671595574507            2       1       0       0
   -11.058475264390593            2       2       0       0
   -10.252611897739481            3       3       0       0
   -10.252611897739481            4       4       0       0
   -10.252611897739481            5       5       0       0
    0.0000000000000000            0       0       0       0
