           5
  -0.21528714828426686E-001       1       1       1       1       1       1
  -0.44032431291664937E-003       1       1       1       1       1       2
  -0.21920669517915104E-003       1       1       1       1       2       2
  -0.54157533259379854E-004       1       1       1       1       3       3
  -0.54157533259379874E-004       1       1       1       1       4       4
  -0.54157533259380036E-004       1       1       1       1       5       5
   0.52924315408077792E-004       1       1       1       2       2       2
  -0.18227060319304762E-005       1       1       1       2       3       3
  -0.18227060319304796E-005       1       1       1       2       4       4
  -0.18227060319304616E-005       1       1       1       2       5       5
  -0.56308377563338063E-001       1       1       2       1       1       2
  -0.24443858372415845E-002       1       1       2       1       2       2
  -0.41150998327196955E-003       1       1       2       1       3       3
  -0.41150998327196982E-003       1       1       2       1       4       4
  -0.41150998327196982E-003       1       1       2       1       5       5
   0.11002109212176323E-003       1       1       2       2       2       2
  -0.77869494576747313E-005       1       1       2       2       3       3
  -0.77869494576747364E-005       1       1       2       2       4       4
  -0.77869494576747143E-005       1       1       2       2       5       5
  -0.49725782457561691E-004       1       1       2       3       3       2
  -0.49725782457561691E-004       1       1       2       4       4       2
  -0.49725782457561697E-004       1       1       2       5       5       2
  -0.54360652367106327E-001       1       1       3       1       1       3
  -0.24264644780148331E-002       1       1       3       1       2       3
   0.11522620532848601E-003       1       1       3       2       2       3
  -0.57788150421962412E-004       1       1       3       3       3       3
  -0.51819153268746117E-005       1       1       3       3       4       4
  -0.51819153268746117E-005       1       1       3       3       5       5
  -0.47421965273211885E-004       1       1       3       4       4       3
  -0.47421965273211838E-004       1       1       3       5       5       3
  -0.54360652367106313E-001       1       1       4       1       1       4
  -0.24264644780148323E-002       1       1       4       1       2       4
   0.11522620532848608E-003       1       1       4       2       2       4
  -0.47421965273211872E-004       1       1       4       3       3       4
  -0.57788150421962466E-004       1       1       4       4       4       4
  -0.51819153268746126E-005       1       1       4       4       5       5
  -0.47421965273211865E-004       1       1       4       5       5       4
  -0.54360652367106244E-001       1       1       5       1       1       5
  -0.24264644780148331E-002       1       1       5       1       2       5
   0.11522620532848619E-003       1       1       5       2       2       5
  -0.47421965273211858E-004       1       1       5       3       3       5
  -0.47421965273211858E-004       1       1       5       4       4       5
  -0.57788150421962412E-004       1       1       5       5       5       5
  -0.11759045318503558            1       2       2       1       2       2
  -0.57901508604557266E-002       1       2       2       1       3       3
  -0.57901508604557292E-002       1       2       2       1       4       4
  -0.57901508604557362E-002       1       2       2       1       5       5
  -0.22087926203206831E-002       1       2       2       2       2       2
  -0.14569475127499355E-004       1       2       2       2       3       3
  -0.14569475127499340E-004       1       2       2       2       4       4
  -0.14569475127499345E-004       1       2       2       2       5       5
  -0.44739854824110394E-003       1       2       2       3       2       3
  -0.44739854824110415E-003       1       2       2       4       2       4
  -0.44739854824110443E-003       1       2       2       5       2       5
  -0.11497293474400612            1       2       3       1       2       3
  -0.21702733467092853E-002       1       2       3       2       2       3
  -0.47947075966896409E-003       1       2       3       3       3       3
  -0.22890270145085175E-004       1       2       3       3       4       4
  -0.22890270145085198E-004       1       2       3       3       5       5
  -0.22890270145085188E-004       1       2       3       4       3       4
  -0.43367163105025432E-003       1       2       3       4       4       3
  -0.22890270145085209E-004       1       2       3       5       3       5
  -0.43367163105025453E-003       1       2       3       5       5       3
  -0.11497293474400616            1       2       4       1       2       4
  -0.21702733467092849E-002       1       2       4       2       2       4
  -0.43367163105025448E-003       1       2       4       3       3       4
  -0.47947075966896409E-003       1       2       4       4       4       4
  -0.22890270145085195E-004       1       2       4       4       5       5
  -0.22890270145085198E-004       1       2       4       5       4       5
  -0.43367163105025453E-003       1       2       4       5       5       4
  -0.11497293474400608            1       2       5       1       2       5
  -0.21702733467092840E-002       1       2       5       2       2       5
  -0.43367163105025443E-003       1       2       5       3       3       5
  -0.43367163105025432E-003       1       2       5       4       4       5
  -0.47947075966896436E-003       1       2       5       5       5       5
  -0.11406948853105336            1       3       3       1       3       3
  -0.12600072730633680E-002       1       3       3       1       4       4
  -0.12600072730633701E-002       1       3       3       1       5       5
  -0.21483460431399436E-002       1       3       3       2       3       3
  -0.13365406733785668E-004       1       3       3       2       4       4
  -0.13365406733785678E-004       1       3       3       2       5       5
  -0.11154751194254320            1       3       4       1       3       4
  -0.21216034402992386E-002       1       3       4       2       3       4
  -0.11154751194254316            1       3       5       1       3       5
  -0.21216034402992386E-002       1       3       5       2       3       5
  -0.11406948853105336            1       4       4       1       4       4
  -0.12600072730633695E-002       1       4       4       1       5       5
  -0.21483460431399441E-002       1       4       4       2       4       4
  -0.13365406733785676E-004       1       4       4       2       5       5
  -0.11154751194254316            1       4       5       1       4       5
  -0.21216034402992377E-002       1       4       5       2       4       5
  -0.11406948853105317            1       5       5       1       5       5
  -0.21483460431399432E-002       1       5       5       2       5       5
  -0.18959048684818317            2       2       2       2       2       2
  -0.62265970162269854E-002       2       2       2       2       3       3
  -0.62265970162269898E-002       2       2       2       2       4       4
  -0.62265970162269837E-002       2       2       2       2       5       5
  -0.18619709609995141            2       2       3       2       2       3
  -0.64983463981057275E-002       2       2       3       3       3       3
  -0.21866074757126877E-003       2       2       3       3       4       4
  -0.21866074757126886E-003       2       2       3       3       5       5
  -0.60607265644492788E-002       2       2       3       4       4       3
  -0.60607265644492900E-002       2       2       3       5       5       3
  -0.18619709609995150            2       2       4       2       2       4
  -0.60607265644492831E-002       2       2       4       3       3       4
  -0.64983463981057327E-002       2       2       4       4       4       4
  -0.21866074757126869E-003       2       2       4       4       5       5
  -0.60607265644492900E-002       2       2       4       5       5       4
  -0.18619709609995164            2       2       5       2       2       5
  -0.60607265644492883E-002       2       2       5       3       3       5
  -0.60607265644492831E-002       2       2       5       4       4       5
  -0.64983463981057353E-002       2       2       5       5       5       5
  -0.18480777835867804            2       3       3       2       3       3
  -0.14799217764989996E-002       2       3       3       2       4       4
  -0.14799217764990002E-002       2       3       3       2       5       5
  -0.18184569689093935            2       3       4       2       3       4
  -0.18184569689093932            2       3       5       2       3       5
  -0.18480777835867815            2       4       4       2       4       4
  -0.14799217764990009E-002       2       4       4       2       5       5
  -0.18184569689093921            2       4       5       2       4       5
  -0.18480777835867815            2       5       5       2       5       5
  -0.18545132748230264            3       3       3       3       3       3
  -0.14943653353823964E-002       3       3       3       3       4       4
  -0.14943653353823951E-002       3       3       3       3       5       5
  -0.17946915876906439            3       3       4       3       3       4
  -0.14943653353823960E-002       3       3       4       4       4       4
  -0.32392767047086788E-004       3       3       4       4       5       5
  -0.14296934035562877E-002       3       3       4       5       5       4
  -0.17946915876906439            3       3       5       3       3       5
  -0.14296934035562883E-002       3       3       5       4       4       5
  -0.14943653353823947E-002       3       3       5       5       5       5
  -0.17946915876906436            3       4       4       3       4       4
  -0.14296934035562877E-002       3       4       4       3       5       5
  -0.17660779979280922            3       4       5       3       4       5
  -0.17946915876906433            3       5       5       3       5       5
  -0.18545132748230270            4       4       4       4       4       4
  -0.14943653353823947E-002       4       4       4       4       5       5
  -0.17946915876906439            4       4       5       4       4       5
  -0.14943653353823947E-002       4       4       5       5       5       5
  -0.17946915876906436            4       5       5       4       5       5
  -0.18545132748230297            5       5       5       5       5       5
