           5
  -0.21592452132614282E-001       1       1       1       1       1       1
  -0.59696782886922370E-003       1       1       1       1       1       2
  -0.20666204998836532E-003       1       1       1       1       2       2
  -0.54516227537010356E-004       1       1       1       1       3       3
  -0.54516227537010376E-004       1       1       1       1       4       4
  -0.54516227537010322E-004       1       1       1       1       5       5
   0.51681975494780211E-004       1       1       1       2       2       2
  -0.17852903389212542E-005       1       1       1       2       3       3
  -0.17852903389212711E-005       1       1       1       2       4       4
  -0.17852903389212440E-005       1       1       1       2       5       5
  -0.59298498019980862E-001       1       1       2       1       1       2
  -0.24803874928687815E-002       1       1       2       1       2       2
  -0.40690638959888696E-003       1       1       2       1       3       3
  -0.40690638959888685E-003       1       1       2       1       4       4
  -0.40690638959888669E-003       1       1       2       1       5       5
   0.11275865501597337E-003       1       1       2       2       2       2
  -0.80389035776175234E-005       1       1       2       2       3       3
  -0.80389035776175336E-005       1       1       2       2       4       4
  -0.80389035776175268E-005       1       1       2       2       5       5
  -0.49244262581545257E-004       1       1       2       3       3       2
  -0.49244262581545271E-004       1       1       2       4       4       2
  -0.49244262581545311E-004       1       1       2       5       5       2
  -0.57246011562415079E-001       1       1       3       1       1       3
  -0.24638385694500738E-002       1       1       3       1       2       3
   0.11796935721799769E-003       1       1       3       2       2       3
  -0.57215019658746731E-004       1       1       3       3       3       3
  -0.50879507635086471E-005       1       1       3       3       4       4
  -0.50879507635086488E-005       1       1       3       3       5       5
  -0.47036802470888691E-004       1       1       3       4       4       3
  -0.47036802470888718E-004       1       1       3       5       5       3
  -0.57246011562415086E-001       1       1       4       1       1       4
  -0.24638385694500733E-002       1       1       4       1       2       4
   0.11796935721799759E-003       1       1       4       2       2       4
  -0.47036802470888691E-004       1       1       4       3       3       4
  -0.57215019658746724E-004       1       1       4       4       4       4
  -0.50879507635086505E-005       1       1       4       4       5       5
  -0.47036802470888718E-004       1       1       4       5       5       4
  -0.57246011562415045E-001       1       1       5       1       1       5
  -0.24638385694500729E-002       1       1       5       1       2       5
   0.11796935721799766E-003       1       1       5       2       2       5
  -0.47036802470888765E-004       1       1       5       3       3       5
  -0.47036802470888738E-004       1       1       5       4       4       5
  -0.57215019658746724E-004       1       1       5       5       5       5
  -0.12185073587404545            1       2       2       1       2       2
  -0.57143524405085730E-002       1       2       2       1       3       3
  -0.57143524405085799E-002       1       2       2       1       4       4
  -0.57143524405085747E-002       1       2       2       1       5       5
  -0.21810735676016436E-002       1       2       2       2       2       2
  -0.11288321881205344E-004       1       2       2       2       3       3
  -0.11288321881205335E-004       1       2       2       2       4       4
  -0.11288321881205330E-004       1       2       2       2       5       5
  -0.43648079594632051E-003       1       2       2       3       2       3
  -0.43648079594632062E-003       1       2       2       4       2       4
  -0.43648079594632051E-003       1       2       2       5       2       5
  -0.11917231598221895            1       2       3       1       2       3
  -0.21451513242003060E-002       1       2       3       2       2       3
  -0.46837430277600373E-003       1       2       3       3       3       3
  -0.22372615157393363E-004       1       2       3       3       4       4
  -0.22372615157393393E-004       1       2       3       3       5       5
  -0.22372615157393376E-004       1       2       3       4       3       4
  -0.42361088301345304E-003       1       2       3       4       4       3
  -0.22372615157393366E-004       1       2       3       5       3       5
  -0.42361088301345304E-003       1       2       3       5       5       3
  -0.11917231598221892            1       2       4       1       2       4
  -0.21451513242003060E-002       1       2       4       2       2       4
  -0.42361088301345260E-003       1       2       4       3       3       4
  -0.46837430277600411E-003       1       2       4       4       4       4
  -0.22372615157393397E-004       1       2       4       4       5       5
  -0.22372615157393380E-004       1       2       4       5       4       5
  -0.42361088301345304E-003       1       2       4       5       5       4
  -0.11917231598221895            1       2       5       1       2       5
  -0.21451513242003060E-002       1       2       5       2       2       5
  -0.42361088301345277E-003       1       2       5       3       3       5
  -0.42361088301345320E-003       1       2       5       4       4       5
  -0.46837430277600411E-003       1       2       5       5       5       5
  -0.11825599915008074            1       3       3       1       3       3
  -0.12975468607652339E-002       1       3       3       1       4       4
  -0.12975468607652339E-002       1       3       3       1       5       5
  -0.21245625610214498E-002       1       3       3       2       3       3
  -0.12480961562655348E-004       1       3       3       2       4       4
  -0.12480961562655352E-004       1       3       3       2       5       5
  -0.11565890825016645            1       3       4       1       3       4
  -0.20995899306297050E-002       1       3       4       2       3       4
  -0.11565890825016639            1       3       5       1       3       5
  -0.20995899306297050E-002       1       3       5       2       3       5
  -0.11825599915008070            1       4       4       1       4       4
  -0.12975468607652342E-002       1       4       4       1       5       5
  -0.21245625610214493E-002       1       4       4       2       4       4
  -0.12480961562655348E-004       1       4       4       2       5       5
  -0.11565890825016636            1       4       5       1       4       5
  -0.20995899306297033E-002       1       4       5       2       4       5
  -0.11825599915008063            1       5       5       1       5       5
  -0.21245625610214498E-002       1       5       5       2       5       5
  -0.19336891007654217            2       2       2       2       2       2
  -0.60180407687843874E-002       2       2       2       2       3       3
  -0.60180407687843857E-002       2       2       2       2       4       4
  -0.60180407687843787E-002       2       2       2       2       5       5
  -0.18999194597194996            2       2       3       2       2       3
  -0.62873323924217449E-002       2       2       3       3       3       3
  -0.21185947692311572E-003       2       2       3       3       4       4
  -0.21185947692311559E-003       2       2       3       3       5       5
  -0.58633256957034670E-002       2       2       3       4       4       3
  -0.58633256957034531E-002       2       2       3       5       5       3
  -0.18999194597195004            2       2       4       2       2       4
  -0.58633256957034627E-002       2       2       4       3       3       4
  -0.62873323924217475E-002       2       2       4       4       4       4
  -0.21185947692311572E-003       2       2       4       4       5       5
  -0.58633256957034531E-002       2       2       4       5       5       4
  -0.18999194597194996            2       2       5       2       2       5
  -0.58633256957034531E-002       2       2       5       3       3       5
  -0.58633256957034575E-002       2       2       5       4       4       5
  -0.62873323924217475E-002       2       2       5       5       5       5
  -0.18863355473184645            2       3       3       2       3       3
  -0.14934400394885227E-002       2       3       3       2       4       4
  -0.14934400394885222E-002       2       3       3       2       5       5
  -0.18564443900994720            2       3       4       2       3       4
  -0.18564443900994723            2       3       5       2       3       5
  -0.18863355473184640            2       4       4       2       4       4
  -0.14934400394885216E-002       2       4       4       2       5       5
  -0.18564443900994720            2       4       5       2       4       5
  -0.18863355473184643            2       5       5       2       5       5
  -0.18932627817264250            3       3       3       3       3       3
  -0.15087416669454234E-002       3       3       3       3       4       4
  -0.15087416669454234E-002       3       3       3       3       5       5
  -0.18328660739159086            3       3       4       3       3       4
  -0.15087416669454237E-002       3       3       4       4       4       4
  -0.32100044477592176E-004       3       3       4       4       5       5
  -0.14446553137092033E-002       3       3       4       5       5       4
  -0.18328660739159081            3       3       5       3       3       5
  -0.14446553137092027E-002       3       3       5       4       4       5
  -0.15087416669454252E-002       3       3       5       5       5       5
  -0.18328660739159092            3       4       4       3       4       4
  -0.14446553137092027E-002       3       4       4       3       5       5
  -0.18039532279697160            3       4       5       3       4       5
  -0.18328660739159086            3       5       5       3       5       5
  -0.18932627817264250            4       4       4       4       4       4
  -0.15087416669454239E-002       4       4       4       4       5       5
  -0.18328660739159078            4       4       5       4       4       5
  -0.15087416669454252E-002       4       4       5       5       5       5
  -0.18328660739159086            4       5       5       4       5       5
  -0.18932627817264250            5       5       5       5       5       5
