           5
  -0.21909564897788787E-001       1       1       1       1       1       1
  -0.42057801901071109E-003       1       1       1       1       1       2
  -0.22392233381346387E-003       1       1       1       1       2       2
  -0.53506561948021210E-004       1       1       1       1       3       3
  -0.53506561948021210E-004       1       1       1       1       4       4
  -0.53506561948021399E-004       1       1       1       1       5       5
   0.53771914871069192E-004       1       1       1       2       2       2
  -0.20404572597116515E-005       1       1       1       2       3       3
  -0.20404572597116515E-005       1       1       1       2       4       4
  -0.20404572597116562E-005       1       1       1       2       5       5
  -0.56598721530352572E-001       1       1       2       1       1       2
  -0.24717904395711978E-002       1       1       2       1       2       2
  -0.41144001655603796E-003       1       1       2       1       3       3
  -0.41144001655603769E-003       1       1       2       1       4       4
  -0.41144001655603758E-003       1       1       2       1       5       5
   0.11105725211524702E-003       1       1       2       2       2       2
  -0.83704055017357234E-005       1       1       2       2       3       3
  -0.83704055017357251E-005       1       1       2       2       4       4
  -0.83704055017357285E-005       1       1       2       2       5       5
  -0.49976321095002242E-004       1       1       2       3       3       2
  -0.49976321095002269E-004       1       1       2       4       4       2
  -0.49976321095002242E-004       1       1       2       5       5       2
  -0.54647306388745362E-001       1       1       3       1       1       3
  -0.24532154275821887E-002       1       1       3       1       2       3
   0.11631697050822195E-003       1       1       3       2       2       3
  -0.58081882327155520E-004       1       1       3       3       3       3
  -0.51773109590011384E-005       1       1       3       3       4       4
  -0.51773109590011317E-005       1       1       3       3       5       5
  -0.47724919949497703E-004       1       1       3       4       4       3
  -0.47724919949497709E-004       1       1       3       5       5       3
  -0.54647306388745334E-001       1       1       4       1       1       4
  -0.24532154275821918E-002       1       1       4       1       2       4
   0.11631697050822202E-003       1       1       4       2       2       4
  -0.47724919949497689E-004       1       1       4       3       3       4
  -0.58081882327155581E-004       1       1       4       4       4       4
  -0.51773109590011350E-005       1       1       4       4       5       5
  -0.47724919949497709E-004       1       1       4       5       5       4
  -0.54647306388745279E-001       1       1       5       1       1       5
  -0.24532154275821896E-002       1       1       5       1       2       5
   0.11631697050822206E-003       1       1       5       2       2       5
  -0.47724919949497689E-004       1       1       5       3       3       5
  -0.47724919949497682E-004       1       1       5       4       4       5
  -0.58081882327155540E-004       1       1       5       5       5       5
  -0.11825707626325350            1       2       2       1       2       2
  -0.57430462693682256E-002       1       2       2       1       3       3
  -0.57430462693682290E-002       1       2       2       1       4       4
  -0.57430462693682169E-002       1       2       2       1       5       5
  -0.22427631335669306E-002       1       2       2       2       2       2
  -0.15634887506877570E-004       1       2       2       2       3       3
  -0.15634887506877573E-004       1       2       2       2       4       4
  -0.15634887506877526E-004       1       2       2       2       5       5
  -0.45029886385454575E-003       1       2       2       3       2       3
  -0.45029886385454586E-003       1       2       2       4       2       4
  -0.45029886385454542E-003       1       2       2       5       2       5
  -0.11562965423085247            1       2       3       1       2       3
  -0.22033123608592225E-002       1       2       3       2       2       3
  -0.48274673363223600E-003       1       2       3       3       3       3
  -0.23098754709018474E-004       1       2       3       3       4       4
  -0.23098754709018467E-004       1       2       3       3       5       5
  -0.23098754709018474E-004       1       2       3       4       3       4
  -0.43653043586796430E-003       1       2       3       4       4       3
  -0.23098754709018484E-004       1       2       3       5       3       5
  -0.43653043586796398E-003       1       2       3       5       5       3
  -0.11562965423085245            1       2       4       1       2       4
  -0.22033123608592238E-002       1       2       4       2       2       4
  -0.43653043586796447E-003       1       2       4       3       3       4
  -0.48274673363223617E-003       1       2       4       4       4       4
  -0.23098754709018480E-004       1       2       4       4       5       5
  -0.23098754709018474E-004       1       2       4       5       4       5
  -0.43653043586796387E-003       1       2       4       5       5       4
  -0.11562965423085245            1       2       5       1       2       5
  -0.22033123608592234E-002       1       2       5       2       2       5
  -0.43653043586796409E-003       1       2       5       3       3       5
  -0.43653043586796387E-003       1       2       5       4       4       5
  -0.48274673363223562E-003       1       2       5       5       5       5
  -0.11475747698467960            1       3       3       1       3       3
  -0.12908267191745883E-002       1       3       3       1       4       4
  -0.12908267191745872E-002       1       3       3       1       5       5
  -0.21803962902003354E-002       1       3       3       2       3       3
  -0.13329070556574208E-004       1       3       3       2       4       4
  -0.13329070556574212E-004       1       3       3       2       5       5
  -0.11217384452570824            1       3       4       1       3       4
  -0.21537260205402057E-002       1       3       4       2       3       4
  -0.11217384452570822            1       3       5       1       3       5
  -0.21537260205402049E-002       1       3       5       2       3       5
  -0.11475747698467959            1       4       4       1       4       4
  -0.12908267191745859E-002       1       4       4       1       5       5
  -0.21803962902003354E-002       1       4       4       2       4       4
  -0.13329070556574212E-004       1       4       4       2       5       5
  -0.11217384452570822            1       4       5       1       4       5
  -0.21537260205402040E-002       1       4       5       2       4       5
  -0.11475747698467950            1       5       5       1       5       5
  -0.21803962902003345E-002       1       5       5       2       5       5
  -0.19082096314579503            2       2       2       2       2       2
  -0.61785960419483811E-002       2       2       2       2       3       3
  -0.61785960419483811E-002       2       2       2       2       4       4
  -0.61785960419483716E-002       2       2       2       2       5       5
  -0.18740901645001107            2       2       3       2       2       3
  -0.64515512435839072E-002       2       2       3       3       3       3
  -0.21914183839230443E-003       2       2       3       3       4       4
  -0.21914183839230427E-003       2       2       3       3       5       5
  -0.60129702796117290E-002       2       2       3       4       4       3
  -0.60129702796117195E-002       2       2       3       5       5       3
  -0.18740901645001107            2       2       4       2       2       4
  -0.60129702796117377E-002       2       2       4       3       3       4
  -0.64515512435839072E-002       2       2       4       4       4       4
  -0.21914183839230432E-003       2       2       4       4       5       5
  -0.60129702796117195E-002       2       2       4       5       5       4
  -0.18740901645001121            2       2       5       2       2       5
  -0.60129702796117334E-002       2       2       5       3       3       5
  -0.60129702796117273E-002       2       2       5       4       4       5
  -0.64515512435838933E-002       2       2       5       5       5       5
  -0.18604417790193667            2       3       3       2       3       3
  -0.15121223155763217E-002       2       3       3       2       4       4
  -0.15121223155763206E-002       2       3       3       2       5       5
  -0.18301767419536522            2       3       4       2       3       4
  -0.18301767419536522            2       3       5       2       3       5
  -0.18604417790193667            2       4       4       2       4       4
  -0.15121223155763210E-002       2       4       4       2       5       5
  -0.18301767419536522            2       4       5       2       4       5
  -0.18604417790193667            2       5       5       2       5       5
  -0.18675611233635547            3       3       3       3       3       3
  -0.15269447364947603E-002       3       3       3       3       4       4
  -0.15269447364947598E-002       3       3       3       3       5       5
  -0.18064357839064499            3       3       4       3       3       4
  -0.15269447364947603E-002       3       3       4       4       4       4
  -0.33117330928984731E-004       3       3       4       4       5       5
  -0.14608273924266871E-002       3       3       4       5       5       4
  -0.18064357839064507            3       3       5       3       3       5
  -0.14608273924266871E-002       3       3       5       4       4       5
  -0.15269447364947592E-002       3       3       5       5       5       5
  -0.18064357839064510            3       4       4       3       4       4
  -0.14608273924266882E-002       3       4       4       3       5       5
  -0.17771993587188056            3       4       5       3       4       5
  -0.18064357839064504            3       5       5       3       5       5
  -0.18675611233635539            4       4       4       4       4       4
  -0.15269447364947598E-002       4       4       4       4       5       5
  -0.18064357839064515            4       4       5       4       4       5
  -0.15269447364947585E-002       4       4       5       5       5       5
  -0.18064357839064507            4       5       5       4       5       5
  -0.18675611233635558            5       5       5       5       5       5
