           5
  -0.22240629414749403E-001       1       1       1       1       1       1
  -0.37433052092137166E-003       1       1       1       1       1       2
  -0.22561537785706028E-003       1       1       1       1       2       2
  -0.53615437560101400E-004       1       1       1       1       3       3
  -0.53615437560101386E-004       1       1       1       1       4       4
  -0.53615437560101468E-004       1       1       1       1       5       5
   0.53921657101241381E-004       1       1       1       2       2       2
  -0.19164671432527607E-005       1       1       1       2       3       3
  -0.19164671432527649E-005       1       1       1       2       4       4
  -0.19164671432527709E-005       1       1       1       2       5       5
  -0.55798503626277640E-001       1       1       2       1       1       2
  -0.24647797455059966E-002       1       1       2       1       2       2
  -0.40502734463866062E-003       1       1       2       1       3       3
  -0.40502734463866046E-003       1       1       2       1       4       4
  -0.40502734463866019E-003       1       1       2       1       5       5
   0.11230295833872105E-003       1       1       2       2       2       2
  -0.82305904344069555E-005       1       1       2       2       3       3
  -0.82305904344069623E-005       1       1       2       2       4       4
  -0.82305904344069640E-005       1       1       2       2       5       5
  -0.50080834228749463E-004       1       1       2       3       3       2
  -0.50080834228749443E-004       1       1       2       4       4       2
  -0.50080834228749429E-004       1       1       2       5       5       2
  -0.53894626496258632E-001       1       1       3       1       1       3
  -0.24445981338802338E-002       1       1       3       1       2       3
   0.11745412341110233E-003       1       1       3       2       2       3
  -0.58082389725170068E-004       1       1       3       3       3       3
  -0.51438447204125374E-005       1       1       3       3       4       4
  -0.51438447204125400E-005       1       1       3       3       5       5
  -0.47792358414642304E-004       1       1       3       4       4       3
  -0.47792358414642298E-004       1       1       3       5       5       3
  -0.53894626496258674E-001       1       1       4       1       1       4
  -0.24445981338802334E-002       1       1       4       1       2       4
   0.11745412341110239E-003       1       1       4       2       2       4
  -0.47792358414642304E-004       1       1       4       3       3       4
  -0.58082389725170068E-004       1       1       4       4       4       4
  -0.51438447204125383E-005       1       1       4       4       5       5
  -0.47792358414642223E-004       1       1       4       5       5       4
  -0.53894626496258653E-001       1       1       5       1       1       5
  -0.24445981338802334E-002       1       1       5       1       2       5
   0.11745412341110237E-003       1       1       5       2       2       5
  -0.47792358414642271E-004       1       1       5       3       3       5
  -0.47792358414642243E-004       1       1       5       4       4       5
  -0.58082389725170020E-004       1       1       5       5       5       5
  -0.11707153833105484            1       2       2       1       2       2
  -0.57071040514230318E-002       1       2       2       1       3       3
  -0.57071040514230301E-002       1       2       2       1       4       4
  -0.57071040514230301E-002       1       2       2       1       5       5
  -0.22424941320846855E-002       1       2       2       2       2       2
  -0.15670307233673646E-004       1       2       2       2       3       3
  -0.15670307233673626E-004       1       2       2       2       4       4
  -0.15670307233673555E-004       1       2       2       2       5       5
  -0.44505468888679316E-003       1       2       2       3       2       3
  -0.44505468888679316E-003       1       2       2       4       2       4
  -0.44505468888679338E-003       1       2       2       5       2       5
  -0.11446450408263409            1       2       3       1       2       3
  -0.22020227409526461E-002       1       2       3       2       2       3
  -0.47688084368234979E-003       1       2       3       3       3       3
  -0.22736701685447302E-004       1       2       3       3       4       4
  -0.22736701685447309E-004       1       2       3       3       5       5
  -0.22736701685447296E-004       1       2       3       4       3       4
  -0.43138886079477281E-003       1       2       3       4       4       3
  -0.22736701685447306E-004       1       2       3       5       3       5
  -0.43138886079477259E-003       1       2       3       5       5       3
  -0.11446450408263409            1       2       4       1       2       4
  -0.22020227409526461E-002       1       2       4       2       2       4
  -0.43138886079477281E-003       1       2       4       3       3       4
  -0.47688084368235000E-003       1       2       4       4       4       4
  -0.22736701685447302E-004       1       2       4       4       5       5
  -0.22736701685447309E-004       1       2       4       5       4       5
  -0.43138886079477270E-003       1       2       4       5       5       4
  -0.11446450408263398            1       2       5       1       2       5
  -0.22020227409526461E-002       1       2       5       2       2       5
  -0.43138886079477275E-003       1       2       5       3       3       5
  -0.43138886079477275E-003       1       2       5       4       4       5
  -0.47688084368234979E-003       1       2       5       5       5       5
  -0.11355249579799431            1       3       3       1       3       3
  -0.12449937456056057E-002       1       3       3       1       4       4
  -0.12449937456056083E-002       1       3       3       1       5       5
  -0.21790071835963926E-002       1       3       3       2       3       3
  -0.14007744986810689E-004       1       3       3       2       4       4
  -0.14007744986810702E-004       1       3       3       2       5       5
  -0.11106054491271646            1       3       4       1       3       4
  -0.21509792682280460E-002       1       3       4       2       3       4
  -0.11106054491271639            1       3       5       1       3       5
  -0.21509792682280469E-002       1       3       5       2       3       5
  -0.11355249579799431            1       4       4       1       4       4
  -0.12449937456056087E-002       1       4       4       1       5       5
  -0.21790071835963926E-002       1       4       4       2       4       4
  -0.14007744986810692E-004       1       4       4       2       5       5
  -0.11106054491271636            1       4       5       1       4       5
  -0.21509792682280456E-002       1       4       5       2       4       5
  -0.11355249579799412            1       5       5       1       5       5
  -0.21790071835963930E-002       1       5       5       2       5       5
  -0.18976706165561633            2       2       2       2       2       2
  -0.61639382640923989E-002       2       2       2       2       3       3
  -0.61639382640924058E-002       2       2       2       2       4       4
  -0.61639382640924032E-002       2       2       2       2       5       5
  -0.18634683570541488            2       2       3       2       2       3
  -0.64306116151331832E-002       2       2       3       3       3       3
  -0.21540149879536920E-003       2       2       3       3       4       4
  -0.21540149879536893E-003       2       2       3       3       5       5
  -0.59995106399784006E-002       2       2       3       4       4       3
  -0.59995106399783910E-002       2       2       3       5       5       3
  -0.18634683570541483            2       2       4       2       2       4
  -0.59995106399784006E-002       2       2       4       3       3       4
  -0.64306116151331772E-002       2       2       4       4       4       4
  -0.21540149879536920E-003       2       2       4       4       5       5
  -0.59995106399783936E-002       2       2       4       5       5       4
  -0.18634683570541502            2       2       5       2       2       5
  -0.59995106399783936E-002       2       2       5       3       3       5
  -0.59995106399783936E-002       2       2       5       4       4       5
  -0.64306116151331763E-002       2       2       5       5       5       5
  -0.18492672585955341            2       3       3       2       3       3
  -0.14759242513035936E-002       2       3       3       2       4       4
  -0.14759242513035929E-002       2       3       3       2       5       5
  -0.18197262425737065            2       3       4       2       3       4
  -0.18197262425737062            2       3       5       2       3       5
  -0.18492672585955350            2       4       4       2       4       4
  -0.14759242513035929E-002       2       4       4       2       5       5
  -0.18197262425737065            2       4       5       2       4       5
  -0.18492672585955361            2       5       5       2       5       5
  -0.18553369310581436            3       3       3       3       3       3
  -0.14898738505992408E-002       3       3       3       3       4       4
  -0.14898738505992413E-002       3       3       3       3       5       5
  -0.17956946167334858            3       3       4       3       3       4
  -0.14898738505992413E-002       3       3       4       4       4       4
  -0.32206496038106000E-004       3       3       4       4       5       5
  -0.14255737831651975E-002       3       3       4       5       5       4
  -0.17956946167334881            3       3       5       3       3       5
  -0.14255737831651964E-002       3       3       5       4       4       5
  -0.14898738505992430E-002       3       3       5       5       5       5
  -0.17956946167334858            3       4       4       3       4       4
  -0.14255737831651981E-002       3       4       4       3       5       5
  -0.17671632668303996            3       4       5       3       4       5
  -0.17956946167334875            3       5       5       3       5       5
  -0.18553369310581447            4       4       4       4       4       4
  -0.14898738505992406E-002       4       4       4       4       5       5
  -0.17956946167334867            4       4       5       4       4       5
  -0.14898738505992424E-002       4       4       5       5       5       5
  -0.17956946167334875            4       5       5       4       5       5
  -0.18553369310581450            5       5       5       5       5       5
