           5
  -0.22351412330759206E-001       1       1       1       1       1       1
  -0.41136986639395004E-003       1       1       1       1       1       2
  -0.22300019806364732E-003       1       1       1       1       2       2
  -0.53863396897255915E-004       1       1       1       1       3       3
  -0.53863396897255840E-004       1       1       1       1       4       4
  -0.53863396897255739E-004       1       1       1       1       5       5
   0.53662822582605474E-004       1       1       1       2       2       2
  -0.19105068982470312E-005       1       1       1       2       3       3
  -0.19105068982470211E-005       1       1       1       2       4       4
  -0.19105068982470312E-005       1       1       1       2       5       5
  -0.56855705052175964E-001       1       1       2       1       1       2
  -0.24706592241419312E-002       1       1       2       1       2       2
  -0.41802144063846411E-003       1       1       2       1       3       3
  -0.41802144063846428E-003       1       1       2       1       4       4
  -0.41802144063846395E-003       1       1       2       1       5       5
   0.11314365498615571E-003       1       1       2       2       2       2
  -0.77307859342516465E-005       1       1       2       2       3       3
  -0.77307859342516448E-005       1       1       2       2       4       4
  -0.77307859342516583E-005       1       1       2       2       5       5
  -0.50133790348356371E-004       1       1       2       3       3       2
  -0.50133790348356371E-004       1       1       2       4       4       2
  -0.50133790348356350E-004       1       1       2       5       5       2
  -0.54911507407163454E-001       1       1       3       1       1       3
  -0.24511283906315071E-002       1       1       3       1       2       3
   0.11827901325618944E-003       1       1       3       2       2       3
  -0.58138927141369325E-004       1       1       3       3       3       3
  -0.51398084724360447E-005       1       1       3       3       4       4
  -0.51398084724360455E-005       1       1       3       3       5       5
  -0.47856979465951722E-004       1       1       3       4       4       3
  -0.47856979465951722E-004       1       1       3       5       5       3
  -0.54911507407163454E-001       1       1       4       1       1       4
  -0.24511283906315084E-002       1       1       4       1       2       4
   0.11827901325618944E-003       1       1       4       2       2       4
  -0.47856979465951742E-004       1       1       4       3       3       4
  -0.58138927141369359E-004       1       1       4       4       4       4
  -0.51398084724360455E-005       1       1       4       4       5       5
  -0.47856979465951728E-004       1       1       4       5       5       4
  -0.54911507407163419E-001       1       1       5       1       1       5
  -0.24511283906315092E-002       1       1       5       1       2       5
   0.11827901325618933E-003       1       1       5       2       2       5
  -0.47856979465951728E-004       1       1       5       3       3       5
  -0.47856979465951701E-004       1       1       5       4       4       5
  -0.58138927141369332E-004       1       1       5       5       5       5
  -0.11853798917455419            1       2       2       1       2       2
  -0.58437441010331277E-002       1       2       2       1       3       3
  -0.58437441010331321E-002       1       2       2       1       4       4
  -0.58437441010331312E-002       1       2       2       1       5       5
  -0.22207291832010466E-002       1       2       2       2       2       2
  -0.14480888450594104E-004       1       2       2       2       3       3
  -0.14480888450594114E-004       1       2       2       2       4       4
  -0.14480888450594043E-004       1       2       2       2       5       5
  -0.45350704961458584E-003       1       2       2       3       2       3
  -0.45350704961458584E-003       1       2       2       4       2       4
  -0.45350704961458611E-003       1       2       2       5       2       5
  -0.11590865871848055            1       2       3       1       2       3
  -0.21815480214275973E-002       1       2       3       2       2       3
  -0.48567638597484929E-003       1       2       3       3       3       3
  -0.22965293352460878E-004       1       2       3       3       4       4
  -0.22965293352460902E-004       1       2       3       3       5       5
  -0.22965293352460878E-004       1       2       3       4       3       4
  -0.43972707585401025E-003       1       2       3       4       4       3
  -0.22965293352460888E-004       1       2       3       5       3       5
  -0.43972707585401025E-003       1       2       3       5       5       3
  -0.11590865871848055            1       2       4       1       2       4
  -0.21815480214275960E-002       1       2       4       2       2       4
  -0.43972707585401014E-003       1       2       4       3       3       4
  -0.48567638597484913E-003       1       2       4       4       4       4
  -0.22965293352460902E-004       1       2       4       4       5       5
  -0.22965293352460888E-004       1       2       4       5       4       5
  -0.43972707585401025E-003       1       2       4       5       5       4
  -0.11590865871848058            1       2       5       1       2       5
  -0.21815480214275955E-002       1       2       5       2       2       5
  -0.43972707585401019E-003       1       2       5       3       3       5
  -0.43972707585401025E-003       1       2       5       4       4       5
  -0.48567638597484940E-003       1       2       5       5       5       5
  -0.11504464272730591            1       3       3       1       3       3
  -0.12983008270590791E-002       1       3       3       1       4       4
  -0.12983008270590780E-002       1       3       3       1       5       5
  -0.21588637680724507E-002       1       3       3       2       3       3
  -0.13312553597265205E-004       1       3       3       2       4       4
  -0.13312553597265205E-004       1       3       3       2       5       5
  -0.11244606254810958            1       3       4       1       3       4
  -0.21322267781754686E-002       1       3       4       2       3       4
  -0.11244606254810954            1       3       5       1       3       5
  -0.21322267781754699E-002       1       3       5       2       3       5
  -0.11504464272730587            1       4       4       1       4       4
  -0.12983008270590775E-002       1       4       4       1       5       5
  -0.21588637680724516E-002       1       4       4       2       4       4
  -0.13312553597265217E-004       1       4       4       2       5       5
  -0.11244606254810957            1       4       5       1       4       5
  -0.21322267781754716E-002       1       4       5       2       4       5
  -0.11504464272730572            1       5       5       1       5       5
  -0.21588637680724529E-002       1       5       5       2       5       5
  -0.19087507193972397            2       2       2       2       2       2
  -0.62778906702846988E-002       2       2       2       2       3       3
  -0.62778906702847040E-002       2       2       2       2       4       4
  -0.62778906702846988E-002       2       2       2       2       5       5
  -0.18746645118660712            2       2       3       2       2       3
  -0.65522937873558175E-002       2       2       3       3       3       3
  -0.22058467670745164E-003       2       2       3       3       4       4
  -0.22058467670745151E-003       2       2       3       3       5       5
  -0.61108253909651434E-002       2       2       3       4       4       3
  -0.61108253909651399E-002       2       2       3       5       5       3
  -0.18746645118660715            2       2       4       2       2       4
  -0.61108253909651399E-002       2       2       4       3       3       4
  -0.65522937873558219E-002       2       2       4       4       4       4
  -0.22058467670745137E-003       2       2       4       4       5       5
  -0.61108253909651390E-002       2       2       4       5       5       4
  -0.18746645118660715            2       2       5       2       2       5
  -0.61108253909651364E-002       2       2       5       3       3       5
  -0.61108253909651399E-002       2       2       5       4       4       5
  -0.65522937873558175E-002       2       2       5       5       5       5
  -0.18611497443007288            2       3       3       2       3       3
  -0.15197939374298288E-002       2       3       3       2       4       4
  -0.15197939374298288E-002       2       3       3       2       5       5
  -0.18307313189229218            2       3       4       2       3       4
  -0.18307313189229218            2       3       5       2       3       5
  -0.18611497443007288            2       4       4       2       4       4
  -0.15197939374298277E-002       2       4       4       2       5       5
  -0.18307313189229224            2       4       5       2       4       5
  -0.18611497443007308            2       5       5       2       5       5
  -0.18685055798753425            3       3       3       3       3       3
  -0.15347171537162408E-002       3       3       3       3       4       4
  -0.15347171537162425E-002       3       3       3       3       5       5
  -0.18070694335015608            3       3       4       3       3       4
  -0.15347171537162408E-002       3       3       4       4       4       4
  -0.33299825087933015E-004       3       3       4       4       5       5
  -0.14682346084798799E-002       3       3       4       5       5       4
  -0.18070694335015614            3       3       5       3       3       5
  -0.14682346084798794E-002       3       3       5       4       4       5
  -0.15347171537162402E-002       3       3       5       5       5       5
  -0.18070694335015602            3       4       4       3       4       4
  -0.14682346084798799E-002       3       4       4       3       5       5
  -0.17776849029102784            3       4       5       3       4       5
  -0.18070694335015605            3       5       5       3       5       5
  -0.18685055798753417            4       4       4       4       4       4
  -0.15347171537162412E-002       4       4       4       4       5       5
  -0.18070694335015594            4       4       5       4       4       5
  -0.15347171537162391E-002       4       4       5       5       5       5
  -0.18070694335015602            4       5       5       4       5       5
  -0.18685055798753436            5       5       5       5       5       5
