           5
  -0.21721301990395171E-001       1       1       1       1       1       1
  -0.50270413939440322E-003       1       1       1       1       1       2
  -0.21452449057845019E-003       1       1       1       1       2       2
  -0.54295872621136240E-004       1       1       1       1       3       3
  -0.54295872621136294E-004       1       1       1       1       4       4
  -0.54295872621136185E-004       1       1       1       1       5       5
   0.52534239629771967E-004       1       1       1       2       2       2
  -0.19400820909138074E-005       1       1       1       2       3       3
  -0.19400820909138252E-005       1       1       1       2       4       4
  -0.19400820909138197E-005       1       1       1       2       5       5
  -0.57332426771349199E-001       1       1       2       1       1       2
  -0.24781404592683215E-002       1       1       2       1       2       2
  -0.41554622510357010E-003       1       1       2       1       3       3
  -0.41554622510357004E-003       1       1       2       1       4       4
  -0.41554622510356988E-003       1       1       2       1       5       5
   0.11184716147371473E-003       1       1       2       2       2       2
  -0.79926058108011187E-005       1       1       2       2       3       3
  -0.79926058108011492E-005       1       1       2       2       4       4
  -0.79926058108011221E-005       1       1       2       2       5       5
  -0.50111135109835993E-004       1       1       2       3       3       2
  -0.50111135109835953E-004       1       1       2       4       4       2
  -0.50111135109835932E-004       1       1       2       5       5       2
  -0.55363544683927936E-001       1       1       3       1       1       3
  -0.24597169697653746E-002       1       1       3       1       2       3
   0.11704033264190578E-003       1       1       3       2       2       3
  -0.57962045268247103E-004       1       1       3       3       3       3
  -0.49923897059615688E-005       1       1       3       3       4       4
  -0.49923897059615688E-005       1       1       3       3       5       5
  -0.47974983267391700E-004       1       1       3       4       4       3
  -0.47974983267391660E-004       1       1       3       5       5       3
  -0.55363544683927964E-001       1       1       4       1       1       4
  -0.24597169697653737E-002       1       1       4       1       2       4
   0.11704033264190578E-003       1       1       4       2       2       4
  -0.47974983267391687E-004       1       1       4       3       3       4
  -0.57962045268247103E-004       1       1       4       4       4       4
  -0.49923897059615646E-005       1       1       4       4       5       5
  -0.47974983267391660E-004       1       1       4       5       5       4
  -0.55363544683928019E-001       1       1       5       1       1       5
  -0.24597169697653755E-002       1       1       5       1       2       5
   0.11704033264190589E-003       1       1       5       2       2       5
  -0.47974983267391694E-004       1       1       5       3       3       5
  -0.47974983267391673E-004       1       1       5       4       4       5
  -0.57962045268247137E-004       1       1       5       5       5       5
  -0.11924299566031521            1       2       2       1       2       2
  -0.58241665149614073E-002       1       2       2       1       3       3
  -0.58241665149614055E-002       1       2       2       1       4       4
  -0.58241665149614003E-002       1       2       2       1       5       5
  -0.22295700952128855E-002       1       2       2       2       2       2
  -0.13592148767875138E-004       1       2       2       2       3       3
  -0.13592148767875116E-004       1       2       2       2       4       4
  -0.13592148767875068E-004       1       2       2       2       5       5
  -0.44953621668887800E-003       1       2       2       3       2       3
  -0.44953621668887821E-003       1       2       2       4       2       4
  -0.44953621668887865E-003       1       2       2       5       2       5
  -0.11660294316534636            1       2       3       1       2       3
  -0.21909655800164711E-002       1       2       3       2       2       3
  -0.48226794561557264E-003       1       2       3       3       3       3
  -0.23222596652930807E-004       1       2       3       3       4       4
  -0.23222596652930786E-004       1       2       3       3       5       5
  -0.23222596652930817E-004       1       2       3       4       3       4
  -0.43580400192791175E-003       1       2       3       4       4       3
  -0.23222596652930827E-004       1       2       3       5       3       5
  -0.43580400192791180E-003       1       2       3       5       5       3
  -0.11660294316534636            1       2       4       1       2       4
  -0.21909655800164693E-002       1       2       4       2       2       4
  -0.43580400192791153E-003       1       2       4       3       3       4
  -0.48226794561557270E-003       1       2       4       4       4       4
  -0.23222596652930773E-004       1       2       4       4       5       5
  -0.23222596652930803E-004       1       2       4       5       4       5
  -0.43580400192791180E-003       1       2       4       5       5       4
  -0.11660294316534633            1       2       5       1       2       5
  -0.21909655800164702E-002       1       2       5       2       2       5
  -0.43580400192791158E-003       1       2       5       3       3       5
  -0.43580400192791175E-003       1       2       5       4       4       5
  -0.48226794561557286E-003       1       2       5       5       5       5
  -0.11581353397573280            1       3       3       1       3       3
  -0.13625341841786141E-002       1       3       3       1       4       4
  -0.13625341841786154E-002       1       3       3       1       5       5
  -0.21683156983701747E-002       1       3       3       2       3       3
  -0.12902639228856783E-004       1       3       3       2       4       4
  -0.12902639228856778E-004       1       3       3       2       5       5
  -0.11308646651380039            1       3       4       1       3       4
  -0.21424987261239843E-002       1       3       4       2       3       4
  -0.11308646651380024            1       3       5       1       3       5
  -0.21424987261239839E-002       1       3       5       2       3       5
  -0.11581353397573280            1       4       4       1       4       4
  -0.13625341841786145E-002       1       4       4       1       5       5
  -0.21683156983701743E-002       1       4       4       2       4       4
  -0.12902639228856790E-004       1       4       4       2       5       5
  -0.11308646651380024            1       4       5       1       4       5
  -0.21424987261239852E-002       1       4       5       2       4       5
  -0.11581353397573271            1       5       5       1       5       5
  -0.21683156983701747E-002       1       5       5       2       5       5
  -0.19166348028247060            2       2       2       2       2       2
  -0.62231054637151327E-002       2       2       2       2       3       3
  -0.62231054637151284E-002       2       2       2       2       4       4
  -0.62231054637151267E-002       2       2       2       2       5       5
  -0.18825413749727876            2       2       3       2       2       3
  -0.65094828442174429E-002       2       2       3       3       3       3
  -0.22825158770378793E-003       2       2       3       3       4       4
  -0.22825158770378772E-003       2       2       3       3       5       5
  -0.60526795815081143E-002       2       2       3       4       4       3
  -0.60526795815081117E-002       2       2       3       5       5       3
  -0.18825413749727882            2       2       4       2       2       4
  -0.60526795815081177E-002       2       2       4       3       3       4
  -0.65094828442174325E-002       2       2       4       4       4       4
  -0.22825158770378761E-003       2       2       4       4       5       5
  -0.60526795815081108E-002       2       2       4       5       5       4
  -0.18825413749727885            2       2       5       2       2       5
  -0.60526795815081229E-002       2       2       5       3       3       5
  -0.60526795815081151E-002       2       2       5       4       4       5
  -0.65094828442174291E-002       2       2       5       5       5       5
  -0.18698600641176844            2       3       3       2       3       3
  -0.15830964896335908E-002       2       3       3       2       4       4
  -0.15830964896335917E-002       2       3       3       2       5       5
  -0.18381754190051774            2       3       4       2       3       4
  -0.18381754190051786            2       3       5       2       3       5
  -0.18698600641176838            2       4       4       2       4       4
  -0.15830964896335926E-002       2       4       4       2       5       5
  -0.18381754190051783            2       4       5       2       4       5
  -0.18698600641176846            2       5       5       2       5       5
  -0.18789207977682171            3       3       3       3       3       3
  -0.15992399894537474E-002       3       3       3       3       4       4
  -0.15992399894537491E-002       3       3       3       3       5       5
  -0.18149032893256037            3       3       4       3       3       4
  -0.15992399894537474E-002       3       3       4       4       4       4
  -0.35345662784275252E-004       3       3       4       4       5       5
  -0.15286723992103436E-002       3       3       4       5       5       4
  -0.18149032893256029            3       3       5       3       3       5
  -0.15286723992103419E-002       3       3       5       4       4       5
  -0.15992399894537474E-002       3       3       5       5       5       5
  -0.18149032893256026            3       4       4       3       4       4
  -0.15286723992103445E-002       3       4       4       3       5       5
  -0.17843099414784663            3       4       5       3       4       5
  -0.18149032893256037            3       5       5       3       5       5
  -0.18789207977682179            4       4       4       4       4       4
  -0.15992399894537487E-002       4       4       4       4       5       5
  -0.18149032893256037            4       4       5       4       4       5
  -0.15992399894537474E-002       4       4       5       5       5       5
  -0.18149032893256034            4       5       5       4       5       5
  -0.18789207977682176            5       5       5       5       5       5
