           5
  -0.21857499272570434E-001       1       1       1       1       1       1
  -0.47652126710370302E-003       1       1       1       1       1       2
  -0.21670556669709128E-003       1       1       1       1       2       2
  -0.53301032784508232E-004       1       1       1       1       3       3
  -0.53301032784508279E-004       1       1       1       1       4       4
  -0.53301032784508252E-004       1       1       1       1       5       5
   0.52755835181578802E-004       1       1       1       2       2       2
  -0.18638782006627869E-005       1       1       1       2       3       3
  -0.18638782006628140E-005       1       1       1       2       4       4
  -0.18638782006628174E-005       1       1       1       2       5       5
  -0.57173348042336217E-001       1       1       2       1       1       2
  -0.24731496371563091E-002       1       1       2       1       2       2
  -0.40553481434854973E-003       1       1       2       1       3       3
  -0.40553481434854973E-003       1       1       2       1       4       4
  -0.40553481434854968E-003       1       1       2       1       5       5
   0.11197340147722184E-003       1       1       2       2       2       2
  -0.82463097740865992E-005       1       1       2       2       3       3
  -0.82463097740866026E-005       1       1       2       2       4       4
  -0.82463097740866043E-005       1       1       2       2       5       5
  -0.49238621312954033E-004       1       1       2       3       3       2
  -0.49238621312954053E-004       1       1       2       4       4       2
  -0.49238621312954026E-004       1       1       2       5       5       2
  -0.55210192791567372E-001       1       1       3       1       1       3
  -0.24544621398014201E-002       1       1       3       1       2       3
   0.11713144497032869E-003       1       1       3       2       2       3
  -0.56715047137565954E-004       1       1       3       3       3       3
  -0.47448601701022447E-005       1       1       3       3       4       4
  -0.47448601701022388E-005       1       1       3       3       5       5
  -0.47223115158216179E-004       1       1       3       4       4       3
  -0.47223115158216193E-004       1       1       3       5       5       3
  -0.55210192791567393E-001       1       1       4       1       1       4
  -0.24544621398014210E-002       1       1       4       1       2       4
   0.11713144497032865E-003       1       1       4       2       2       4
  -0.47223115158216240E-004       1       1       4       3       3       4
  -0.56715047137565974E-004       1       1       4       4       4       4
  -0.47448601701022405E-005       1       1       4       4       5       5
  -0.47223115158216186E-004       1       1       4       5       5       4
  -0.55210192791567372E-001       1       1       5       1       1       5
  -0.24544621398014197E-002       1       1       5       1       2       5
   0.11713144497032868E-003       1       1       5       2       2       5
  -0.47223115158216213E-004       1       1       5       3       3       5
  -0.47223115158216179E-004       1       1       5       4       4       5
  -0.56715047137566008E-004       1       1       5       5       5       5
  -0.11900223190076564            1       2       2       1       2       2
  -0.57226630915724235E-002       1       2       2       1       3       3
  -0.57226630915724261E-002       1       2       2       1       4       4
  -0.57226630915724191E-002       1       2       2       1       5       5
  -0.22241320559936925E-002       1       2       2       2       2       2
  -0.14621313770982771E-004       1       2       2       2       3       3
  -0.14621313770982771E-004       1       2       2       2       4       4
  -0.14621313770982772E-004       1       2       2       2       5       5
  -0.44296887655538494E-003       1       2       2       3       2       3
  -0.44296887655538477E-003       1       2       2       4       2       4
  -0.44296887655538494E-003       1       2       2       5       2       5
  -0.11636487781782565            1       2       3       1       2       3
  -0.21854790369827334E-002       1       2       3       2       2       3
  -0.47452872741286686E-003       1       2       3       3       3       3
  -0.22411875383962738E-004       1       2       3       3       4       4
  -0.22411875383962748E-004       1       2       3       3       5       5
  -0.22411875383962732E-004       1       2       3       4       3       4
  -0.42968657326232008E-003       1       2       3       4       4       3
  -0.22411875383962732E-004       1       2       3       5       3       5
  -0.42968657326232051E-003       1       2       3       5       5       3
  -0.11636487781782567            1       2       4       1       2       4
  -0.21854790369827339E-002       1       2       4       2       2       4
  -0.42968657326232035E-003       1       2       4       3       3       4
  -0.47452872741286643E-003       1       2       4       4       4       4
  -0.22411875383962752E-004       1       2       4       4       5       5
  -0.22411875383962748E-004       1       2       4       5       4       5
  -0.42968657326232035E-003       1       2       4       5       5       4
  -0.11636487781782573            1       2       5       1       2       5
  -0.21854790369827339E-002       1       2       5       2       2       5
  -0.42968657326232051E-003       1       2       5       3       3       5
  -0.42968657326232030E-003       1       2       5       4       4       5
  -0.47452872741286702E-003       1       2       5       5       5       5
  -0.11557135999897655            1       3       3       1       3       3
  -0.13573869293660725E-002       1       3       3       1       4       4
  -0.13573869293660732E-002       1       3       3       1       5       5
  -0.21626266597069071E-002       1       3       3       2       3       3
  -0.12784214653158509E-004       1       3       3       2       4       4
  -0.12784214653158507E-004       1       3       3       2       5       5
  -0.11285459285737831            1       3       4       1       3       4
  -0.21370465213892105E-002       1       3       4       2       3       4
  -0.11285459285737826            1       3       5       1       3       5
  -0.21370465213892084E-002       1       3       5       2       3       5
  -0.11557135999897658            1       4       4       1       4       4
  -0.13573869293660745E-002       1       4       4       1       5       5
  -0.21626266597069054E-002       1       4       4       2       4       4
  -0.12784214653158514E-004       1       4       4       2       5       5
  -0.11285459285737827            1       4       5       1       4       5
  -0.21370465213892066E-002       1       4       5       2       4       5
  -0.11557135999897653            1       5       5       1       5       5
  -0.21626266597069045E-002       1       5       5       2       5       5
  -0.19135968565717457            2       2       2       2       2       2
  -0.61346972167266702E-002       2       2       2       2       3       3
  -0.61346972167266728E-002       2       2       2       2       4       4
  -0.61346972167266676E-002       2       2       2       2       5       5
  -0.18795149958473956            2       2       3       2       2       3
  -0.64122594497074310E-002       2       2       3       3       3       3
  -0.22187486153906629E-003       2       2       3       3       4       4
  -0.22187486153906616E-003       2       2       3       3       5       5
  -0.59682145463060207E-002       2       2       3       4       4       3
  -0.59682145463060216E-002       2       2       3       5       5       3
  -0.18795149958473956            2       2       4       2       2       4
  -0.59682145463060155E-002       2       2       4       3       3       4
  -0.64122594497074276E-002       2       2       4       4       4       4
  -0.22187486153906638E-003       2       2       4       4       5       5
  -0.59682145463060190E-002       2       2       4       5       5       4
  -0.18795149958473947            2       2       5       2       2       5
  -0.59682145463060155E-002       2       2       5       3       3       5
  -0.59682145463060225E-002       2       2       5       4       4       5
  -0.64122594497074328E-002       2       2       5       5       5       5
  -0.18667775034517886            2       3       3       2       3       3
  -0.15779603542489555E-002       2       3       3       2       4       4
  -0.15779603542489537E-002       2       3       3       2       5       5
  -0.18351956101089351            2       3       4       2       3       4
  -0.18351956101089342            2       3       5       2       3       5
  -0.18667775034517881            2       4       4       2       4       4
  -0.15779603542489537E-002       2       4       4       2       5       5
  -0.18351956101089340            2       4       5       2       4       5
  -0.18667775034517889            2       5       5       2       5       5
  -0.18757107772598969            3       3       3       3       3       3
  -0.15939999235616686E-002       3       3       3       3       4       4
  -0.15939999235616686E-002       3       3       3       3       5       5
  -0.18119029304684942            3       3       4       3       3       4
  -0.15939999235616697E-002       3       3       4       4       4       4
  -0.35275958852355469E-004       3       3       4       4       5       5
  -0.15235720177955146E-002       3       3       4       5       5       4
  -0.18119029304684944            3       3       5       3       3       5
  -0.15235720177955141E-002       3       3       5       4       4       5
  -0.15939999235616690E-002       3       3       5       5       5       5
  -0.18119029304684936            3       4       4       3       4       4
  -0.15235720177955152E-002       3       4       4       3       5       5
  -0.17814116235733302            3       4       5       3       4       5
  -0.18119029304684953            3       5       5       3       5       5
  -0.18757107772598972            4       4       4       4       4       4
  -0.15939999235616690E-002       4       4       4       4       5       5
  -0.18119029304684942            4       4       5       4       4       5
  -0.15939999235616690E-002       4       4       5       5       5       5
  -0.18119029304684944            4       5       5       4       5       5
  -0.18757107772598994            5       5       5       5       5       5
