           5
  -0.21250921535781196E-001       1       1       1       1       1       1
  -0.41064166232165461E-003       1       1       1       1       1       2
  -0.21843060350484021E-003       1       1       1       1       2       2
  -0.54013795130792791E-004       1       1       1       1       3       3
  -0.54013795130792730E-004       1       1       1       1       4       4
  -0.54013795130792682E-004       1       1       1       1       5       5
   0.52507385619056419E-004       1       1       1       2       2       2
  -0.17694729923112300E-005       1       1       1       2       3       3
  -0.17694729923112425E-005       1       1       1       2       4       4
  -0.17694729923112628E-005       1       1       1       2       5       5
  -0.54631924125614545E-001       1       1       2       1       1       2
  -0.24429979379746603E-002       1       1       2       1       2       2
  -0.40207497538511159E-003       1       1       2       1       3       3
  -0.40207497538511153E-003       1       1       2       1       4       4
  -0.40207497538511142E-003       1       1       2       1       5       5
   0.10849594420074343E-003       1       1       2       2       2       2
  -0.81536673562499629E-005       1       1       2       2       3       3
  -0.81536673562499460E-005       1       1       2       2       4       4
  -0.81536673562499562E-005       1       1       2       2       5       5
  -0.49369452312702762E-004       1       1       2       3       3       2
  -0.49369452312702742E-004       1       1       2       4       4       2
  -0.49369452312702715E-004       1       1       2       5       5       2
  -0.52756793448932471E-001       1       1       3       1       1       3
  -0.24229269889570037E-002       1       1       3       1       2       3
   0.11364223643295067E-003       1       1       3       2       2       3
  -0.57368001398916909E-004       1       1       3       3       3       3
  -0.51435942795147710E-005       1       1       3       3       4       4
  -0.51435942795147685E-005       1       1       3       3       5       5
  -0.47078473874021876E-004       1       1       3       4       4       3
  -0.47078473874021822E-004       1       1       3       5       5       3
  -0.52756793448932471E-001       1       1       4       1       1       4
  -0.24229269889570063E-002       1       1       4       1       2       4
   0.11364223643295067E-003       1       1       4       2       2       4
  -0.47078473874021890E-004       1       1       4       3       3       4
  -0.57368001398916963E-004       1       1       4       4       4       4
  -0.51435942795147676E-005       1       1       4       4       5       5
  -0.47078473874021822E-004       1       1       4       5       5       4
  -0.52756793448932471E-001       1       1       5       1       1       5
  -0.24229269889570050E-002       1       1       5       1       2       5
   0.11364223643295060E-003       1       1       5       2       2       5
  -0.47078473874021917E-004       1       1       5       3       3       5
  -0.47078473874021910E-004       1       1       5       4       4       5
  -0.57368001398916936E-004       1       1       5       5       5       5
  -0.11529265221700491            1       2       2       1       2       2
  -0.55942268993990803E-002       1       2       2       1       3       3
  -0.55942268993990785E-002       1       2       2       1       4       4
  -0.55942268993990716E-002       1       2       2       1       5       5
  -0.22640887158421300E-002       1       2       2       2       2       2
  -0.18716256041333739E-004       1       2       2       2       3       3
  -0.18716256041333702E-004       1       2       2       2       4       4
  -0.18716256041333645E-004       1       2       2       2       5       5
  -0.44391616967017741E-003       1       2       2       3       2       3
  -0.44391616967017747E-003       1       2       2       4       2       4
  -0.44391616967017725E-003       1       2       2       5       2       5
  -0.11271308583850755            1       2       3       1       2       3
  -0.22227759386820919E-002       1       2       3       2       2       3
  -0.47494376500260068E-003       1       2       3       3       3       3
  -0.22250359695210197E-004       1       2       3       3       4       4
  -0.22250359695210200E-004       1       2       3       3       5       5
  -0.22250359695210207E-004       1       2       3       4       3       4
  -0.43042468061412365E-003       1       2       3       4       4       3
  -0.22250359695210210E-004       1       2       3       5       3       5
  -0.43042468061412349E-003       1       2       3       5       5       3
  -0.11271308583850759            1       2       4       1       2       4
  -0.22227759386820901E-002       1       2       4       2       2       4
  -0.43042468061412371E-003       1       2       4       3       3       4
  -0.47494376500260057E-003       1       2       4       4       4       4
  -0.22250359695210200E-004       1       2       4       4       5       5
  -0.22250359695210200E-004       1       2       4       5       4       5
  -0.43042468061412365E-003       1       2       4       5       5       4
  -0.11271308583850748            1       2       5       1       2       5
  -0.22227759386820888E-002       1       2       5       2       2       5
  -0.43042468061412387E-003       1       2       5       3       3       5
  -0.43042468061412371E-003       1       2       5       4       4       5
  -0.47494376500260062E-003       1       2       5       5       5       5
  -0.11177762877170361            1       3       3       1       3       3
  -0.12067279267501340E-002       1       3       3       1       4       4
  -0.12067279267501342E-002       1       3       3       1       5       5
  -0.21993196535062872E-002       1       3       3       2       3       3
  -0.14262137622012456E-004       1       3       3       2       4       4
  -0.14262137622012466E-004       1       3       3       2       5       5
  -0.10936225698083413            1       3       4       1       3       4
  -0.21707824204558425E-002       1       3       4       2       3       4
  -0.10936225698083404            1       3       5       1       3       5
  -0.21707824204558425E-002       1       3       5       2       3       5
  -0.11177762877170364            1       4       4       1       4       4
  -0.12067279267501349E-002       1       4       4       1       5       5
  -0.21993196535062881E-002       1       4       4       2       4       4
  -0.14262137622012483E-004       1       4       4       2       5       5
  -0.10936225698083404            1       4       5       1       4       5
  -0.21707824204558425E-002       1       4       5       2       4       5
  -0.11177762877170364            1       5       5       1       5       5
  -0.21993196535062894E-002       1       5       5       2       5       5
  -0.18804757480924175            2       2       2       2       2       2
  -0.61000127453895714E-002       2       2       2       2       3       3
  -0.61000127453895662E-002       2       2       2       2       4       4
  -0.61000127453895558E-002       2       2       2       2       5       5
  -0.18463420856783946            2       2       3       2       2       3
  -0.63545372633725949E-002       2       2       3       3       3       3
  -0.20746115591485154E-003       2       2       3       3       4       4
  -0.20746115591485122E-003       2       2       3       3       5       5
  -0.59393240551531851E-002       2       2       3       4       4       3
  -0.59393240551531869E-002       2       2       3       5       5       3
  -0.18463420856783952            2       2       4       2       2       4
  -0.59393240551531921E-002       2       2       4       3       3       4
  -0.63545372633725915E-002       2       2       4       4       4       4
  -0.20746115591485106E-003       2       2       4       4       5       5
  -0.59393240551531851E-002       2       2       4       5       5       4
  -0.18463420856783935            2       2       5       2       2       5
  -0.59393240551531903E-002       2       2       5       3       3       5
  -0.59393240551531851E-002       2       2       5       4       4       5
  -0.63545372633725828E-002       2       2       5       5       5       5
  -0.18317624297445395            2       3       3       2       3       3
  -0.14417545187423186E-002       2       3       3       2       4       4
  -0.14417545187423168E-002       2       3       3       2       5       5
  -0.18029052028793183            2       3       4       2       3       4
  -0.18029052028793191            2       3       5       2       3       5
  -0.18317624297445403            2       4       4       2       4       4
  -0.14417545187423186E-002       2       4       4       2       5       5
  -0.18029052028793191            2       4       5       2       4       5
  -0.18317624297445412            2       5       5       2       5       5
  -0.18369833407608077            3       3       3       3       3       3
  -0.14549126390813031E-002       3       3       3       3       4       4
  -0.14549126390813027E-002       3       3       3       3       5       5
  -0.17787403476658431            3       3       4       3       3       4
  -0.14549126390813027E-002       3       3       4       4       4       4
  -0.31211555611494336E-004       3       3       4       4       5       5
  -0.13925984257677428E-002       3       3       4       5       5       4
  -0.17787403476658425            3       3       5       3       3       5
  -0.13925984257677445E-002       3       3       5       4       4       5
  -0.14549126390813020E-002       3       3       5       5       5       5
  -0.17787403476658428            3       4       4       3       4       4
  -0.13925984257677428E-002       3       4       4       3       5       5
  -0.17508688226711658            3       4       5       3       4       5
  -0.17787403476658437            3       5       5       3       5       5
  -0.18369833407608077            4       4       4       4       4       4
  -0.14549126390813031E-002       4       4       4       4       5       5
  -0.17787403476658428            4       4       5       4       4       5
  -0.14549126390813020E-002       4       4       5       5       5       5
  -0.17787403476658442            4       5       5       4       5       5
  -0.18369833407608083            5       5       5       5       5       5
