           5
  -0.21728082774220382E-001       1       1       1       1       1       1
  -0.39287556230038257E-003       1       1       1       1       1       2
  -0.22500667598139616E-003       1       1       1       1       2       2
  -0.53763617842674808E-004       1       1       1       1       3       3
  -0.53763617842674889E-004       1       1       1       1       4       4
  -0.53763617842674754E-004       1       1       1       1       5       5
   0.53701550546724793E-004       1       1       1       2       2       2
  -0.18409639084303916E-005       1       1       1       2       3       3
  -0.18409639084303577E-005       1       1       1       2       4       4
  -0.18409639084303971E-005       1       1       1       2       5       5
  -0.55671949387181049E-001       1       1       2       1       1       2
  -0.24609895748585785E-002       1       1       2       1       2       2
  -0.40121559478710841E-003       1       1       2       1       3       3
  -0.40121559478710858E-003       1       1       2       1       4       4
  -0.40121559478710858E-003       1       1       2       1       5       5
   0.11003902555720496E-003       1       1       2       2       2       2
  -0.81023740038453579E-005       1       1       2       2       3       3
  -0.81023740038453613E-005       1       1       2       2       4       4
  -0.81023740038453477E-005       1       1       2       2       5       5
  -0.49635525757437371E-004       1       1       2       3       3       2
  -0.49635525757437344E-004       1       1       2       4       4       2
  -0.49635525757437242E-004       1       1       2       5       5       2
  -0.53753032867270178E-001       1       1       3       1       1       3
  -0.24419012394806625E-002       1       1       3       1       2       3
   0.11526007382559733E-003       1       1       3       2       2       3
  -0.57748910396881007E-004       1       1       3       3       3       3
  -0.52275334158815429E-005       1       1       3       3       4       4
  -0.52275334158815395E-005       1       1       3       3       5       5
  -0.47291469284896077E-004       1       1       3       4       4       3
  -0.47291469284896023E-004       1       1       3       5       5       3
  -0.53753032867270165E-001       1       1       4       1       1       4
  -0.24419012394806625E-002       1       1       4       1       2       4
   0.11526007382559728E-003       1       1       4       2       2       4
  -0.47291469284896037E-004       1       1       4       3       3       4
  -0.57748910396880973E-004       1       1       4       4       4       4
  -0.52275334158815370E-005       1       1       4       4       5       5
  -0.47291469284896009E-004       1       1       4       5       5       4
  -0.53753032867270165E-001       1       1       5       1       1       5
  -0.24419012394806621E-002       1       1       5       1       2       5
   0.11526007382559691E-003       1       1       5       2       2       5
  -0.47291469284896037E-004       1       1       5       3       3       5
  -0.47291469284896057E-004       1       1       5       4       4       5
  -0.57748910396880953E-004       1       1       5       5       5       5
  -0.11693942027099416            1       2       2       1       2       2
  -0.56740546664827566E-002       1       2       2       1       3       3
  -0.56740546664827522E-002       1       2       2       1       4       4
  -0.56740546664827496E-002       1       2       2       1       5       5
  -0.22537947171353068E-002       1       2       2       2       2       2
  -0.16158184472933772E-004       1       2       2       2       3       3
  -0.16158184472933731E-004       1       2       2       2       4       4
  -0.16158184472933724E-004       1       2       2       2       5       5
  -0.44104177344091958E-003       1       2       2       3       2       3
  -0.44104177344091969E-003       1       2       2       4       2       4
  -0.44104177344091980E-003       1       2       2       5       2       5
  -0.11433083817581002            1       2       3       1       2       3
  -0.22135009727153429E-002       1       2       3       2       2       3
  -0.47251115831858914E-003       1       2       3       3       3       3
  -0.22506672070231299E-004       1       2       3       3       4       4
  -0.22506672070231265E-004       1       2       3       3       5       5
  -0.22506672070231292E-004       1       2       3       4       3       4
  -0.42747942508216113E-003       1       2       3       4       4       3
  -0.22506672070231299E-004       1       2       3       5       3       5
  -0.42747942508216188E-003       1       2       3       5       5       3
  -0.11433083817580998            1       2       4       1       2       4
  -0.22135009727153434E-002       1       2       4       2       2       4
  -0.42747942508216129E-003       1       2       4       3       3       4
  -0.47251115831858936E-003       1       2       4       4       4       4
  -0.22506672070231289E-004       1       2       4       4       5       5
  -0.22506672070231306E-004       1       2       4       5       4       5
  -0.42747942508216188E-003       1       2       4       5       5       4
  -0.11433083817580997            1       2       5       1       2       5
  -0.22135009727153442E-002       1       2       5       2       2       5
  -0.42747942508216151E-003       1       2       5       3       3       5
  -0.42747942508216172E-003       1       2       5       4       4       5
  -0.47251115831858969E-003       1       2       5       5       5       5
  -0.11340703272211568            1       3       3       1       3       3
  -0.12375419004519860E-002       1       3       3       1       4       4
  -0.12375419004519842E-002       1       3       3       1       5       5
  -0.21905210359081176E-002       1       3       3       2       3       3
  -0.13884081756910982E-004       1       3       3       2       4       4
  -0.13884081756910992E-004       1       3       3       2       5       5
  -0.11092999474708948            1       3       4       1       3       4
  -0.21627404674020179E-002       1       3       4       2       3       4
  -0.11092999474708938            1       3       5       1       3       5
  -0.21627404674020184E-002       1       3       5       2       3       5
  -0.11340703272211572            1       4       4       1       4       4
  -0.12375419004519840E-002       1       4       4       1       5       5
  -0.21905210359081185E-002       1       4       4       2       4       4
  -0.13884081756910992E-004       1       4       4       2       5       5
  -0.11092999474708938            1       4       5       1       4       5
  -0.21627404674020197E-002       1       4       5       2       4       5
  -0.11340703272211546            1       5       5       1       5       5
  -0.21905210359081193E-002       1       5       5       2       5       5
  -0.18970409980330674            2       2       2       2       2       2
  -0.61406240962717422E-002       2       2       2       2       3       3
  -0.61406240962717362E-002       2       2       2       2       4       4
  -0.61406240962717257E-002       2       2       2       2       5       5
  -0.18628514015385092            2       2       3       2       2       3
  -0.64040316068567429E-002       2       2       3       3       3       3
  -0.21323220849049055E-003       2       2       3       3       4       4
  -0.21323220849049046E-003       2       2       3       3       5       5
  -0.59772713587608198E-002       2       2       3       4       4       3
  -0.59772713587608163E-002       2       2       3       5       5       3
  -0.18628514015385100            2       2       4       2       2       4
  -0.59772713587608241E-002       2       2       4       3       3       4
  -0.64040316068567395E-002       2       2       4       4       4       4
  -0.21323220849049049E-003       2       2       4       4       5       5
  -0.59772713587608137E-002       2       2       4       5       5       4
  -0.18628514015385084            2       2       5       2       2       5
  -0.59772713587608233E-002       2       2       5       3       3       5
  -0.59772713587608189E-002       2       2       5       4       4       5
  -0.64040316068567447E-002       2       2       5       5       5       5
  -0.18485318104993181            2       3       3       2       3       3
  -0.14661589755738409E-002       2       3       3       2       4       4
  -0.14661589755738413E-002       2       3       3       2       5       5
  -0.18191861955383851            2       3       4       2       3       4
  -0.18191861955383851            2       3       5       2       3       5
  -0.18485318104993170            2       4       4       2       4       4
  -0.14661589755738409E-002       2       4       4       2       5       5
  -0.18191861955383851            2       4       5       2       4       5
  -0.18485318104993187            2       5       5       2       5       5
  -0.18543504995812654            3       3       3       3       3       3
  -0.14800183721270237E-002       3       3       3       3       4       4
  -0.14800183721270250E-002       3       3       3       3       5       5
  -0.17951026157064212            3       3       4       3       3       4
  -0.14800183721270233E-002       3       3       4       4       4       4
  -0.31945919791342185E-004       3       3       4       4       5       5
  -0.14162383486333117E-002       3       3       4       5       5       4
  -0.17951026157064223            3       3       5       3       3       5
  -0.14162383486333112E-002       3       3       5       4       4       5
  -0.14800183721270226E-002       3       3       5       5       5       5
  -0.17951026157064204            3       4       4       3       4       4
  -0.14162383486333119E-002       3       4       4       3       5       5
  -0.17667580494993568            3       4       5       3       4       5
  -0.17951026157064226            3       5       5       3       5       5
  -0.18543504995812668            4       4       4       4       4       4
  -0.14800183721270250E-002       4       4       4       4       5       5
  -0.17951026157064220            4       4       5       4       4       5
  -0.14800183721270233E-002       4       4       5       5       5       5
  -0.17951026157064226            4       5       5       4       5       5
  -0.18543504995812704            5       5       5       5       5       5
