           5
  -0.22220207188053349E-001       1       1       1       1       1       1
  -0.54273425633994895E-003       1       1       1       1       1       2
  -0.21390623499107473E-003       1       1       1       1       2       2
  -0.55292110550013790E-004       1       1       1       1       3       3
  -0.55292110550013837E-004       1       1       1       1       4       4
  -0.55292110550013844E-004       1       1       1       1       5       5
   0.52767278898611323E-004       1       1       1       2       2       2
  -0.19289570449856695E-005       1       1       1       2       3       3
  -0.19289570449856669E-005       1       1       1       2       4       4
  -0.19289570449856885E-005       1       1       1       2       5       5
  -0.59342294418310584E-001       1       1       2       1       1       2
  -0.24981685030909181E-002       1       1       2       1       2       2
  -0.43045990136345838E-003       1       1       2       1       3       3
  -0.43045990136345838E-003       1       1       2       1       4       4
  -0.43045990136345811E-003       1       1       2       1       5       5
   0.11448111809614708E-003       1       1       2       2       2       2
  -0.72955184355691519E-005       1       1       2       2       3       3
  -0.72955184355691637E-005       1       1       2       2       4       4
  -0.72955184355691535E-005       1       1       2       2       5       5
  -0.50986971773017513E-004       1       1       2       3       3       2
  -0.50986971773017527E-004       1       1       2       4       4       2
  -0.50986971773017500E-004       1       1       2       5       5       2
  -0.57299463640772805E-001       1       1       3       1       1       3
  -0.24806730840569655E-002       1       1       3       1       2       3
   0.11966336664173124E-003       1       1       3       2       2       3
  -0.59301846032273671E-004       1       1       3       3       3       3
  -0.53386021216659995E-005       1       1       3       3       4       4
  -0.53386021216659961E-005       1       1       3       3       5       5
  -0.48622243075835010E-004       1       1       3       4       4       3
  -0.48622243075834969E-004       1       1       3       5       5       3
  -0.57299463640772832E-001       1       1       4       1       1       4
  -0.24806730840569655E-002       1       1       4       1       2       4
   0.11966336664173125E-003       1       1       4       2       2       4
  -0.48622243075834983E-004       1       1       4       3       3       4
  -0.59301846032273671E-004       1       1       4       4       4       4
  -0.53386021216659987E-005       1       1       4       4       5       5
  -0.48622243075835003E-004       1       1       4       5       5       4
  -0.57299463640772846E-001       1       1       5       1       1       5
  -0.24806730840569676E-002       1       1       5       1       2       5
   0.11966336664173136E-003       1       1       5       2       2       5
  -0.48622243075835023E-004       1       1       5       3       3       5
  -0.48622243075834983E-004       1       1       5       4       4       5
  -0.59301846032273596E-004       1       1       5       5       5       5
  -0.12212745659491006            1       2       2       1       2       2
  -0.59190728653038859E-002       1       2       2       1       3       3
  -0.59190728653038833E-002       1       2       2       1       4       4
  -0.59190728653038781E-002       1       2       2       1       5       5
  -0.21946738251211709E-002       1       2       2       2       2       2
  -0.11489766722523278E-004       1       2       2       2       3       3
  -0.11489766722523260E-004       1       2       2       2       4       4
  -0.11489766722523212E-004       1       2       2       2       5       5
  -0.45832913325964263E-003       1       2       2       3       2       3
  -0.45832913325964268E-003       1       2       2       4       2       4
  -0.45832913325964225E-003       1       2       2       5       2       5
  -0.11944307834831272            1       2       3       1       2       3
  -0.21581657438551525E-002       1       2       3       2       2       3
  -0.49149339550980261E-003       1       2       3       3       3       3
  -0.23515307576476940E-004       1       2       3       3       4       4
  -0.23515307576476957E-004       1       2       3       3       5       5
  -0.23515307576476930E-004       1       2       3       4       3       4
  -0.44444369247575007E-003       1       2       3       4       4       3
  -0.23515307576476937E-004       1       2       3       5       3       5
  -0.44444369247574969E-003       1       2       3       5       5       3
  -0.11944307834831272            1       2       4       1       2       4
  -0.21581657438551516E-002       1       2       4       2       2       4
  -0.44444369247574991E-003       1       2       4       3       3       4
  -0.49149339550980250E-003       1       2       4       4       4       4
  -0.23515307576476954E-004       1       2       4       4       5       5
  -0.23515307576476954E-004       1       2       4       5       4       5
  -0.44444369247574958E-003       1       2       4       5       5       4
  -0.11944307834831265            1       2       5       1       2       5
  -0.21581657438551516E-002       1       2       5       2       2       5
  -0.44444369247574985E-003       1       2       5       3       3       5
  -0.44444369247574991E-003       1       2       5       4       4       5
  -0.49149339550980228E-003       1       2       5       5       5       5
  -0.11860937158255183            1       3       3       1       3       3
  -0.13635727260473481E-002       1       3       3       1       4       4
  -0.13635727260473481E-002       1       3       3       1       5       5
  -0.21365732135492370E-002       1       3       3       2       3       3
  -0.12173549099930937E-004       1       3       3       2       4       4
  -0.12173549099930940E-004       1       3       3       2       5       5
  -0.11588018514702195            1       3       4       1       3       4
  -0.21122151845218689E-002       1       3       4       2       3       4
  -0.11588018514702192            1       3       5       1       3       5
  -0.21122151845218706E-002       1       3       5       2       3       5
  -0.11860937158255180            1       4       4       1       4       4
  -0.13635727260473472E-002       1       4       4       1       5       5
  -0.21365732135492379E-002       1       4       4       2       4       4
  -0.12173549099930945E-004       1       4       4       2       5       5
  -0.11588018514702189            1       4       5       1       4       5
  -0.21122151845218715E-002       1       4       5       2       4       5
  -0.11860937158255154            1       5       5       1       5       5
  -0.21365732135492396E-002       1       5       5       2       5       5
  -0.19406334843380837            2       2       2       2       2       2
  -0.62651749825516538E-002       2       2       2       2       3       3
  -0.62651749825516547E-002       2       2       2       2       4       4
  -0.62651749825516408E-002       2       2       2       2       5       5
  -0.19066687987095593            2       2       3       2       2       3
  -0.65509202465009230E-002       2       2       3       3       3       3
  -0.22608540422547390E-003       2       2       3       3       4       4
  -0.22608540422547365E-003       2       2       3       3       5       5
  -0.60984488837200939E-002       2       2       3       4       4       3
  -0.60984488837200809E-002       2       2       3       5       5       3
  -0.19066687987095599            2       2       4       2       2       4
  -0.60984488837200930E-002       2       2       4       3       3       4
  -0.65509202465009221E-002       2       2       4       4       4       4
  -0.22608540422547362E-003       2       2       4       4       5       5
  -0.60984488837200826E-002       2       2       4       5       5       4
  -0.19066687987095601            2       2       5       2       2       5
  -0.60984488837200843E-002       2       2       5       3       3       5
  -0.60984488837200843E-002       2       2       5       4       4       5
  -0.65509202465009204E-002       2       2       5       5       5       5
  -0.18938072377340201            2       3       3       2       3       3
  -0.15618013565092451E-002       2       3       3       2       4       4
  -0.15618013565092432E-002       2       3       3       2       5       5
  -0.18625483065248297            2       3       4       2       3       4
  -0.18625483065248288            2       3       5       2       3       5
  -0.18938072377340187            2       4       4       2       4       4
  -0.15618013565092440E-002       2       4       4       2       5       5
  -0.18625483065248286            2       4       5       2       4       5
  -0.18938072377340201            2       5       5       2       5       5
  -0.19024045178318200            3       3       3       3       3       3
  -0.15783837346048800E-002       3       3       3       3       4       4
  -0.15783837346048807E-002       3       3       3       3       5       5
  -0.18392208768296303            3       3       4       3       3       4
  -0.15783837346048813E-002       3       3       4       4       4       4
  -0.34462682759533185E-004       3       3       4       4       5       5
  -0.15095812755740188E-002       3       3       4       5       5       4
  -0.18392208768296292            3       3       5       3       3       5
  -0.15095812755740181E-002       3       3       5       4       4       5
  -0.15783837346048796E-002       3       3       5       5       5       5
  -0.18392208768296303            3       4       4       3       4       4
  -0.15095812755740188E-002       3       4       4       3       5       5
  -0.18090091363329355            3       4       5       3       4       5
  -0.18392208768296309            3       5       5       3       5       5
  -0.19024045178318183            4       4       4       4       4       4
  -0.15783837346048800E-002       4       4       4       4       5       5
  -0.18392208768296298            4       4       5       4       4       5
  -0.15783837346048789E-002       4       4       5       5       5       5
  -0.18392208768296306            4       5       5       4       5       5
  -0.19024045178318200            5       5       5       5       5       5
