&FCI
 NORB=5,
 NELEC=5,
 MS2=1,
 ISYM=1,
 ORBSYM=1,1,1,1,1,
 ST=1,
 III=1,
 OCC=3,
 CLOSED=2,
 /
    2.8370092506859357            1       1       1       1
  -0.44439318186862736            2       1       1       1
  -0.21424778504024528            1       2       1       1
   0.74583382658028519            2       2       1       1
   0.73320473880977488            3       3       1       1
   0.73320473880977488            4       4       1       1
   0.73320473880977488            5       5       1       1
  -0.44439318186862736            1       1       2       1
   0.10395977390484223            2       1       2       1
   0.62177092125716149E-001       1       2       2       1
  -0.82060555329569497E-002       2       2       2       1
   0.21741067405988898E-002       3       3       2       1
   0.21741067405988915E-002       4       4       2       1
   0.21741067405988881E-002       5       5       2       1
   0.37068615025181016E-001       3       1       3       1
   0.48920335295219330E-001       3       2       3       1
   0.21438225477415227E-001       1       3       3       1
   0.46999195897187943E-001       2       3       3       1
   0.37068615025181016E-001       4       1       4       1
   0.48920335295219310E-001       4       2       4       1
   0.21438225477415231E-001       1       4       4       1
   0.46999195897187915E-001       2       4       4       1
   0.37068615025181009E-001       5       1       5       1
   0.48920335295219289E-001       5       2       5       1
   0.21438225477415224E-001       1       5       5       1
   0.46999195897187894E-001       2       5       5       1
  -0.21424778504024528            1       1       1       2
   0.62177092125716149E-001       2       1       1       2
   0.20394410346590057E-001       1       2       1       2
  -0.33133786499021316E-001       2       2       1       2
  -0.25157742640498103E-001       3       3       1       2
  -0.25157742640498082E-001       4       4       1       2
  -0.25157742640498096E-001       5       5       1       2
   0.74583382658028519            1       1       2       2
  -0.82060555329569497E-002       2       1       2       2
  -0.33133786499021316E-001       1       2       2       2
   0.51991393367924810            2       2       2       2
   0.52658343743801439            3       3       2       2
   0.52658343743801439            4       4       2       2
   0.52658343743801439            5       5       2       2
   0.48920335295219330E-001       3       1       3       2
   0.11986332829664156            3       2       3       2
   0.66533851220237153E-002       1       3       3       2
   0.10822971634562141            2       3       3       2
   0.48920335295219310E-001       4       1       4       2
   0.11986332829664156            4       2       4       2
   0.66533851220237222E-002       1       4       4       2
   0.10822971634562142            2       4       4       2
   0.48920335295219289E-001       5       1       5       2
   0.11986332829664156            5       2       5       2
   0.66533851220237292E-002       1       5       5       2
   0.10822971634562141            2       5       5       2
   0.21438225477415227E-001       3       1       1       3
   0.66533851220237153E-002       3       2       1       3
   0.58078359296494346E-002       1       3       1       3
   0.47322457239923309E-002       2       3       1       3
   0.46999195897187943E-001       3       1       2       3
   0.10822971634562141            3       2       2       3
   0.47322457239923309E-002       1       3       2       3
   0.96596104394601257E-001       2       3       2       3
   0.73320473880977488            1       1       3       3
   0.21741067405988898E-002       2       1       3       3
  -0.25157742640498103E-001       1       2       3       3
   0.52658343743801439            2       2       3       3
   0.57656565727370179            3       3       3       3
   0.51673466330636197            4       4       3       3
   0.51673466330636186            5       5       3       3
   0.29917099806653167E-001       4       3       4       3
   0.29917099806653167E-001       3       4       4       3
   0.29917099806653163E-001       5       3       5       3
   0.29917099806653167E-001       3       5       5       3
   0.21438225477415231E-001       4       1       1       4
   0.66533851220237222E-002       4       2       1       4
   0.58078359296494415E-002       1       4       1       4
   0.47322457239923378E-002       2       4       1       4
   0.46999195897187915E-001       4       1       2       4
   0.10822971634562142            4       2       2       4
   0.47322457239923378E-002       1       4       2       4
   0.96596104394601270E-001       2       4       2       4
   0.29917099806653167E-001       4       3       3       4
   0.29917099806653167E-001       3       4       3       4
   0.73320473880977488            1       1       4       4
   0.21741067405988915E-002       2       1       4       4
  -0.25157742640498082E-001       1       2       4       4
   0.52658343743801439            2       2       4       4
   0.51673466330636197            3       3       4       4
   0.57656565727370179            4       4       4       4
   0.51673466330636186            5       5       4       4
   0.29917099806653167E-001       5       4       5       4
   0.29917099806653167E-001       4       5       5       4
   0.21438225477415224E-001       5       1       1       5
   0.66533851220237292E-002       5       2       1       5
   0.58078359296494415E-002       1       5       1       5
   0.47322457239923447E-002       2       5       1       5
   0.46999195897187894E-001       5       1       2       5
   0.10822971634562141            5       2       2       5
   0.47322457239923447E-002       1       5       2       5
   0.96596104394601270E-001       2       5       2       5
   0.29917099806653167E-001       5       3       3       5
   0.29917099806653170E-001       3       5       3       5
   0.29917099806653167E-001       5       4       4       5
   0.29917099806653170E-001       4       5       4       5
   0.73320473880977488            1       1       5       5
   0.21741067405988881E-002       2       1       5       5
  -0.25157742640498096E-001       1       2       5       5
   0.52658343743801439            2       2       5       5
   0.51673466330636186            3       3       5       5
   0.51673466330636186            4       4       5       5
   0.57656565727370179            5       5       5       5
   -12.434368592770639            1       1       0       0
   0.38537710564200967            1       2       0       0
   0.38537710564200967            2       1       0       0
   -2.8258171641262475            2       2       0       0
   -2.6249502251485093            3       3       0       0
   -2.6249502251485093            4       4       0       0
   -2.6249502251485093            5       5       0       0
    0.0000000000000000            0       0       0       0
