&FCI
 NORB=5,
 NELEC=5,
 MS2=1,
 ISYM=1,
 ORBSYM=1,1,1,1,1,
 ST=1,
 III=1,
 OCC=3,
 CLOSED=2,
 /
    2.8370008988117901            1       1       1       1
  -0.44593704583423982            2       1       1       1
  -0.21284742693662445            1       2       1       1
   0.74571253085829747            2       2       1       1
   0.73305383753317477            3       3       1       1
   0.73305383753317477            4       4       1       1
   0.73305383753317477            5       5       1       1
  -0.44593704583423982            1       1       2       1
   0.10435717956881360            2       1       2       1
   0.62185932513369103E-001       1       2       2       1
  -0.72738148235825511E-002       2       2       2       1
   0.30213113631976443E-002       3       3       2       1
   0.30213113631976235E-002       4       4       2       1
   0.30213113631976235E-002       5       5       2       1
   0.36982443639993229E-001       3       1       3       1
   0.48856400793934829E-001       3       2       3       1
   0.21424501976628454E-001       1       3       3       1
   0.46936059677230663E-001       2       3       3       1
   0.36982443639993243E-001       4       1       4       1
   0.48856400793934822E-001       4       2       4       1
   0.21424501976628471E-001       1       4       4       1
   0.46936059677230649E-001       2       4       4       1
   0.36982443639993229E-001       5       1       5       1
   0.48856400793934815E-001       5       2       5       1
   0.21424501976628457E-001       1       5       5       1
   0.46936059677230642E-001       2       5       5       1
  -0.21284742693662445            1       1       1       2
   0.62185932513369103E-001       2       1       1       2
   0.20014685457924612E-001       1       2       1       2
  -0.34095198088792598E-001       2       2       1       2
  -0.26033612063216485E-001       3       3       1       2
  -0.26033612063216457E-001       4       4       1       2
  -0.26033612063216444E-001       5       5       1       2
   0.74571253085829747            1       1       2       2
  -0.72738148235825511E-002       2       1       2       2
  -0.34095198088792598E-001       1       2       2       2
   0.51976555758607290            2       2       2       2
   0.52642932602294612            3       3       2       2
   0.52642932602294612            4       4       2       2
   0.52642932602294612            5       5       2       2
   0.48856400793934829E-001       3       1       3       2
   0.11976170249475425            3       2       3       2
   0.66332665509195518E-002       1       3       3       2
   0.10801238820306117            2       3       3       2
   0.48856400793934822E-001       4       1       4       2
   0.11976170249475425            4       2       4       2
   0.66332665509195587E-002       1       4       4       2
   0.10801238820306117            2       4       4       2
   0.48856400793934815E-001       5       1       5       2
   0.11976170249475425            5       2       5       2
   0.66332665509195657E-002       1       5       5       2
   0.10801238820306117            2       5       5       2
   0.21424501976628454E-001       3       1       1       3
   0.66332665509195518E-002       3       2       1       3
   0.58665603132636787E-002       1       3       1       3
   0.47129254342153891E-002       2       3       1       3
   0.46936059677230663E-001       3       1       2       3
   0.10801238820306117            3       2       2       3
   0.47129254342153891E-002       1       3       2       3
   0.96263073911368083E-001       2       3       2       3
   0.73305383753317477            1       1       3       3
   0.30213113631976443E-002       2       1       3       3
  -0.26033612063216485E-001       1       2       3       3
   0.52642932602294612            2       2       3       3
   0.57629044940045704            3       3       3       3
   0.51662989573254703            4       4       3       3
   0.51662989573254692            5       5       3       3
   0.29831757631556734E-001       4       3       4       3
   0.29831757631556734E-001       3       4       4       3
   0.29831757631556731E-001       5       3       5       3
   0.29831757631556734E-001       3       5       5       3
   0.21424501976628471E-001       4       1       1       4
   0.66332665509195587E-002       4       2       1       4
   0.58665603132636995E-002       1       4       1       4
   0.47129254342153960E-002       2       4       1       4
   0.46936059677230649E-001       4       1       2       4
   0.10801238820306117            4       2       2       4
   0.47129254342153960E-002       1       4       2       4
   0.96263073911368083E-001       2       4       2       4
   0.29831757631556734E-001       4       3       3       4
   0.29831757631556734E-001       3       4       3       4
   0.73305383753317477            1       1       4       4
   0.30213113631976235E-002       2       1       4       4
  -0.26033612063216457E-001       1       2       4       4
   0.52642932602294612            2       2       4       4
   0.51662989573254703            3       3       4       4
   0.57629044940045704            4       4       4       4
   0.51662989573254692            5       5       4       4
   0.29831757631556731E-001       5       4       5       4
   0.29831757631556734E-001       4       5       5       4
   0.21424501976628457E-001       5       1       1       5
   0.66332665509195657E-002       5       2       1       5
   0.58665603132636822E-002       1       5       1       5
   0.47129254342154030E-002       2       5       1       5
   0.46936059677230642E-001       5       1       2       5
   0.10801238820306117            5       2       2       5
   0.47129254342154030E-002       1       5       2       5
   0.96263073911368097E-001       2       5       2       5
   0.29831757631556734E-001       5       3       3       5
   0.29831757631556738E-001       3       5       3       5
   0.29831757631556734E-001       5       4       4       5
   0.29831757631556734E-001       4       5       4       5
   0.73305383753317477            1       1       5       5
   0.30213113631976235E-002       2       1       5       5
  -0.26033612063216444E-001       1       2       5       5
   0.52642932602294612            2       2       5       5
   0.51662989573254692            3       3       5       5
   0.51662989573254692            4       4       5       5
   0.57629044940045704            5       5       5       5
   -12.434368592770639            1       1       0       0
   0.38537710564200967            1       2       0       0
   0.38537710564200967            2       1       0       0
   -2.8258171641262475            2       2       0       0
   -2.6249502251485093            3       3       0       0
   -2.6249502251485093            4       4       0       0
   -2.6249502251485093            5       5       0       0
    0.0000000000000000            0       0       0       0
