&FCI
 NORB=5,
 NELEC=5,
 MS2=1,
 ISYM=1,
 ORBSYM=1,1,1,1,1,
 ST=1,
 III=1,
 OCC=3,
 CLOSED=2,
 /
    2.8374235932401017            1       1       1       1
  -0.44394307343712541            2       1       1       1
  -0.21483674277568199            1       2       1       1
   0.74588308077678722            2       2       1       1
   0.73324540366472080            3       3       1       1
   0.73324540366472069            4       4       1       1
   0.73324540366472069            5       5       1       1
  -0.44394307343712541            1       1       2       1
   0.10376252590778234            2       1       2       1
   0.62184294905990936E-001       1       2       2       1
  -0.82891873755305025E-002       2       2       2       1
   0.20816398388897629E-002       3       3       2       1
   0.20816398388897629E-002       4       4       2       1
   0.20816398388897664E-002       5       5       2       1
   0.37087937572091528E-001       3       1       3       1
   0.49030944591157505E-001       3       2       3       1
   0.21434418267284514E-001       1       3       3       1
   0.47099190128923926E-001       2       3       3       1
   0.37087937572091521E-001       4       1       4       1
   0.49030944591157533E-001       4       2       4       1
   0.21434418267284504E-001       1       4       4       1
   0.47099190128923954E-001       2       4       4       1
   0.37087937572091542E-001       5       1       5       1
   0.49030944591157519E-001       5       2       5       1
   0.21434418267284514E-001       1       5       5       1
   0.47099190128923940E-001       2       5       5       1
  -0.21483674277568199            1       1       1       2
   0.62184294905990936E-001       2       1       1       2
   0.20606063904199529E-001       1       2       1       2
  -0.33082700214756330E-001       2       2       1       2
  -0.25097982398091002E-001       3       3       1       2
  -0.25097982398091016E-001       4       4       1       2
  -0.25097982398091009E-001       5       5       1       2
   0.74588308077678722            1       1       2       2
  -0.82891873755305025E-002       2       1       2       2
  -0.33082700214756330E-001       1       2       2       2
   0.51987812903004693            2       2       2       2
   0.52654568549443503            3       3       2       2
   0.52654568549443503            4       4       2       2
   0.52654568549443503            5       5       2       2
   0.49030944591157505E-001       3       1       3       2
   0.11994040206301758            3       2       3       2
   0.65435173510915677E-002       1       3       3       2
   0.10820279018127815            2       3       3       2
   0.49030944591157533E-001       4       1       4       2
   0.11994040206301758            4       2       4       2
   0.65435173510915608E-002       1       4       4       2
   0.10820279018127815            2       4       4       2
   0.49030944591157519E-001       5       1       5       2
   0.11994040206301756            5       2       5       2
   0.65435173510915781E-002       1       5       5       2
   0.10820279018127815            2       5       5       2
   0.21434418267284514E-001       3       1       1       3
   0.65435173510915677E-002       3       2       1       3
   0.57808989624775001E-002       1       3       1       3
   0.46117628888579960E-002       2       3       1       3
   0.47099190128923926E-001       3       1       2       3
   0.10820279018127815            3       2       2       3
   0.46117628888579960E-002       1       3       2       3
   0.96465178299538740E-001       2       3       2       3
   0.73324540366472080            1       1       3       3
   0.20816398388897629E-002       2       1       3       3
  -0.25097982398091002E-001       1       2       3       3
   0.52654568549443503            2       2       3       3
   0.57651709887257707            3       3       3       3
   0.51669834627516098            4       4       3       3
   0.51669834627516087            5       5       3       3
   0.29911006015118799E-001       4       3       4       3
   0.29911006015118796E-001       3       4       4       3
   0.29911006015118796E-001       5       3       5       3
   0.29911006015118796E-001       3       5       5       3
   0.21434418267284504E-001       4       1       1       4
   0.65435173510915608E-002       4       2       1       4
   0.57808989624774827E-002       1       4       1       4
   0.46117628888579891E-002       2       4       1       4
   0.47099190128923954E-001       4       1       2       4
   0.10820279018127815            4       2       2       4
   0.46117628888579891E-002       1       4       2       4
   0.96465178299538740E-001       2       4       2       4
   0.29911006015118796E-001       4       3       3       4
   0.29911006015118796E-001       3       4       3       4
   0.73324540366472069            1       1       4       4
   0.20816398388897629E-002       2       1       4       4
  -0.25097982398091016E-001       1       2       4       4
   0.52654568549443503            2       2       4       4
   0.51669834627516098            3       3       4       4
   0.57651709887257707            4       4       4       4
   0.51669834627516087            5       5       4       4
   0.29911006015118796E-001       5       4       5       4
   0.29911006015118796E-001       4       5       5       4
   0.21434418267284514E-001       5       1       1       5
   0.65435173510915781E-002       5       2       1       5
   0.57808989624774897E-002       1       5       1       5
   0.46117628888580099E-002       2       5       1       5
   0.47099190128923940E-001       5       1       2       5
   0.10820279018127815            5       2       2       5
   0.46117628888580099E-002       1       5       2       5
   0.96465178299538740E-001       2       5       2       5
   0.29911006015118796E-001       5       3       3       5
   0.29911006015118796E-001       3       5       3       5
   0.29911006015118796E-001       5       4       4       5
   0.29911006015118796E-001       4       5       4       5
   0.73324540366472069            1       1       5       5
   0.20816398388897664E-002       2       1       5       5
  -0.25097982398091009E-001       1       2       5       5
   0.52654568549443503            2       2       5       5
   0.51669834627516087            3       3       5       5
   0.51669834627516087            4       4       5       5
   0.57651709887257707            5       5       5       5
   -12.434368592770639            1       1       0       0
   0.38537710564200967            1       2       0       0
   0.38537710564200967            2       1       0       0
   -2.8258171641262475            2       2       0       0
   -2.6249502251485093            3       3       0       0
   -2.6249502251485093            4       4       0       0
   -2.6249502251485093            5       5       0       0
    0.0000000000000000            0       0       0       0
