&FCI
 NORB=5,
 NELEC=5,
 MS2=1,
 ISYM=1,
 ORBSYM=1,1,1,1,1,
 ST=1,
 III=1,
 OCC=3,
 CLOSED=2,
 /
    2.8374803944004441            1       1       1       1
  -0.44343707184892800            2       1       1       1
  -0.21531508071001570            1       2       1       1
   0.74589141496587108            2       2       1       1
   0.73326503793970144            3       3       1       1
   0.73326503793970144            4       4       1       1
   0.73326503793970144            5       5       1       1
  -0.44343707184892800            1       1       2       1
   0.10364053573515071            2       1       2       1
   0.62178374946191446E-001       1       2       2       1
  -0.84925364224764221E-002       2       2       2       1
   0.18998414987532308E-002       3       3       2       1
   0.18998414987532394E-002       4       4       2       1
   0.18998414987532360E-002       5       5       2       1
   0.37123386764832997E-001       3       1       3       1
   0.49031006847542628E-001       3       2       3       1
   0.21435480790617398E-001       1       3       3       1
   0.47096566334554515E-001       2       3       3       1
   0.37123386764832990E-001       4       1       4       1
   0.49031006847542608E-001       4       2       4       1
   0.21435480790617401E-001       1       4       4       1
   0.47096566334554488E-001       2       4       4       1
   0.37123386764833025E-001       5       1       5       1
   0.49031006847542594E-001       5       2       5       1
   0.21435480790617422E-001       1       5       5       1
   0.47096566334554474E-001       2       5       5       1
  -0.21531508071001570            1       1       1       2
   0.62178374946191446E-001       2       1       1       2
   0.20716214157232182E-001       1       2       1       2
  -0.32892981010025024E-001       2       2       1       2
  -0.24932959963676130E-001       3       3       1       2
  -0.24932959963676123E-001       4       4       1       2
  -0.24932959963676123E-001       5       5       1       2
   0.74589141496587108            1       1       2       2
  -0.84925364224764221E-002       2       1       2       2
  -0.32892981010025024E-001       1       2       2       2
   0.51984336343789173            2       2       2       2
   0.52651064020258354            3       3       2       2
   0.52651064020258354            4       4       2       2
   0.52651064020258354            5       5       2       2
   0.49031006847542628E-001       3       1       3       2
   0.11994522689185463            3       2       3       2
   0.65452300371682259E-002       1       3       3       2
   0.10819336283338726            2       3       3       2
   0.49031006847542608E-001       4       1       4       2
   0.11994522689185463            4       2       4       2
   0.65452300371682710E-002       1       4       4       2
   0.10819336283338728            2       4       4       2
   0.49031006847542594E-001       5       1       5       2
   0.11994522689185463            5       2       5       2
   0.65452300371682988E-002       1       5       5       2
   0.10819336283338728            2       5       5       2
   0.21435480790617398E-001       3       1       1       3
   0.65452300371682259E-002       3       2       1       3
   0.57475748164017952E-002       1       3       1       3
   0.46107895241801200E-002       2       3       1       3
   0.47096566334554515E-001       3       1       2       3
   0.10819336283338726            3       2       2       3
   0.46107895241801200E-002       1       3       2       3
   0.96441498774919893E-001       2       3       2       3
   0.73326503793970144            1       1       3       3
   0.18998414987532308E-002       2       1       3       3
  -0.24932959963676130E-001       1       2       3       3
   0.52651064020258354            2       2       3       3
   0.57647438745810931            3       3       3       3
   0.51666680739029902            4       4       3       3
   0.51666680739029891            5       5       3       3
   0.29905404265096233E-001       4       3       4       3
   0.29905404265096233E-001       3       4       4       3
   0.29905404265096233E-001       5       3       5       3
   0.29905404265096233E-001       3       5       5       3
   0.21435480790617401E-001       4       1       1       4
   0.65452300371682710E-002       4       2       1       4
   0.57475748164018160E-002       1       4       1       4
   0.46107895241801651E-002       2       4       1       4
   0.47096566334554488E-001       4       1       2       4
   0.10819336283338728            4       2       2       4
   0.46107895241801651E-002       1       4       2       4
   0.96441498774919934E-001       2       4       2       4
   0.29905404265096233E-001       4       3       3       4
   0.29905404265096233E-001       3       4       3       4
   0.73326503793970144            1       1       4       4
   0.18998414987532394E-002       2       1       4       4
  -0.24932959963676123E-001       1       2       4       4
   0.52651064020258354            2       2       4       4
   0.51666680739029902            3       3       4       4
   0.57647438745810919            4       4       4       4
   0.51666680739029891            5       5       4       4
   0.29905404265096233E-001       5       4       5       4
   0.29905404265096237E-001       4       5       5       4
   0.21435480790617422E-001       5       1       1       5
   0.65452300371682988E-002       5       2       1       5
   0.57475748164018230E-002       1       5       1       5
   0.46107895241801894E-002       2       5       1       5
   0.47096566334554474E-001       5       1       2       5
   0.10819336283338728            5       2       2       5
   0.46107895241801894E-002       1       5       2       5
   0.96441498774919920E-001       2       5       2       5
   0.29905404265096233E-001       5       3       3       5
   0.29905404265096237E-001       3       5       3       5
   0.29905404265096237E-001       5       4       4       5
   0.29905404265096237E-001       4       5       4       5
   0.73326503793970144            1       1       5       5
   0.18998414987532360E-002       2       1       5       5
  -0.24932959963676123E-001       1       2       5       5
   0.52651064020258354            2       2       5       5
   0.51666680739029891            3       3       5       5
   0.51666680739029891            4       4       5       5
   0.57647438745810919            5       5       5       5
   -12.434368592770639            1       1       0       0
   0.38537710564200967            1       2       0       0
   0.38537710564200967            2       1       0       0
   -2.8258171641262475            2       2       0       0
   -2.6249502251485093            3       3       0       0
   -2.6249502251485093            4       4       0       0
   -2.6249502251485093            5       5       0       0
    0.0000000000000000            0       0       0       0
