&FCI
 NORB=5,
 NELEC=5,
 MS2=1,
 ISYM=1,
 ORBSYM=1,1,1,1,1,
 ST=1,
 III=1,
 OCC=3,
 CLOSED=2,
 /
    2.8375990597211382            1       1       1       1
  -0.44340754679930999            2       1       1       1
  -0.21538984036365008            1       2       1       1
   0.74591521665659255            2       2       1       1
   0.73328412065400561            3       3       1       1
   0.73328412065400561            4       4       1       1
   0.73328412065400561            5       5       1       1
  -0.44340754679930999            1       1       2       1
   0.10361227828672284            2       1       2       1
   0.62185901131137269E-001       1       2       2       1
  -0.85284410001229272E-002       2       2       2       1
   0.18633748830105233E-002       3       3       2       1
   0.18633748830105233E-002       4       4       2       1
   0.18633748830105233E-002       5       5       2       1
   0.37077060290130755E-001       3       1       3       1
   0.48916994325267346E-001       3       2       3       1
   0.21437383862531807E-001       1       3       3       1
   0.46993728918938729E-001       2       3       3       1
   0.37077060290130755E-001       4       1       4       1
   0.48916994325267332E-001       4       2       4       1
   0.21437383862531814E-001       1       4       4       1
   0.46993728918938722E-001       2       4       4       1
   0.37077060290130769E-001       5       1       5       1
   0.48916994325267346E-001       5       2       5       1
   0.21437383862531828E-001       1       5       5       1
   0.46993728918938736E-001       2       5       5       1
  -0.21538984036365008            1       1       1       2
   0.62185901131137269E-001       2       1       1       2
   0.20759523975551690E-001       1       2       1       2
  -0.32843543949856530E-001       2       2       1       2
  -0.24879477891737306E-001       3       3       1       2
  -0.24879477891737306E-001       4       4       1       2
  -0.24879477891737299E-001       5       5       1       2
   0.74591521665659255            1       1       2       2
  -0.85284410001229272E-002       2       1       2       2
  -0.32843543949856530E-001       1       2       2       2
   0.51989357035966122            2       2       2       2
   0.52656242847481904            3       3       2       2
   0.52656242847481904            4       4       2       2
   0.52656242847481904            5       5       2       2
   0.48916994325267346E-001       3       1       3       2
   0.11986842369420739            3       2       3       2
   0.66586021200038953E-002       1       3       3       2
   0.10820337745757766            2       3       3       2
   0.48916994325267332E-001       4       1       4       2
   0.11986842369420740            4       2       4       2
   0.66586021200039022E-002       1       4       4       2
   0.10820337745757767            2       4       4       2
   0.48916994325267346E-001       5       1       5       2
   0.11986842369420739            5       2       5       2
   0.66586021200038883E-002       1       5       5       2
   0.10820337745757766            2       5       5       2
   0.21437383862531807E-001       3       1       1       3
   0.66586021200038953E-002       3       2       1       3
   0.57977074349328597E-002       1       3       1       3
   0.47353367136752922E-002       2       3       1       3
   0.46993728918938729E-001       3       1       2       3
   0.10820337745757766            3       2       2       3
   0.47353367136752922E-002       1       3       2       3
   0.96538331220947932E-001       2       3       2       3
   0.73328412065400561            1       1       3       3
   0.18633748830105233E-002       2       1       3       3
  -0.24879477891737306E-001       1       2       3       3
   0.52656242847481904            2       2       3       3
   0.57652956892070728            3       3       3       3
   0.51671993243182834            4       4       3       3
   0.51671993243182823            5       5       3       3
   0.29906417871112295E-001       4       3       4       3
   0.29906417871112295E-001       3       4       4       3
   0.29906417871112295E-001       5       3       5       3
   0.29906417871112295E-001       3       5       5       3
   0.21437383862531814E-001       4       1       1       4
   0.66586021200039022E-002       4       2       1       4
   0.57977074349328736E-002       1       4       1       4
   0.47353367136752991E-002       2       4       1       4
   0.46993728918938722E-001       4       1       2       4
   0.10820337745757767            4       2       2       4
   0.47353367136752991E-002       1       4       2       4
   0.96538331220947945E-001       2       4       2       4
   0.29906417871112295E-001       4       3       3       4
   0.29906417871112295E-001       3       4       3       4
   0.73328412065400561            1       1       4       4
   0.18633748830105233E-002       2       1       4       4
  -0.24879477891737306E-001       1       2       4       4
   0.52656242847481904            2       2       4       4
   0.51671993243182834            3       3       4       4
   0.57652956892070728            4       4       4       4
   0.51671993243182823            5       5       4       4
   0.29906417871112295E-001       5       4       5       4
   0.29906417871112295E-001       4       5       5       4
   0.21437383862531828E-001       5       1       1       5
   0.66586021200038883E-002       5       2       1       5
   0.57977074349328875E-002       1       5       1       5
   0.47353367136752852E-002       2       5       1       5
   0.46993728918938736E-001       5       1       2       5
   0.10820337745757766            5       2       2       5
   0.47353367136752852E-002       1       5       2       5
   0.96538331220947932E-001       2       5       2       5
   0.29906417871112295E-001       5       3       3       5
   0.29906417871112295E-001       3       5       3       5
   0.29906417871112295E-001       5       4       4       5
   0.29906417871112295E-001       4       5       4       5
   0.73328412065400561            1       1       5       5
   0.18633748830105233E-002       2       1       5       5
  -0.24879477891737299E-001       1       2       5       5
   0.52656242847481904            2       2       5       5
   0.51671993243182823            3       3       5       5
   0.51671993243182823            4       4       5       5
   0.57652956892070728            5       5       5       5
   -12.434368592770639            1       1       0       0
   0.38537710564200967            1       2       0       0
   0.38537710564200967            2       1       0       0
   -2.8258171641262475            2       2       0       0
   -2.6249502251485093            3       3       0       0
   -2.6249502251485093            4       4       0       0
   -2.6249502251485093            5       5       0       0
    0.0000000000000000            0       0       0       0
