&FCI
 NORB=5,
 NELEC=5,
 MS2=1,
 ISYM=1,
 ORBSYM=1,1,1,1,1,
 ST=1,
 III=1,
 OCC=3,
 CLOSED=2,
 /
    2.8365542502563508            1       1       1       1
  -0.44450656355886864            2       1       1       1
  -0.21392033496441379            1       2       1       1
   0.74577653408319300            2       2       1       1
   0.73317375270797547            3       3       1       1
   0.73317375270797547            4       4       1       1
   0.73317375270797547            5       5       1       1
  -0.44450656355886864            1       1       2       1
   0.10409755961777020            2       1       2       1
   0.62153081293728180E-001       1       2       2       1
  -0.81222752195394647E-002       2       2       2       1
   0.22728258884120549E-002       3       3       2       1
   0.22728258884120497E-002       4       4       2       1
   0.22728258884120531E-002       5       5       2       1
   0.37038629322117357E-001       3       1       3       1
   0.48865088366486301E-001       3       2       3       1
   0.21437540802968676E-001       1       3       3       1
   0.46946727482811236E-001       2       3       3       1
   0.37038629322117357E-001       4       1       4       1
   0.48865088366486294E-001       4       2       4       1
   0.21437540802968679E-001       1       4       4       1
   0.46946727482811236E-001       2       4       4       1
   0.37038629322117322E-001       5       1       5       1
   0.48865088366486294E-001       5       2       5       1
   0.21437540802968669E-001       1       5       5       1
   0.46946727482811236E-001       2       5       5       1
  -0.21392033496441379            1       1       1       2
   0.62153081293728180E-001       2       1       1       2
   0.20208602969686157E-001       1       2       1       2
  -0.33206453411128885E-001       2       2       1       2
  -0.25255213583884231E-001       3       3       1       2
  -0.25255213583884224E-001       4       4       1       2
  -0.25255213583884231E-001       5       5       1       2
   0.74577653408319300            1       1       2       2
  -0.81222752195394647E-002       2       1       2       2
  -0.33206453411128885E-001       1       2       2       2
   0.51988225760622231            2       2       2       2
   0.52655274405975649            3       3       2       2
   0.52655274405975649            4       4       2       2
   0.52655274405975649            5       5       2       2
   0.48865088366486301E-001       3       1       3       2
   0.11984609517450130            3       2       3       2
   0.67037364689140205E-002       1       3       3       2
   0.10821604276905264            2       3       3       2
   0.48865088366486294E-001       4       1       4       2
   0.11984609517450129            4       2       4       2
   0.67037364689140309E-002       1       4       4       2
   0.10821604276905264            2       4       4       2
   0.48865088366486294E-001       5       1       5       2
   0.11984609517450129            5       2       5       2
   0.67037364689140275E-002       1       5       5       2
   0.10821604276905264            2       5       5       2
   0.21437540802968676E-001       3       1       1       3
   0.67037364689140205E-002       3       2       1       3
   0.58364522838199907E-002       1       3       1       3
   0.47853755852389698E-002       2       3       1       3
   0.46946727482811236E-001       3       1       2       3
   0.10821604276905264            3       2       2       3
   0.47853755852389698E-002       1       3       2       3
   0.96585990363603977E-001       2       3       2       3
   0.73317375270797547            1       1       3       3
   0.22728258884120549E-002       2       1       3       3
  -0.25255213583884231E-001       1       2       3       3
   0.52655274405975649            2       2       3       3
   0.57652056080115699            3       3       3       3
   0.51671165496499905            4       4       3       3
   0.51671165496499893            5       5       3       3
   0.29906072012809985E-001       4       3       4       3
   0.29906072012809985E-001       3       4       4       3
   0.29906072012809985E-001       5       3       5       3
   0.29906072012809985E-001       3       5       5       3
   0.21437540802968679E-001       4       1       1       4
   0.67037364689140309E-002       4       2       1       4
   0.58364522838200011E-002       1       4       1       4
   0.47853755852389837E-002       2       4       1       4
   0.46946727482811236E-001       4       1       2       4
   0.10821604276905264            4       2       2       4
   0.47853755852389837E-002       1       4       2       4
   0.96585990363603991E-001       2       4       2       4
   0.29906072012809985E-001       4       3       3       4
   0.29906072012809985E-001       3       4       3       4
   0.73317375270797547            1       1       4       4
   0.22728258884120497E-002       2       1       4       4
  -0.25255213583884224E-001       1       2       4       4
   0.52655274405975649            2       2       4       4
   0.51671165496499905            3       3       4       4
   0.57652056080115699            4       4       4       4
   0.51671165496499893            5       5       4       4
   0.29906072012809985E-001       5       4       5       4
   0.29906072012809985E-001       4       5       5       4
   0.21437540802968669E-001       5       1       1       5
   0.67037364689140275E-002       5       2       1       5
   0.58364522838200081E-002       1       5       1       5
   0.47853755852389802E-002       2       5       1       5
   0.46946727482811236E-001       5       1       2       5
   0.10821604276905264            5       2       2       5
   0.47853755852389802E-002       1       5       2       5
   0.96585990363603991E-001       2       5       2       5
   0.29906072012809985E-001       5       3       3       5
   0.29906072012809985E-001       3       5       3       5
   0.29906072012809985E-001       5       4       4       5
   0.29906072012809985E-001       4       5       4       5
   0.73317375270797547            1       1       5       5
   0.22728258884120531E-002       2       1       5       5
  -0.25255213583884231E-001       1       2       5       5
   0.52655274405975649            2       2       5       5
   0.51671165496499893            3       3       5       5
   0.51671165496499893            4       4       5       5
   0.57652056080115699            5       5       5       5
   -12.434368592770639            1       1       0       0
   0.38537710564200967            1       2       0       0
   0.38537710564200967            2       1       0       0
   -2.8258171641262475            2       2       0       0
   -2.6249502251485093            3       3       0       0
   -2.6249502251485093            4       4       0       0
   -2.6249502251485093            5       5       0       0
    0.0000000000000000            0       0       0       0
