&FCI
 NORB=5,
 NELEC=5,
 MS2=1,
 ISYM=1,
 ORBSYM=1,1,1,1,1,
 ST=1,
 III=1,
 OCC=3,
 CLOSED=2,
 /
    2.8377197170134743            1       1       1       1
  -0.44353074995100100            2       1       1       1
  -0.21533913114686565            1       2       1       1
   0.74590530199413774            2       2       1       1
   0.73326493556134698            3       3       1       1
   0.73326493556134698            4       4       1       1
   0.73326493556134698            5       5       1       1
  -0.44353074995100100            1       1       2       1
   0.10359534663368036            2       1       2       1
   0.62194113347134525E-001       1       2       2       1
  -0.85134134299991778E-002       2       2       2       1
   0.18654267622548407E-002       3       3       2       1
   0.18654267622548286E-002       4       4       2       1
   0.18654267622548251E-002       5       5       2       1
   0.37114174800026087E-001       3       1       3       1
   0.48901483614292890E-001       3       2       3       1
   0.21438392197628262E-001       1       3       3       1
   0.46977341241139531E-001       2       3       3       1
   0.37114174800026087E-001       4       1       4       1
   0.48901483614292876E-001       4       2       4       1
   0.21438392197628282E-001       1       4       4       1
   0.46977341241139524E-001       2       4       4       1
   0.37114174800026087E-001       5       1       5       1
   0.48901483614292876E-001       5       2       5       1
   0.21438392197628282E-001       1       5       5       1
   0.46977341241139517E-001       2       5       5       1
  -0.21533913114686565            1       1       1       2
   0.62194113347134525E-001       2       1       1       2
   0.20792880060588687E-001       1       2       1       2
  -0.32865152027955404E-001       2       2       1       2
  -0.24884460150614941E-001       3       3       1       2
  -0.24884460150614948E-001       4       4       1       2
  -0.24884460150614948E-001       5       5       1       2
   0.74590530199413774            1       1       2       2
  -0.85134134299991778E-002       2       1       2       2
  -0.32865152027955404E-001       1       2       2       2
   0.51984381774916344            2       2       2       2
   0.52651402528140678            3       3       2       2
   0.52651402528140678            4       4       2       2
   0.52651402528140678            5       5       2       2
   0.48901483614292890E-001       3       1       3       2
   0.11979353160594648            3       2       3       2
   0.66675232540002287E-002       1       3       3       2
   0.10817630324343798            2       3       3       2
   0.48901483614292876E-001       4       1       4       2
   0.11979353160594650            4       2       4       2
   0.66675232540002044E-002       1       4       4       2
   0.10817630324343799            2       4       4       2
   0.48901483614292876E-001       5       1       5       2
   0.11979353160594648            5       2       5       2
   0.66675232540001801E-002       1       5       5       2
   0.10817630324343798            2       5       5       2
   0.21438392197628262E-001       3       1       1       3
   0.66675232540002287E-002       3       2       1       3
   0.57626095952304363E-002       1       3       1       3
   0.47433808808468834E-002       2       3       1       3
   0.46977341241139531E-001       3       1       2       3
   0.10817630324343798            3       2       2       3
   0.47433808808468834E-002       1       3       2       3
   0.96559074880929463E-001       2       3       2       3
   0.73326493556134698            1       1       3       3
   0.18654267622548407E-002       2       1       3       3
  -0.24884460150614941E-001       1       2       3       3
   0.52651402528140678            2       2       3       3
   0.57647360727795760            3       3       3       3
   0.51667754866154025            4       4       3       3
   0.51667754866154014            5       5       3       3
   0.29899631940159994E-001       4       3       4       3
   0.29899631940159994E-001       3       4       4       3
   0.29899631940159994E-001       5       3       5       3
   0.29899631940159994E-001       3       5       5       3
   0.21438392197628282E-001       4       1       1       4
   0.66675232540002044E-002       4       2       1       4
   0.57626095952304779E-002       1       4       1       4
   0.47433808808468626E-002       2       4       1       4
   0.46977341241139524E-001       4       1       2       4
   0.10817630324343799            4       2       2       4
   0.47433808808468626E-002       1       4       2       4
   0.96559074880929491E-001       2       4       2       4
   0.29899631940159994E-001       4       3       3       4
   0.29899631940159998E-001       3       4       3       4
   0.73326493556134698            1       1       4       4
   0.18654267622548286E-002       2       1       4       4
  -0.24884460150614948E-001       1       2       4       4
   0.52651402528140678            2       2       4       4
   0.51667754866154025            3       3       4       4
   0.57647360727795760            4       4       4       4
   0.51667754866154014            5       5       4       4
   0.29899631940159998E-001       5       4       5       4
   0.29899631940159994E-001       4       5       5       4
   0.21438392197628282E-001       5       1       1       5
   0.66675232540001801E-002       5       2       1       5
   0.57626095952304814E-002       1       5       1       5
   0.47433808808468383E-002       2       5       1       5
   0.46977341241139517E-001       5       1       2       5
   0.10817630324343798            5       2       2       5
   0.47433808808468383E-002       1       5       2       5
   0.96559074880929477E-001       2       5       2       5
   0.29899631940159994E-001       5       3       3       5
   0.29899631940159994E-001       3       5       3       5
   0.29899631940159994E-001       5       4       4       5
   0.29899631940159994E-001       4       5       4       5
   0.73326493556134698            1       1       5       5
   0.18654267622548251E-002       2       1       5       5
  -0.24884460150614948E-001       1       2       5       5
   0.52651402528140678            2       2       5       5
   0.51667754866154014            3       3       5       5
   0.51667754866154014            4       4       5       5
   0.57647360727795760            5       5       5       5
   -12.434368592770639            1       1       0       0
   0.38537710564200967            1       2       0       0
   0.38537710564200967            2       1       0       0
   -2.8258171641262475            2       2       0       0
   -2.6249502251485093            3       3       0       0
   -2.6249502251485093            4       4       0       0
   -2.6249502251485093            5       5       0       0
    0.0000000000000000            0       0       0       0
