&FCI
 NORB=5,
 NELEC=5,
 MS2=1,
 ISYM=1,
 ORBSYM=1,1,1,1,1,
 ST=1,
 III=1,
 OCC=3,
 CLOSED=2,
 /
    2.8366975019293701            1       1       1       1
  -0.44455565274765607            2       1       1       1
  -0.21390382546862563            1       2       1       1
   0.74581981361570748            2       2       1       1
   0.73321615480201541            3       3       1       1
   0.73321615480201541            4       4       1       1
   0.73321615480201541            5       5       1       1
  -0.44455565274765607            1       1       2       1
   0.10408633757191965            2       1       2       1
   0.62160821538082819E-001       1       2       2       1
  -0.81108552223968493E-002       2       2       2       1
   0.22786003195842900E-002       3       3       2       1
   0.22786003195843091E-002       4       4       2       1
   0.22786003195842969E-002       5       5       2       1
   0.36966830580373700E-001       3       1       3       1
   0.48688700729195206E-001       3       2       3       1
   0.21444273980322705E-001       1       3       3       1
   0.46785063516534039E-001       2       3       3       1
   0.36966830580373700E-001       4       1       4       1
   0.48688700729195261E-001       4       2       4       1
   0.21444273980322698E-001       1       4       4       1
   0.46785063516534095E-001       2       4       4       1
   0.36966830580373693E-001       5       1       5       1
   0.48688700729195275E-001       5       2       5       1
   0.21444273980322701E-001       1       5       5       1
   0.46785063516534109E-001       2       5       5       1
  -0.21390382546862563            1       1       1       2
   0.62160821538082819E-001       2       1       1       2
   0.20235305504245980E-001       1       2       1       2
  -0.33203958893324309E-001       2       2       1       2
  -0.25242415039601000E-001       3       3       1       2
  -0.25242415039601004E-001       4       4       1       2
  -0.25242415039600979E-001       5       5       1       2
   0.74581981361570748            1       1       2       2
  -0.81108552223968493E-002       2       1       2       2
  -0.33203958893324309E-001       1       2       2       2
   0.51993753784355512            2       2       2       2
   0.52661081464465731            3       3       2       2
   0.52661081464465731            4       4       2       2
   0.52661081464465731            5       5       2       2
   0.48688700729195206E-001       3       1       3       2
   0.11977449201902415            3       2       3       2
   0.68877816931829684E-002       1       3       3       2
   0.10826298461083732            2       3       3       2
   0.48688700729195261E-001       4       1       4       2
   0.11977449201902417            4       2       4       2
   0.68877816931829684E-002       1       4       4       2
   0.10826298461083730            2       4       4       2
   0.48688700729195275E-001       5       1       5       2
   0.11977449201902417            5       2       5       2
   0.68877816931829476E-002       1       5       5       2
   0.10826298461083730            2       5       5       2
   0.21444273980322705E-001       3       1       1       3
   0.68877816931829684E-002       3       2       1       3
   0.59217173802717099E-002       1       3       1       3
   0.49841444805218127E-002       2       3       1       3
   0.46785063516534039E-001       3       1       2       3
   0.10826298461083732            3       2       2       3
   0.49841444805218127E-002       1       3       2       3
   0.96751477202650468E-001       2       3       2       3
   0.73321615480201541            1       1       3       3
   0.22786003195842900E-002       2       1       3       3
  -0.25242415039601000E-001       1       2       3       3
   0.52661081464465731            2       2       3       3
   0.57660586431239325            3       3       3       3
   0.51676174003252473            4       4       3       3
   0.51676174003252462            5       5       3       3
   0.29923642473832973E-001       4       3       4       3
   0.29923642473832970E-001       3       4       4       3
   0.29923642473832973E-001       5       3       5       3
   0.29923642473832973E-001       3       5       5       3
   0.21444273980322698E-001       4       1       1       4
   0.68877816931829684E-002       4       2       1       4
   0.59217173802716995E-002       1       4       1       4
   0.49841444805218127E-002       2       4       1       4
   0.46785063516534095E-001       4       1       2       4
   0.10826298461083730            4       2       2       4
   0.49841444805218127E-002       1       4       2       4
   0.96751477202650454E-001       2       4       2       4
   0.29923642473832970E-001       4       3       3       4
   0.29923642473832970E-001       3       4       3       4
   0.73321615480201541            1       1       4       4
   0.22786003195843091E-002       2       1       4       4
  -0.25242415039601004E-001       1       2       4       4
   0.52661081464465731            2       2       4       4
   0.51676174003252473            3       3       4       4
   0.57660586431239325            4       4       4       4
   0.51676174003252462            5       5       4       4
   0.29923642473832973E-001       5       4       5       4
   0.29923642473832973E-001       4       5       5       4
   0.21444273980322701E-001       5       1       1       5
   0.68877816931829476E-002       5       2       1       5
   0.59217173802717064E-002       1       5       1       5
   0.49841444805217919E-002       2       5       1       5
   0.46785063516534109E-001       5       1       2       5
   0.10826298461083730            5       2       2       5
   0.49841444805217919E-002       1       5       2       5
   0.96751477202650454E-001       2       5       2       5
   0.29923642473832973E-001       5       3       3       5
   0.29923642473832973E-001       3       5       3       5
   0.29923642473832973E-001       5       4       4       5
   0.29923642473832973E-001       4       5       4       5
   0.73321615480201541            1       1       5       5
   0.22786003195842969E-002       2       1       5       5
  -0.25242415039600979E-001       1       2       5       5
   0.52661081464465731            2       2       5       5
   0.51676174003252462            3       3       5       5
   0.51676174003252462            4       4       5       5
   0.57660586431239325            5       5       5       5
   -12.434368592770639            1       1       0       0
   0.38537710564200967            1       2       0       0
   0.38537710564200967            2       1       0       0
   -2.8258171641262475            2       2       0       0
   -2.6249502251485093            3       3       0       0
   -2.6249502251485093            4       4       0       0
   -2.6249502251485093            5       5       0       0
    0.0000000000000000            0       0       0       0
