&FCI
 NORB=5,
 NELEC=5,
 MS2=1,
 ISYM=1,
 ORBSYM=1,1,1,1,1,
 ST=1,
 III=1,
 OCC=3,
 CLOSED=2,
 /
    2.8367095134011318            1       1       1       1
  -0.44465187459610744            2       1       1       1
  -0.21392482012166275            1       2       1       1
   0.74582869457416234            2       2       1       1
   0.73319374124185654            3       3       1       1
   0.73319374124185654            4       4       1       1
   0.73319374124185666            5       5       1       1
  -0.44465187459610744            1       1       2       1
   0.10407521711352621            2       1       2       1
   0.62172181502946094E-001       1       2       2       1
  -0.82055180738004989E-002       2       2       2       1
   0.21834603848204341E-002       3       3       2       1
   0.21834603848204341E-002       4       4       2       1
   0.21834603848204272E-002       5       5       2       1
   0.37085553407505772E-001       3       1       3       1
   0.47877383912646079E-001       3       2       3       1
   0.21432310174736634E-001       1       3       3       1
   0.46043776746539915E-001       2       3       3       1
   0.37085553407505779E-001       4       1       4       1
   0.47877383912646093E-001       4       2       4       1
   0.21432310174736641E-001       1       4       4       1
   0.46043776746539929E-001       2       4       4       1
   0.37085553407505766E-001       5       1       5       1
   0.47877383912646093E-001       5       2       5       1
   0.21432310174736638E-001       1       5       5       1
   0.46043776746539929E-001       2       5       5       1
  -0.21392482012166275            1       1       1       2
   0.62172181502946094E-001       2       1       1       2
   0.20269145892365982E-001       1       2       1       2
  -0.33014838454841239E-001       2       2       1       2
  -0.25057196976084016E-001       3       3       1       2
  -0.25057196976084013E-001       4       4       1       2
  -0.25057196976084030E-001       5       5       1       2
   0.74582869457416234            1       1       2       2
  -0.82055180738004989E-002       2       1       2       2
  -0.33014838454841239E-001       1       2       2       2
   0.52075898319765268            2       2       2       2
   0.52739379400626563            3       3       2       2
   0.52739379400626563            4       4       2       2
   0.52739379400626563            5       5       2       2
   0.47877383912646079E-001       3       1       3       2
   0.11874046621112162            3       2       3       2
   0.76497828734883554E-002       1       3       3       2
   0.10874737379195920            2       3       3       2
   0.47877383912646093E-001       4       1       4       2
   0.11874046621112161            4       2       4       2
   0.76497828734883901E-002       1       4       4       2
   0.10874737379195920            2       4       4       2
   0.47877383912646093E-001       5       1       5       2
   0.11874046621112161            5       2       5       2
   0.76497828734884248E-002       1       5       5       2
   0.10874737379195920            2       5       5       2
   0.21432310174736634E-001       3       1       1       3
   0.76497828734883554E-002       3       2       1       3
   0.57790669419674964E-002       1       3       1       3
   0.58161757073822047E-002       2       3       1       3
   0.46043776746539915E-001       3       1       2       3
   0.10874737379195920            3       2       2       3
   0.58161757073822047E-002       1       3       2       3
   0.98754281372796793E-001       2       3       2       3
   0.73319374124185654            1       1       3       3
   0.21834603848204341E-002       2       1       3       3
  -0.25057196976084016E-001       1       2       3       3
   0.52739379400626563            2       2       3       3
   0.57759016602098490            3       3       3       3
   0.51738545161251670            4       4       3       3
   0.51738545161251659            5       5       3       3
   0.30103959353776518E-001       4       3       4       3
   0.30103959353776518E-001       3       4       4       3
   0.30103959353776515E-001       5       3       5       3
   0.30103959353776518E-001       3       5       5       3
   0.21432310174736641E-001       4       1       1       4
   0.76497828734883901E-002       4       2       1       4
   0.57790669419675034E-002       1       4       1       4
   0.58161757073822359E-002       2       4       1       4
   0.46043776746539929E-001       4       1       2       4
   0.10874737379195920            4       2       2       4
   0.58161757073822359E-002       1       4       2       4
   0.98754281372796793E-001       2       4       2       4
   0.30103959353776518E-001       4       3       3       4
   0.30103959353776518E-001       3       4       3       4
   0.73319374124185654            1       1       4       4
   0.21834603848204341E-002       2       1       4       4
  -0.25057196976084013E-001       1       2       4       4
   0.52739379400626563            2       2       4       4
   0.51738545161251670            3       3       4       4
   0.57759016602098490            4       4       4       4
   0.51738545161251659            5       5       4       4
   0.30103959353776515E-001       5       4       5       4
   0.30103959353776518E-001       4       5       5       4
   0.21432310174736638E-001       5       1       1       5
   0.76497828734884248E-002       5       2       1       5
   0.57790669419675068E-002       1       5       1       5
   0.58161757073822706E-002       2       5       1       5
   0.46043776746539929E-001       5       1       2       5
   0.10874737379195920            5       2       2       5
   0.58161757073822706E-002       1       5       2       5
   0.98754281372796779E-001       2       5       2       5
   0.30103959353776518E-001       5       3       3       5
   0.30103959353776522E-001       3       5       3       5
   0.30103959353776518E-001       5       4       4       5
   0.30103959353776522E-001       4       5       4       5
   0.73319374124185666            1       1       5       5
   0.21834603848204272E-002       2       1       5       5
  -0.25057196976084030E-001       1       2       5       5
   0.52739379400626563            2       2       5       5
   0.51738545161251659            3       3       5       5
   0.51738545161251659            4       4       5       5
   0.57759016602098490            5       5       5       5
   -12.434368592770639            1       1       0       0
   0.38537710564200967            1       2       0       0
   0.38537710564200967            2       1       0       0
   -2.8258171641262475            2       2       0       0
   -2.6249502251485093            3       3       0       0
   -2.6249502251485093            4       4       0       0
   -2.6249502251485093            5       5       0       0
    0.0000000000000000            0       0       0       0
