&FCI
 NORB=5,
 NELEC=5,
 MS2=1,
 ISYM=1,
 ORBSYM=1,1,1,1,1,
 ST=1,
 III=1,
 OCC=3,
 CLOSED=2,
 /
    2.8376985713657907            1       1       1       1
  -0.44372747801460444            2       1       1       1
  -0.21513964664406474            1       2       1       1
   0.74593774502282906            2       2       1       1
   0.73329387574324711            3       3       1       1
   0.73329387574324711            4       4       1       1
   0.73329387574324711            5       5       1       1
  -0.44372747801460444            1       1       2       1
   0.10371588520829408            2       1       2       1
   0.62193731014173387E-001       1       2       2       1
  -0.83852542223976732E-002       2       2       2       1
   0.20000268188841205E-002       3       3       2       1
   0.20000268188841083E-002       4       4       2       1
   0.20000268188841049E-002       5       5       2       1
   0.37075261184746890E-001       3       1       3       1
   0.48737749922499130E-001       3       2       3       1
   0.21438040405409243E-001       1       3       3       1
   0.46828058047193075E-001       2       3       3       1
   0.37075261184746890E-001       4       1       4       1
   0.48737749922499130E-001       4       2       4       1
   0.21438040405409239E-001       1       4       4       1
   0.46828058047193075E-001       2       4       4       1
   0.37075261184746904E-001       5       1       5       1
   0.48737749922499143E-001       5       2       5       1
   0.21438040405409246E-001       1       5       5       1
   0.46828058047193089E-001       2       5       5       1
  -0.21513964664406474            1       1       1       2
   0.62193731014173387E-001       2       1       1       2
   0.20671576820052676E-001       1       2       1       2
  -0.32990326629982421E-001       2       2       1       2
  -0.25016489914235690E-001       3       3       1       2
  -0.25016489914235673E-001       4       4       1       2
  -0.25016489914235676E-001       5       5       1       2
   0.74593774502282906            1       1       2       2
  -0.83852542223976732E-002       2       1       2       2
  -0.32990326629982421E-001       1       2       2       2
   0.51993571441059661            2       2       2       2
   0.52660206685599376            3       3       2       2
   0.52660206685599376            4       4       2       2
   0.52660206685599376            5       5       2       2
   0.48737749922499130E-001       3       1       3       2
   0.11969017484697100            3       2       3       2
   0.68146569594673863E-002       1       3       3       2
   0.10819672914811405            2       3       3       2
   0.48737749922499130E-001       4       1       4       2
   0.11969017484697099            4       2       4       2
   0.68146569594673516E-002       1       4       4       2
   0.10819672914811405            2       4       4       2
   0.48737749922499143E-001       5       1       5       2
   0.11969017484697099            5       2       5       2
   0.68146569594673620E-002       1       5       5       2
   0.10819672914811405            2       5       5       2
   0.21438040405409243E-001       3       1       1       3
   0.68146569594673863E-002       3       2       1       3
   0.58008196260715926E-002       1       3       1       3
   0.49049650841613418E-002       2       3       1       3
   0.46828058047193075E-001       3       1       2       3
   0.10819672914811405            3       2       2       3
   0.49049650841613418E-002       1       3       2       3
   0.96703283449257105E-001       2       3       2       3
   0.73329387574324711            1       1       3       3
   0.20000268188841205E-002       2       1       3       3
  -0.25016489914235690E-001       1       2       3       3
   0.52660206685599376            2       2       3       3
   0.57656624811093193            3       3       3       3
   0.51675738300056129            4       4       3       3
   0.51675738300056118            5       5       3       3
   0.29906037779841677E-001       4       3       4       3
   0.29906037779841677E-001       3       4       4       3
   0.29906037779841674E-001       5       3       5       3
   0.29906037779841677E-001       3       5       5       3
   0.21438040405409239E-001       4       1       1       4
   0.68146569594673516E-002       4       2       1       4
   0.58008196260715891E-002       1       4       1       4
   0.49049650841613071E-002       2       4       1       4
   0.46828058047193075E-001       4       1       2       4
   0.10819672914811405            4       2       2       4
   0.49049650841613071E-002       1       4       2       4
   0.96703283449257119E-001       2       4       2       4
   0.29906037779841677E-001       4       3       3       4
   0.29906037779841677E-001       3       4       3       4
   0.73329387574324711            1       1       4       4
   0.20000268188841083E-002       2       1       4       4
  -0.25016489914235673E-001       1       2       4       4
   0.52660206685599376            2       2       4       4
   0.51675738300056129            3       3       4       4
   0.57656624811093193            4       4       4       4
   0.51675738300056118            5       5       4       4
   0.29906037779841674E-001       5       4       5       4
   0.29906037779841674E-001       4       5       5       4
   0.21438040405409246E-001       5       1       1       5
   0.68146569594673620E-002       5       2       1       5
   0.58008196260715891E-002       1       5       1       5
   0.49049650841613175E-002       2       5       1       5
   0.46828058047193089E-001       5       1       2       5
   0.10819672914811405            5       2       2       5
   0.49049650841613175E-002       1       5       2       5
   0.96703283449257105E-001       2       5       2       5
   0.29906037779841677E-001       5       3       3       5
   0.29906037779841677E-001       3       5       3       5
   0.29906037779841674E-001       5       4       4       5
   0.29906037779841677E-001       4       5       4       5
   0.73329387574324711            1       1       5       5
   0.20000268188841049E-002       2       1       5       5
  -0.25016489914235676E-001       1       2       5       5
   0.52660206685599376            2       2       5       5
   0.51675738300056118            3       3       5       5
   0.51675738300056118            4       4       5       5
   0.57656624811093193            5       5       5       5
   -12.434368592770639            1       1       0       0
   0.38537710564200967            1       2       0       0
   0.38537710564200967            2       1       0       0
   -2.8258171641262475            2       2       0       0
   -2.6249502251485093            3       3       0       0
   -2.6249502251485093            4       4       0       0
   -2.6249502251485093            5       5       0       0
    0.0000000000000000            0       0       0       0
