           5
  -0.28111949544831989E-001       1       1       1       1       1       1
   0.45107905479357911E-002       1       1       1       1       1       2
  -0.86419340553908850E-003       1       1       1       1       2       2
  -0.13066403299970405E-004       1       1       1       1       3       3
  -0.13066403299970459E-004       1       1       1       1       4       4
  -0.13066403299970368E-004       1       1       1       1       5       5
   0.18270419428373727E-003       1       1       1       2       2       2
  -0.78304181269273498E-005       1       1       1       2       3       3
  -0.78304181269273413E-005       1       1       1       2       4       4
  -0.78304181269273278E-005       1       1       1       2       5       5
   0.83778105879535726E-003       1       1       2       1       1       2
  -0.69688635364379705E-003       1       1       2       1       2       2
   0.86346736764760762E-004       1       1       2       1       3       3
   0.86346736764760803E-004       1       1       2       1       4       4
   0.86346736764760545E-004       1       1       2       1       5       5
   0.16776979467442160E-003       1       1       2       2       2       2
  -0.32203564563688364E-004       1       1       2       2       3       3
  -0.32203564563688350E-004       1       1       2       2       4       4
  -0.32203564563688378E-004       1       1       2       2       5       5
  -0.37678295590019557E-004       1       1       2       3       3       2
  -0.37678295590019591E-004       1       1       2       4       4       2
  -0.37678295590019584E-004       1       1       2       5       5       2
   0.98576092513238608E-003       1       1       3       1       1       3
  -0.75180641576742520E-003       1       1       3       1       2       3
   0.18482827730967010E-003       1       1       3       2       2       3
  -0.50943615412155619E-004       1       1       3       3       3       3
  -0.82390372287891062E-005       1       1       3       3       4       4
  -0.82390372287891096E-005       1       1       3       3       5       5
  -0.34462990227107095E-004       1       1       3       4       4       3
  -0.34462990227107095E-004       1       1       3       5       5       3
   0.98576092513238305E-003       1       1       4       1       1       4
  -0.75180641576742444E-003       1       1       4       1       2       4
   0.18482827730967053E-003       1       1       4       2       2       4
  -0.34462990227107075E-004       1       1       4       3       3       4
  -0.50943615412155647E-004       1       1       4       4       4       4
  -0.82390372287891028E-005       1       1       4       4       5       5
  -0.34462990227107122E-004       1       1       4       5       5       4
   0.98576092513237329E-003       1       1       5       1       1       5
  -0.75180641576742487E-003       1       1       5       1       2       5
   0.18482827730967045E-003       1       1       5       2       2       5
  -0.34462990227107068E-004       1       1       5       3       3       5
  -0.34462990227107081E-004       1       1       5       4       4       5
  -0.50943615412155640E-004       1       1       5       5       5       5
  -0.22951663177569752E-002       1       2       2       1       2       2
   0.15000885084887942E-004       1       2       2       1       3       3
   0.15000885084887870E-004       1       2       2       1       4       4
   0.15000885084888341E-004       1       2       2       1       5       5
   0.17709589270125471E-003       1       2       2       2       2       2
  -0.52681246233840249E-004       1       2       2       2       3       3
  -0.52681246233840269E-004       1       2       2       2       4       4
  -0.52681246233840269E-004       1       2       2       2       5       5
  -0.62491422435829097E-004       1       2       2       3       2       3
  -0.62491422435829124E-004       1       2       2       4       2       4
  -0.62491422435829042E-004       1       2       2       5       2       5
  -0.24230402359010804E-002       1       2       3       1       2       3
   0.19855199641423486E-003       1       2       3       2       2       3
  -0.91517304802697240E-004       1       2       3       3       3       3
  -0.17548585506900707E-004       1       2       3       3       4       4
  -0.17548585506900730E-004       1       2       3       3       5       5
  -0.17548585506900724E-004       1       2       3       4       3       4
  -0.56415450753365122E-004       1       2       3       4       4       3
  -0.17548585506900717E-004       1       2       3       5       3       5
  -0.56415450753365176E-004       1       2       3       5       5       3
  -0.24230402359010821E-002       1       2       4       1       2       4
   0.19855199641423513E-003       1       2       4       2       2       4
  -0.56415450753365068E-004       1       2       4       3       3       4
  -0.91517304802697349E-004       1       2       4       4       4       4
  -0.17548585506900751E-004       1       2       4       4       5       5
  -0.17548585506900730E-004       1       2       4       5       4       5
  -0.56415450753365149E-004       1       2       4       5       5       4
  -0.24230402359010830E-002       1       2       5       1       2       5
   0.19855199641423507E-003       1       2       5       2       2       5
  -0.56415450753365088E-004       1       2       5       3       3       5
  -0.56415450753365129E-004       1       2       5       4       4       5
  -0.91517304802697267E-004       1       2       5       5       5       5
  -0.24160927344919450E-002       1       3       3       1       3       3
   0.10694586786270816E-003       1       3       3       1       4       4
   0.10694586786270816E-003       1       3       3       1       5       5
   0.19706919574793744E-003       1       3       3       2       3       3
  -0.19576247651219770E-004       1       3       3       2       4       4
  -0.19576247651219793E-004       1       3       3       2       5       5
  -0.26300569288635620E-002       1       3       4       1       3       4
   0.23623369757041812E-003       1       3       4       2       3       4
  -0.26300569288635616E-002       1       3       5       1       3       5
   0.23623369757041818E-003       1       3       5       2       3       5
  -0.24160927344919455E-002       1       4       4       1       4       4
   0.10694586786270805E-003       1       4       4       1       5       5
   0.19706919574793736E-003       1       4       4       2       4       4
  -0.19576247651219797E-004       1       4       4       2       5       5
  -0.26300569288635663E-002       1       4       5       1       4       5
   0.23623369757041799E-003       1       4       5       2       4       5
  -0.24160927344919463E-002       1       5       5       1       5       5
   0.19706919574793733E-003       1       5       5       2       5       5
  -0.97304514411398297E-003       2       2       2       2       2       2
  -0.21461087872140836E-003       2       2       2       2       3       3
  -0.21461087872140831E-003       2       2       2       2       4       4
  -0.21461087872140847E-003       2       2       2       2       5       5
  -0.98169912116492482E-003       2       2       3       2       2       3
  -0.37869691467990092E-003       2       2       3       3       3       3
  -0.11531464120903716E-003       2       2       3       3       4       4
  -0.11531464120903720E-003       2       2       3       3       5       5
  -0.14801562146038070E-003       2       2       3       4       4       3
  -0.14801562146038081E-003       2       2       3       5       5       3
  -0.98169912116492569E-003       2       2       4       2       2       4
  -0.14801562146038075E-003       2       2       4       3       3       4
  -0.37869691467990081E-003       2       2       4       4       4       4
  -0.11531464120903722E-003       2       2       4       4       5       5
  -0.14801562146038075E-003       2       2       4       5       5       4
  -0.98169912116492569E-003       2       2       5       2       2       5
  -0.14801562146038081E-003       2       2       5       3       3       5
  -0.14801562146038081E-003       2       2       5       4       4       5
  -0.37869691467990087E-003       2       2       5       5       5       5
  -0.10567543000762471E-002       2       3       3       2       3       3
  -0.51403163372288512E-004       2       3       3       2       4       4
  -0.51403163372288492E-004       2       3       3       2       5       5
  -0.95388488511403469E-003       2       3       4       2       3       4
  -0.95388488511403513E-003       2       3       5       2       3       5
  -0.10567543000762471E-002       2       4       4       2       4       4
  -0.51403163372288519E-004       2       4       4       2       5       5
  -0.95388488511403469E-003       2       4       5       2       4       5
  -0.10567543000762477E-002       2       5       5       2       5       5
  -0.12535364092673270E-002       3       3       3       3       3       3
  -0.73444150748227984E-004       3       3       3       3       4       4
  -0.73444150748228011E-004       3       3       3       3       5       5
  -0.95960189041040917E-003       3       3       4       3       3       4
  -0.73444150748227957E-004       3       3       4       4       4       4
  -0.35906886609185291E-004       3       3       4       4       5       5
  -0.15890532744885183E-005       3       3       4       5       5       4
  -0.95960189041040928E-003       3       3       5       3       3       5
  -0.15890532744885318E-005       3       3       5       4       4       5
  -0.73444150748227957E-004       3       3       5       5       5       5
  -0.95960189041040885E-003       3       4       4       3       4       4
  -0.15890532744885409E-005       3       4       4       3       5       5
  -0.95640503613127095E-003       3       4       5       3       4       5
  -0.95960189041040928E-003       3       5       5       3       5       5
  -0.12535364092673275E-002       4       4       4       4       4       4
  -0.73444150748227998E-004       4       4       4       4       5       5
  -0.95960189041040961E-003       4       4       5       4       4       5
  -0.73444150748227930E-004       4       4       5       5       5       5
  -0.95960189041040971E-003       4       5       5       4       5       5
  -0.12535364092673275E-002       5       5       5       5       5       5
