           5
  -0.28740628479674964E-001       1       1       1       1       1       1
   0.46010567629898719E-002       1       1       1       1       1       2
  -0.87769715221863774E-003       1       1       1       1       2       2
  -0.12983096886323248E-004       1       1       1       1       3       3
  -0.12983096886323357E-004       1       1       1       1       4       4
  -0.12983096886323375E-004       1       1       1       1       5       5
   0.18477398608055432E-003       1       1       1       2       2       2
  -0.81369388691748550E-005       1       1       1       2       3       3
  -0.81369388691748346E-005       1       1       1       2       4       4
  -0.81369388691747923E-005       1       1       1       2       5       5
   0.91247679732512548E-003       1       1       2       1       1       2
  -0.70929510503575676E-003       1       1       2       1       2       2
   0.64584550489384630E-004       1       1       2       1       3       3
   0.64584550489384522E-004       1       1       2       1       4       4
   0.64584550489384698E-004       1       1       2       1       5       5
   0.16977077229190588E-003       1       1       2       2       2       2
  -0.29982627736090659E-004       1       1       2       2       3       3
  -0.29982627736090649E-004       1       1       2       2       4       4
  -0.29982627736090666E-004       1       1       2       2       5       5
  -0.38431062464929474E-004       1       1       2       3       3       2
  -0.38431062464929495E-004       1       1       2       4       4       2
  -0.38431062464929441E-004       1       1       2       5       5       2
   0.10535822814737496E-002       1       1       3       1       1       3
  -0.76339709233252744E-003       1       1       3       1       2       3
   0.18672298717589710E-003       1       1       3       2       2       3
  -0.51764373567784888E-004       1       1       3       3       3       3
  -0.82156445557997945E-005       1       1       3       3       4       4
  -0.82156445557998012E-005       1       1       3       3       5       5
  -0.35330610174163693E-004       1       1       3       4       4       3
  -0.35330610174163680E-004       1       1       3       5       5       3
   0.10535822814737549E-002       1       1       4       1       1       4
  -0.76339709233252831E-003       1       1       4       1       2       4
   0.18672298717589713E-003       1       1       4       2       2       4
  -0.35330610174163707E-004       1       1       4       3       3       4
  -0.51764373567784902E-004       1       1       4       4       4       4
  -0.82156445557998029E-005       1       1       4       4       5       5
  -0.35330610174163693E-004       1       1       4       5       5       4
   0.10535822814737549E-002       1       1       5       1       1       5
  -0.76339709233252918E-003       1       1       5       1       2       5
   0.18672298717589708E-003       1       1       5       2       2       5
  -0.35330610174163687E-004       1       1       5       3       3       5
  -0.35330610174163680E-004       1       1       5       4       4       5
  -0.51764373567784875E-004       1       1       5       5       5       5
  -0.23121684972597896E-002       1       2       2       1       2       2
  -0.10541101435531846E-003       1       2       2       1       3       3
  -0.10541101435531872E-003       1       2       2       1       4       4
  -0.10541101435531868E-003       1       2       2       1       5       5
   0.17834250032561761E-003       1       2       2       2       2       2
  -0.37870921214213685E-004       1       2       2       2       3       3
  -0.37870921214213651E-004       1       2       2       2       4       4
  -0.37870921214213664E-004       1       2       2       2       5       5
  -0.63068477288085045E-004       1       2       2       3       2       3
  -0.63068477288085085E-004       1       2       2       4       2       4
  -0.63068477288085139E-004       1       2       2       5       2       5
  -0.24395252916893729E-002       1       2       3       1       2       3
   0.19980050349509629E-003       1       2       3       2       2       3
  -0.91106771390465872E-004       1       2       3       3       3       3
  -0.16454147325876347E-004       1       2       3       3       4       4
  -0.16454147325876347E-004       1       2       3       3       5       5
  -0.16454147325876354E-004       1       2       3       4       3       4
  -0.58194396072512460E-004       1       2       3       4       4       3
  -0.16454147325876340E-004       1       2       3       5       3       5
  -0.58194396072512507E-004       1       2       3       5       5       3
  -0.24395252916893711E-002       1       2       4       1       2       4
   0.19980050349509642E-003       1       2       4       2       2       4
  -0.58194396072512460E-004       1       2       4       3       3       4
  -0.91106771390465913E-004       1       2       4       4       4       4
  -0.16454147325876357E-004       1       2       4       4       5       5
  -0.16454147325876340E-004       1       2       4       5       4       5
  -0.58194396072512514E-004       1       2       4       5       5       4
  -0.24395252916893716E-002       1       2       5       1       2       5
   0.19980050349509634E-003       1       2       5       2       2       5
  -0.58194396072512480E-004       1       2       5       3       3       5
  -0.58194396072512494E-004       1       2       5       4       4       5
  -0.91106771390465926E-004       1       2       5       5       5       5
  -0.24602436680045362E-002       1       3       3       1       3       3
   0.85921960799273454E-004       1       3       3       1       4       4
   0.85921960799273508E-004       1       3       3       1       5       5
   0.20019801567245981E-003       1       3       3       2       3       3
  -0.18173458380131863E-004       1       3       3       2       4       4
  -0.18173458380131863E-004       1       3       3       2       5       5
  -0.26321506438269243E-002       1       3       4       1       3       4
   0.23655611957774399E-003       1       3       4       2       3       4
  -0.26321506438269256E-002       1       3       5       1       3       5
   0.23655611957774388E-003       1       3       5       2       3       5
  -0.24602436680045379E-002       1       4       4       1       4       4
   0.85921960799273414E-004       1       4       4       1       5       5
   0.20019801567245962E-003       1       4       4       2       4       4
  -0.18173458380131856E-004       1       4       4       2       5       5
  -0.26321506438269277E-002       1       4       5       1       4       5
   0.23655611957774364E-003       1       4       5       2       4       5
  -0.24602436680045397E-002       1       5       5       1       5       5
   0.20019801567245960E-003       1       5       5       2       5       5
  -0.98128369167203942E-003       2       2       2       2       2       2
  -0.18064075057093316E-003       2       2       2       2       3       3
  -0.18064075057093329E-003       2       2       2       2       4       4
  -0.18064075057093335E-003       2       2       2       2       5       5
  -0.98996408575302086E-003       2       2       3       2       2       3
  -0.31139549183859325E-003       2       2       3       3       3       3
  -0.87185380499532489E-004       2       2       3       3       4       4
  -0.87185380499532448E-004       2       2       3       3       5       5
  -0.13698189094601452E-003       2       2       3       4       4       3
  -0.13698189094601458E-003       2       2       3       5       5       3
  -0.98996408575302152E-003       2       2       4       2       2       4
  -0.13698189094601450E-003       2       2       4       3       3       4
  -0.31139549183859341E-003       2       2       4       4       4       4
  -0.87185380499532421E-004       2       2       4       4       5       5
  -0.13698189094601471E-003       2       2       4       5       5       4
  -0.98996408575302173E-003       2       2       5       2       2       5
  -0.13698189094601452E-003       2       2       5       3       3       5
  -0.13698189094601461E-003       2       2       5       4       4       5
  -0.31139549183859363E-003       2       2       5       5       5       5
  -0.10612768632540003E-002       2       3       3       2       3       3
  -0.48611526734519662E-004       2       3       3       2       4       4
  -0.48611526734519668E-004       2       3       3       2       5       5
  -0.96399686559139582E-003       2       3       4       2       3       4
  -0.96399686559139539E-003       2       3       5       2       3       5
  -0.10612768632540005E-002       2       4       4       2       4       4
  -0.48611526734519696E-004       2       4       4       2       5       5
  -0.96399686559139560E-003       2       4       5       2       4       5
  -0.10612768632540001E-002       2       5       5       2       5       5
  -0.12461985249907685E-002       3       3       3       3       3       3
  -0.68460821923210365E-004       3       3       3       3       4       4
  -0.68460821923210352E-004       3       3       3       3       5       5
  -0.97221664446627476E-003       3       3       4       3       3       4
  -0.68460821923210379E-004       3       3       4       4       4       4
  -0.30946264242202119E-004       3       3       4       4       5       5
  -0.65305983647931237E-005       3       3       4       5       5       4
  -0.97221664446627454E-003       3       3       5       3       3       5
  -0.65305983647931635E-005       3       3       5       4       4       5
  -0.68460821923210406E-004       3       3       5       5       5       5
  -0.97221664446627541E-003       3       4       4       3       4       4
  -0.65305983647931288E-005       3       4       4       3       5       5
  -0.95913347087147574E-003       3       4       5       3       4       5
  -0.97221664446627573E-003       3       5       5       3       5       5
  -0.12461985249907688E-002       4       4       4       4       4       4
  -0.68460821923210379E-004       4       4       4       4       5       5
  -0.97221664446627476E-003       4       4       5       4       4       5
  -0.68460821923210392E-004       4       4       5       5       5       5
  -0.97221664446627530E-003       4       5       5       4       5       5
  -0.12461985249907705E-002       5       5       5       5       5       5
