           5
  -0.28060054525867975E-001       1       1       1       1       1       1
   0.44865375421461644E-002       1       1       1       1       1       2
  -0.85832125781428901E-003       1       1       1       1       2       2
  -0.13232272175407024E-004       1       1       1       1       3       3
  -0.13232272175407007E-004       1       1       1       1       4       4
  -0.13232272175407224E-004       1       1       1       1       5       5
   0.18149676388572454E-003       1       1       1       2       2       2
  -0.78245217612079744E-005       1       1       1       2       3       3
  -0.78245217612079812E-005       1       1       1       2       4       4
  -0.78245217612079778E-005       1       1       1       2       5       5
   0.83468100416260634E-003       1       1       2       1       1       2
  -0.69245711771355781E-003       1       1       2       1       2       2
   0.83707201977999203E-004       1       1       2       1       3       3
   0.83707201977999203E-004       1       1       2       1       4       4
   0.83707201977999420E-004       1       1       2       1       5       5
   0.16676290400292974E-003       1       1       2       2       2       2
  -0.31721409562387724E-004       1       1       2       2       3       3
  -0.31721409562387751E-004       1       1       2       2       4       4
  -0.31721409562387731E-004       1       1       2       2       5       5
  -0.37584824107940599E-004       1       1       2       3       3       2
  -0.37584824107940592E-004       1       1       2       4       4       2
  -0.37584824107940619E-004       1       1       2       5       5       2
   0.97384037516320379E-003       1       1       3       1       1       3
  -0.74646826315066524E-003       1       1       3       1       2       3
   0.18371248274436905E-003       1       1       3       2       2       3
  -0.50748003372774840E-004       1       1       3       3       3       3
  -0.81496053206533763E-005       1       1       3       3       4       4
  -0.81496053206533729E-005       1       1       3       3       5       5
  -0.34446270269894655E-004       1       1       3       4       4       3
  -0.34446270269894615E-004       1       1       3       5       5       3
   0.97384037516320152E-003       1       1       4       1       1       4
  -0.74646826315066513E-003       1       1       4       1       2       4
   0.18371248274436894E-003       1       1       4       2       2       4
  -0.34446270269894649E-004       1       1       4       3       3       4
  -0.50748003372774766E-004       1       1       4       4       4       4
  -0.81496053206533662E-005       1       1       4       4       5       5
  -0.34446270269894608E-004       1       1       4       5       5       4
   0.97384037516320379E-003       1       1       5       1       1       5
  -0.74646826315066545E-003       1       1       5       1       2       5
   0.18371248274436899E-003       1       1       5       2       2       5
  -0.34446270269894655E-004       1       1       5       3       3       5
  -0.34446270269894655E-004       1       1       5       4       4       5
  -0.50748003372774779E-004       1       1       5       5       5       5
  -0.22888845405274342E-002       1       2       2       1       2       2
   0.12074204396949788E-004       1       2       2       1       3       3
   0.12074204396949500E-004       1       2       2       1       4       4
   0.12074204396949680E-004       1       2       2       1       5       5
   0.17550458181500426E-003       1       2       2       2       2       2
  -0.51433355185599913E-004       1       2       2       2       3       3
  -0.51433355185599892E-004       1       2       2       2       4       4
  -0.51433355185599940E-004       1       2       2       2       5       5
  -0.62278793133296306E-004       1       2       2       3       2       3
  -0.62278793133296306E-004       1       2       2       4       2       4
  -0.62278793133296306E-004       1       2       2       5       2       5
  -0.24151185541719279E-002       1       2       3       1       2       3
   0.19689401964566268E-003       1       2       3       2       2       3
  -0.91053978260159467E-004       1       2       3       3       3       3
  -0.17387137609900737E-004       1       2       3       3       4       4
  -0.17387137609900747E-004       1       2       3       3       5       5
  -0.17387137609900723E-004       1       2       3       4       3       4
  -0.56275089661378561E-004       1       2       3       4       4       3
  -0.17387137609900747E-004       1       2       3       5       3       5
  -0.56275089661378595E-004       1       2       3       5       5       3
  -0.24151185541719262E-002       1       2       4       1       2       4
   0.19689401964566281E-003       1       2       4       2       2       4
  -0.56275089661378561E-004       1       2       4       3       3       4
  -0.91053978260159521E-004       1       2       4       4       4       4
  -0.17387137609900744E-004       1       2       4       4       5       5
  -0.17387137609900750E-004       1       2       4       5       4       5
  -0.56275089661378608E-004       1       2       4       5       5       4
  -0.24151185541719244E-002       1       2       5       1       2       5
   0.19689401964566259E-003       1       2       5       2       2       5
  -0.56275089661378581E-004       1       2       5       3       3       5
  -0.56275089661378554E-004       1       2       5       4       4       5
  -0.91053978260159494E-004       1       2       5       5       5       5
  -0.24026763633258107E-002       1       3       3       1       3       3
   0.11008981835364530E-003       1       3       3       1       4       4
   0.11008981835364522E-003       1       3       3       1       5       5
   0.19472079205478581E-003       1       3       3       2       3       3
  -0.20057627138708824E-004       1       3       3       2       4       4
  -0.20057627138708811E-004       1       3       3       2       5       5
  -0.26229298116804620E-002       1       3       4       1       3       4
   0.23484834838258405E-003       1       3       4       2       3       4
  -0.26229298116804628E-002       1       3       5       1       3       5
   0.23484834838258394E-003       1       3       5       2       3       5
  -0.24026763633258116E-002       1       4       4       1       4       4
   0.11008981835364518E-003       1       4       4       1       5       5
   0.19472079205478553E-003       1       4       4       2       4       4
  -0.20057627138708807E-004       1       4       4       2       5       5
  -0.26229298116804654E-002       1       4       5       1       4       5
   0.23484834838258408E-003       1       4       5       2       4       5
  -0.24026763633258129E-002       1       5       5       1       5       5
   0.19472079205478551E-003       1       5       5       2       5       5
  -0.99634399545152829E-003       2       2       2       2       2       2
  -0.21239807654003414E-003       2       2       2       2       3       3
  -0.21239807654003438E-003       2       2       2       2       4       4
  -0.21239807654003422E-003       2       2       2       2       5       5
  -0.10035114901561705E-002       2       2       3       2       2       3
  -0.37369778611100169E-003       2       2       3       3       3       3
  -0.11342670371540815E-003       2       2       3       3       4       4
  -0.11342670371540825E-003       2       2       3       3       5       5
  -0.14679356711494739E-003       2       2       3       4       4       3
  -0.14679356711494736E-003       2       2       3       5       5       3
  -0.10035114901561703E-002       2       2       4       2       2       4
  -0.14679356711494749E-003       2       2       4       3       3       4
  -0.37369778611100174E-003       2       2       4       4       4       4
  -0.11342670371540819E-003       2       2       4       4       5       5
  -0.14679356711494739E-003       2       2       4       5       5       4
  -0.10035114901561703E-002       2       2       5       2       2       5
  -0.14679356711494752E-003       2       2       5       3       3       5
  -0.14679356711494755E-003       2       2       5       4       4       5
  -0.37369778611100180E-003       2       2       5       5       5       5
  -0.10807194593402379E-002       2       3       3       2       3       3
  -0.54112703821059864E-004       2       3       3       2       4       4
  -0.54112703821059810E-004       2       3       3       2       5       5
  -0.97242810775203354E-003       2       3       4       2       3       4
  -0.97242810775203343E-003       2       3       5       2       3       5
  -0.10807194593402379E-002       2       4       4       2       4       4
  -0.54112703821059830E-004       2       4       4       2       5       5
  -0.97242810775203387E-003       2       4       5       2       4       5
  -0.10807194593402379E-002       2       5       5       2       5       5
  -0.12835923466218892E-002       3       3       3       3       3       3
  -0.76360790440171603E-004       3       3       3       3       4       4
  -0.76360790440171630E-004       3       3       3       3       5       5
  -0.97798454271763374E-003       3       3       4       3       3       4
  -0.76360790440171522E-004       3       3       4       4       4       4
  -0.36519880809656305E-004       3       3       4       4       5       5
  -0.32788527919854208E-005       3       3       4       5       5       4
  -0.97798454271763331E-003       3       3       5       3       3       5
  -0.32788527919853848E-005       3       3       5       4       4       5
  -0.76360790440171616E-004       3       3       5       5       5       5
  -0.97798454271763374E-003       3       4       4       3       4       4
  -0.32788527919854072E-005       3       4       4       3       5       5
  -0.97140677196541430E-003       3       4       5       3       4       5
  -0.97798454271763374E-003       3       5       5       3       5       5
  -0.12835923466218892E-002       4       4       4       4       4       4
  -0.76360790440171576E-004       4       4       4       4       5       5
  -0.97798454271763331E-003       4       4       5       4       4       5
  -0.76360790440171603E-004       4       4       5       5       5       5
  -0.97798454271763352E-003       4       5       5       4       5       5
  -0.12835923466218888E-002       5       5       5       5       5       5
