           5
  -0.28565214270671397E-001       1       1       1       1       1       1
   0.45741739730194055E-002       1       1       1       1       1       2
  -0.87427924817490049E-003       1       1       1       1       2       2
  -0.13513912312013686E-004       1       1       1       1       3       3
  -0.13513912312013504E-004       1       1       1       1       4       4
  -0.13513912312013342E-004       1       1       1       1       5       5
   0.18450366653816275E-003       1       1       1       2       2       2
  -0.77108194979643350E-005       1       1       1       2       3       3
  -0.77108194979643418E-005       1       1       1       2       4       4
  -0.77108194979643434E-005       1       1       1       2       5       5
   0.89007207969986053E-003       1       1       2       1       1       2
  -0.70442214825560681E-003       1       1       2       1       2       2
   0.85885719089875192E-004       1       1       2       1       3       3
   0.85885719089875490E-004       1       1       2       1       4       4
   0.85885719089875449E-004       1       1       2       1       5       5
   0.16930921136183290E-003       1       1       2       2       2       2
  -0.31907392999826385E-004       1       1       2       2       3       3
  -0.31907392999826446E-004       1       1       2       2       4       4
  -0.31907392999826453E-004       1       1       2       2       5       5
  -0.37671846799466782E-004       1       1       2       3       3       2
  -0.37671846799466755E-004       1       1       2       4       4       2
  -0.37671846799466768E-004       1       1       2       5       5       2
   0.10323076451964925E-002       1       1       3       1       1       3
  -0.75918173167708615E-003       1       1       3       1       2       3
   0.18642024854792659E-003       1       1       3       2       2       3
  -0.50710256238328902E-004       1       1       3       3       3       3
  -0.80903667570854005E-005       1       1       3       3       4       4
  -0.80903667570853971E-005       1       1       3       3       5       5
  -0.34527016874126658E-004       1       1       3       4       4       3
  -0.34527016874126679E-004       1       1       3       5       5       3
   0.10323076451964890E-002       1       1       4       1       1       4
  -0.75918173167708659E-003       1       1       4       1       2       4
   0.18642024854792651E-003       1       1       4       2       2       4
  -0.34527016874126652E-004       1       1       4       3       3       4
  -0.50710256238328889E-004       1       1       4       4       4       4
  -0.80903667570854022E-005       1       1       4       4       5       5
  -0.34527016874126658E-004       1       1       4       5       5       4
   0.10323076451964866E-002       1       1       5       1       1       5
  -0.75918173167708659E-003       1       1       5       1       2       5
   0.18642024854792651E-003       1       1       5       2       2       5
  -0.34527016874126679E-004       1       1       5       3       3       5
  -0.34527016874126665E-004       1       1       5       4       4       5
  -0.50710256238328821E-004       1       1       5       5       5       5
  -0.22776042294790325E-002       1       2       2       1       2       2
   0.19412190253418786E-004       1       2       2       1       3       3
   0.19412190253418857E-004       1       2       2       1       4       4
   0.19412190253418715E-004       1       2       2       1       5       5
   0.17754184967868998E-003       1       2       2       2       2       2
  -0.51841735292626503E-004       1       2       2       2       3       3
  -0.51841735292626503E-004       1       2       2       2       4       4
  -0.51841735292626489E-004       1       2       2       2       5       5
  -0.62323661906956945E-004       1       2       2       3       2       3
  -0.62323661906956917E-004       1       2       2       4       2       4
  -0.62323661906956958E-004       1       2       2       5       2       5
  -0.24067929287897132E-002       1       2       3       1       2       3
   0.19919828461742244E-003       1       2       3       2       2       3
  -0.90724663117140131E-004       1       2       3       3       3       3
  -0.17162285924026188E-004       1       2       3       3       4       4
  -0.17162285924026191E-004       1       2       3       3       5       5
  -0.17162285924026191E-004       1       2       3       4       3       4
  -0.56395538144381777E-004       1       2       3       4       4       3
  -0.17162285924026205E-004       1       2       3       5       3       5
  -0.56395538144381756E-004       1       2       3       5       5       3
  -0.24067929287897114E-002       1       2       4       1       2       4
   0.19919828461742271E-003       1       2       4       2       2       4
  -0.56395538144381783E-004       1       2       4       3       3       4
  -0.90724663117140036E-004       1       2       4       4       4       4
  -0.17162285924026205E-004       1       2       4       4       5       5
  -0.17162285924026212E-004       1       2       4       5       4       5
  -0.56395538144381810E-004       1       2       4       5       5       4
  -0.24067929287897114E-002       1       2       5       1       2       5
   0.19919828461742277E-003       1       2       5       2       2       5
  -0.56395538144381777E-004       1       2       5       3       3       5
  -0.56395538144381783E-004       1       2       5       4       4       5
  -0.90724663117140118E-004       1       2       5       5       5       5
  -0.23931213975921196E-002       1       3       3       1       3       3
   0.11317200114836211E-003       1       3       3       1       4       4
   0.11317200114836239E-003       1       3       3       1       5       5
   0.19745565941256684E-003       1       3       3       2       3       3
  -0.19940136549105399E-004       1       3       3       2       4       4
  -0.19940136549105396E-004       1       3       3       2       5       5
  -0.26195404566012196E-002       1       3       4       1       3       4
   0.23734816972604303E-003       1       3       4       2       3       4
  -0.26195404566012204E-002       1       3       5       1       3       5
   0.23734816972604324E-003       1       3       5       2       3       5
  -0.23931213975921174E-002       1       4       4       1       4       4
   0.11317200114836239E-003       1       4       4       1       5       5
   0.19745565941256717E-003       1       4       4       2       4       4
  -0.19940136549105389E-004       1       4       4       2       5       5
  -0.26195404566012209E-002       1       4       5       1       4       5
   0.23734816972604297E-003       1       4       5       2       4       5
  -0.23931213975921140E-002       1       5       5       1       5       5
   0.19745565941256703E-003       1       5       5       2       5       5
  -0.96439308370755675E-003       2       2       2       2       2       2
  -0.21148927316153740E-003       2       2       2       2       3       3
  -0.21148927316153753E-003       2       2       2       2       4       4
  -0.21148927316153751E-003       2       2       2       2       5       5
  -0.97209556958939591E-003       2       2       3       2       2       3
  -0.37216883902519142E-003       2       2       3       3       3       3
  -0.11317436263118520E-003       2       2       3       3       4       4
  -0.11317436263118513E-003       2       2       3       3       5       5
  -0.14576927666430222E-003       2       2       3       4       4       3
  -0.14576927666430238E-003       2       2       3       5       5       3
  -0.97209556958939580E-003       2       2       4       2       2       4
  -0.14576927666430244E-003       2       2       4       3       3       4
  -0.37216883902519164E-003       2       2       4       4       4       4
  -0.11317436263118516E-003       2       2       4       4       5       5
  -0.14576927666430254E-003       2       2       4       5       5       4
  -0.97209556958939591E-003       2       2       5       2       2       5
  -0.14576927666430249E-003       2       2       5       3       3       5
  -0.14576927666430225E-003       2       2       5       4       4       5
  -0.37216883902519180E-003       2       2       5       5       5       5
  -0.10469467556855233E-002       2       3       3       2       3       3
  -0.51910053225652262E-004       2       3       3       2       4       4
  -0.51910053225652194E-004       2       3       3       2       5       5
  -0.94306220412116728E-003       2       3       4       2       3       4
  -0.94306220412116760E-003       2       3       5       2       3       5
  -0.10469467556855230E-002       2       4       4       2       4       4
  -0.51910053225652146E-004       2       4       4       2       5       5
  -0.94306220412116728E-003       2       4       5       2       4       5
  -0.10469467556855228E-002       2       5       5       2       5       5
  -0.12431189544366461E-002       3       3       3       3       3       3
  -0.73684951264595247E-004       3       3       3       3       4       4
  -0.73684951264595193E-004       3       3       3       3       5       5
  -0.94821795574149897E-003       3       3       4       3       3       4
  -0.73684951264595233E-004       3       3       4       4       4       4
  -0.36009060068700401E-004       3       3       4       4       5       5
  -0.16247930497611429E-005       3       3       4       5       5       4
  -0.94821795574149886E-003       3       3       5       3       3       5
  -0.16247930497612965E-005       3       3       5       4       4       5
  -0.73684951264595193E-004       3       3       5       5       5       5
  -0.94821795574149897E-003       3       4       4       3       4       4
  -0.16247930497610978E-005       3       4       4       3       5       5
  -0.94494939426847946E-003       3       4       5       3       4       5
  -0.94821795574149810E-003       3       5       5       3       5       5
  -0.12431189544366466E-002       4       4       4       4       4       4
  -0.73684951264595193E-004       4       4       4       4       5       5
  -0.94821795574149897E-003       4       4       5       4       4       5
  -0.73684951264595206E-004       4       4       5       5       5       5
  -0.94821795574149799E-003       4       5       5       4       5       5
  -0.12431189544366453E-002       5       5       5       5       5       5
