           5
  -0.28822036264429016E-001       1       1       1       1       1       1
   0.46294796099714689E-002       1       1       1       1       1       2
  -0.88527195438705113E-003       1       1       1       1       2       2
  -0.12821077947602067E-004       1       1       1       1       3       3
  -0.12821077947602067E-004       1       1       1       1       4       4
  -0.12821077947602249E-004       1       1       1       1       5       5
   0.18664657214279105E-003       1       1       1       2       2       2
  -0.77152457294324582E-005       1       1       1       2       3       3
  -0.77152457294324379E-005       1       1       1       2       4       4
  -0.77152457294324548E-005       1       1       1       2       5       5
   0.93225954900066443E-003       1       1       2       1       1       2
  -0.71418447474186093E-003       1       1       2       1       2       2
   0.85999390727554059E-004       1       1       2       1       3       3
   0.85999390727554235E-004       1       1       2       1       4       4
   0.85999390727554493E-004       1       1       2       1       5       5
   0.17122817450942177E-003       1       1       2       2       2       2
  -0.31826932062913412E-004       1       1       2       2       3       3
  -0.31826932062913378E-004       1       1       2       2       4       4
  -0.31826932062913439E-004       1       1       2       2       5       5
  -0.37481546064167004E-004       1       1       2       3       3       2
  -0.37481546064167004E-004       1       1       2       4       4       2
  -0.37481546064166990E-004       1       1       2       5       5       2
   0.10807182686453861E-002       1       1       3       1       1       3
  -0.76973538958096180E-003       1       1       3       1       2       3
   0.18847548903250027E-003       1       1       3       2       2       3
  -0.50183254249807504E-004       1       1       3       3       3       3
  -0.78658081241157585E-005       1       1       3       3       4       4
  -0.78658081241157585E-005       1       1       3       3       5       5
  -0.34449192947714380E-004       1       1       3       4       4       3
  -0.34449192947714360E-004       1       1       3       5       5       3
   0.10807182686453855E-002       1       1       4       1       1       4
  -0.76973538958096115E-003       1       1       4       1       2       4
   0.18847548903250011E-003       1       1       4       2       2       4
  -0.34449192947714360E-004       1       1       4       3       3       4
  -0.50183254249807477E-004       1       1       4       4       4       4
  -0.78658081241157618E-005       1       1       4       4       5       5
  -0.34449192947714353E-004       1       1       4       5       5       4
   0.10807182686453792E-002       1       1       5       1       1       5
  -0.76973538958096093E-003       1       1       5       1       2       5
   0.18847548903249995E-003       1       1       5       2       2       5
  -0.34449192947714360E-004       1       1       5       3       3       5
  -0.34449192947714380E-004       1       1       5       4       4       5
  -0.50183254249807450E-004       1       1       5       5       5       5
  -0.22782310967975326E-002       1       2       2       1       2       2
   0.17681819283734498E-004       1       2       2       1       3       3
   0.17681819283734790E-004       1       2       2       1       4       4
   0.17681819283734824E-004       1       2       2       1       5       5
   0.17875110518061487E-003       1       2       2       2       2       2
  -0.51175798949787998E-004       1       2       2       2       3       3
  -0.51175798949788018E-004       1       2       2       2       4       4
  -0.51175798949788066E-004       1       2       2       2       5       5
  -0.61652054409470593E-004       1       2       2       3       2       3
  -0.61652054409470566E-004       1       2       2       4       2       4
  -0.61652054409470539E-004       1       2       2       5       2       5
  -0.24093092490167912E-002       1       2       3       1       2       3
   0.20057550062612252E-003       1       2       3       2       2       3
  -0.89451836149984478E-004       1       2       3       3       3       3
  -0.16711172261412962E-004       1       2       3       3       4       4
  -0.16711172261412982E-004       1       2       3       3       5       5
  -0.16711172261412962E-004       1       2       3       4       3       4
  -0.56025050457300013E-004       1       2       3       4       4       3
  -0.16711172261412958E-004       1       2       3       5       3       5
  -0.56025050457300020E-004       1       2       3       5       5       3
  -0.24093092490167908E-002       1       2       4       1       2       4
   0.20057550062612233E-003       1       2       4       2       2       4
  -0.56025050457300034E-004       1       2       4       3       3       4
  -0.89451836149984532E-004       1       2       4       4       4       4
  -0.16711172261412965E-004       1       2       4       4       5       5
  -0.16711172261412962E-004       1       2       4       5       4       5
  -0.56025050457300061E-004       1       2       4       5       5       4
  -0.24093092490167908E-002       1       2       5       1       2       5
   0.20057550062612225E-003       1       2       5       2       2       5
  -0.56025050457300034E-004       1       2       5       3       3       5
  -0.56025050457300074E-004       1       2       5       4       4       5
  -0.89451836149984532E-004       1       2       5       5       5       5
  -0.24052338486175990E-002       1       3       3       1       3       3
   0.10723218820675779E-003       1       3       3       1       4       4
   0.10723218820675772E-003       1       3       3       1       5       5
   0.19974474614632072E-003       1       3       3       2       3       3
  -0.19380673345579863E-004       1       3       3       2       4       4
  -0.19380673345579856E-004       1       3       3       2       5       5
  -0.26197713386824500E-002       1       3       4       1       3       4
   0.23851809223431240E-003       1       3       4       2       3       4
  -0.26197713386824474E-002       1       3       5       1       3       5
   0.23851809223431254E-003       1       3       5       2       3       5
  -0.24052338486175977E-002       1       4       4       1       4       4
   0.10723218820675763E-003       1       4       4       1       5       5
   0.19974474614632039E-003       1       4       4       2       4       4
  -0.19380673345579852E-004       1       4       4       2       5       5
  -0.26197713386824457E-002       1       4       5       1       4       5
   0.23851809223431264E-003       1       4       5       2       4       5
  -0.24052338486175986E-002       1       5       5       1       5       5
   0.19974474614632020E-003       1       5       5       2       5       5
  -0.94759917196953402E-003       2       2       2       2       2       2
  -0.20690958863325330E-003       2       2       2       2       3       3
  -0.20690958863325330E-003       2       2       2       2       4       4
  -0.20690958863325316E-003       2       2       2       2       5       5
  -0.95603588725063152E-003       2       2       3       2       2       3
  -0.36448865660528826E-003       2       2       3       3       3       3
  -0.11074616212153636E-003       2       2       3       3       4       4
  -0.11074616212153636E-003       2       2       3       3       5       5
  -0.14294751010085683E-003       2       2       3       4       4       3
  -0.14294751010085669E-003       2       2       3       5       5       3
  -0.95603588725063119E-003       2       2       4       2       2       4
  -0.14294751010085688E-003       2       2       4       3       3       4
  -0.36448865660528842E-003       2       2       4       4       4       4
  -0.11074616212153642E-003       2       2       4       4       5       5
  -0.14294751010085683E-003       2       2       4       5       5       4
  -0.95603588725063087E-003       2       2       5       2       2       5
  -0.14294751010085688E-003       2       2       5       3       3       5
  -0.14294751010085680E-003       2       2       5       4       4       5
  -0.36448865660528810E-003       2       2       5       5       5       5
  -0.10302807794292201E-002       2       3       3       2       3       3
  -0.50904967672074847E-004       2       3       3       2       4       4
  -0.50904967672074935E-004       2       3       3       2       5       5
  -0.92840779847676573E-003       2       3       4       2       3       4
  -0.92840779847676541E-003       2       3       5       2       3       5
  -0.10302807794292203E-002       2       4       4       2       4       4
  -0.50904967672074929E-004       2       4       4       2       5       5
  -0.92840779847676530E-003       2       4       5       2       4       5
  -0.10302807794292201E-002       2       5       5       2       5       5
  -0.12235866908808760E-002       3       3       3       3       3       3
  -0.72217910829968607E-004       3       3       3       3       4       4
  -0.72217910829968675E-004       3       3       3       3       5       5
  -0.93455696007700847E-003       3       3       4       3       3       4
  -0.72217910829968526E-004       3       3       4       4       4       4
  -0.34946967995831170E-004       3       3       4       4       5       5
  -0.22824520505241907E-005       3       3       4       5       5       4
  -0.93455696007700847E-003       3       3       5       3       3       5
  -0.22824520505241458E-005       3       3       5       4       4       5
  -0.72217910829968594E-004       3       3       5       5       5       5
  -0.93455696007700858E-003       3       4       4       3       4       4
  -0.22824520505242042E-005       3       4       4       3       5       5
  -0.92997376961048901E-003       3       4       5       3       4       5
  -0.93455696007700847E-003       3       5       5       3       5       5
  -0.12235866908808768E-002       4       4       4       4       4       4
  -0.72217910829968648E-004       4       4       4       4       5       5
  -0.93455696007700847E-003       4       4       5       4       4       5
  -0.72217910829968675E-004       4       4       5       5       5       5
  -0.93455696007700814E-003       4       5       5       4       5       5
  -0.12235866908808760E-002       5       5       5       5       5       5
