           5
  -0.28007052224546920E-001       1       1       1       1       1       1
   0.44765250092497696E-002       1       1       1       1       1       2
  -0.85583393733452496E-003       1       1       1       1       2       2
  -0.14064379828142201E-004       1       1       1       1       3       3
  -0.14064379828142364E-004       1       1       1       1       4       4
  -0.14064379828142437E-004       1       1       1       1       5       5
   0.18078709807001835E-003       1       1       1       2       2       2
  -0.76008051831105446E-005       1       1       1       2       3       3
  -0.76008051831105200E-005       1       1       1       2       4       4
  -0.76008051831105242E-005       1       1       1       2       5       5
   0.82028894122257792E-003       1       1       2       1       1       2
  -0.69291263962636236E-003       1       1       2       1       2       2
   0.83335594142262503E-004       1       1       2       1       3       3
   0.83335594142262679E-004       1       1       2       1       4       4
   0.83335594142262110E-004       1       1       2       1       5       5
   0.16686345339191264E-003       1       1       2       2       2       2
  -0.31665498354537503E-004       1       1       2       2       3       3
  -0.31665498354537449E-004       1       1       2       2       4       4
  -0.31665498354537436E-004       1       1       2       2       5       5
  -0.37629865687561398E-004       1       1       2       3       3       2
  -0.37629865687561452E-004       1       1       2       4       4       2
  -0.37629865687561432E-004       1       1       2       5       5       2
   0.95946082206607372E-003       1       1       3       1       1       3
  -0.74634684798321658E-003       1       1       3       1       2       3
   0.18362009967550294E-003       1       1       3       2       2       3
  -0.50793246775395555E-004       1       1       3       3       3       3
  -0.81934060658452055E-005       1       1       3       3       4       4
  -0.81934060658452038E-005       1       1       3       3       5       5
  -0.34403904500732738E-004       1       1       3       4       4       3
  -0.34403904500732731E-004       1       1       3       5       5       3
   0.95946082206607253E-003       1       1       4       1       1       4
  -0.74634684798321647E-003       1       1       4       1       2       4
   0.18362009967550288E-003       1       1       4       2       2       4
  -0.34403904500732745E-004       1       1       4       3       3       4
  -0.50793246775395548E-004       1       1       4       4       4       4
  -0.81934060658452089E-005       1       1       4       4       5       5
  -0.34403904500732724E-004       1       1       4       5       5       4
   0.95946082206606266E-003       1       1       5       1       1       5
  -0.74634684798321734E-003       1       1       5       1       2       5
   0.18362009967550280E-003       1       1       5       2       2       5
  -0.34403904500732751E-004       1       1       5       3       3       5
  -0.34403904500732751E-004       1       1       5       4       4       5
  -0.50793246775395548E-004       1       1       5       5       5       5
  -0.22823158319414975E-002       1       2       2       1       2       2
   0.17067311233533687E-004       1       2       2       1       3       3
   0.17067311233533108E-004       1       2       2       1       4       4
   0.17067311233533396E-004       1       2       2       1       5       5
   0.17616866599441523E-003       1       2       2       2       2       2
  -0.51522801145708508E-004       1       2       2       2       3       3
  -0.51522801145708536E-004       1       2       2       2       4       4
  -0.51522801145708597E-004       1       2       2       2       5       5
  -0.62055807085385003E-004       1       2       2       3       2       3
  -0.62055807085385057E-004       1       2       2       4       2       4
  -0.62055807085385057E-004       1       2       2       5       2       5
  -0.24104452663213346E-002       1       2       3       1       2       3
   0.19752320117509423E-003       1       2       3       2       2       3
  -0.90859555257943430E-004       1       2       3       3       3       3
  -0.17395416418382725E-004       1       2       3       3       4       4
  -0.17395416418382759E-004       1       2       3       3       5       5
  -0.17395416418382736E-004       1       2       3       4       3       4
  -0.56064113736537059E-004       1       2       3       4       4       3
  -0.17395416418382739E-004       1       2       3       5       3       5
  -0.56064113736537052E-004       1       2       3       5       5       3
  -0.24104452663213328E-002       1       2       4       1       2       4
   0.19752320117509407E-003       1       2       4       2       2       4
  -0.56064113736536977E-004       1       2       4       3       3       4
  -0.90859555257943457E-004       1       2       4       4       4       4
  -0.17395416418382753E-004       1       2       4       4       5       5
  -0.17395416418382729E-004       1       2       4       5       4       5
  -0.56064113736537045E-004       1       2       4       5       5       4
  -0.24104452663213324E-002       1       2       5       1       2       5
   0.19752320117509401E-003       1       2       5       2       2       5
  -0.56064113736537004E-004       1       2       5       3       3       5
  -0.56064113736537025E-004       1       2       5       4       4       5
  -0.90859555257943511E-004       1       2       5       5       5       5
  -0.23967882013871296E-002       1       3       3       1       3       3
   0.11207488149700164E-003       1       3       3       1       4       4
   0.11207488149700138E-003       1       3       3       1       5       5
   0.19539497542220882E-003       1       3       3       2       3       3
  -0.19955940030852212E-004       1       3       3       2       4       4
  -0.19955940030852192E-004       1       3       3       2       5       5
  -0.26210122180817482E-002       1       3       4       1       3       4
   0.23531906114821654E-003       1       3       4       2       3       4
  -0.26210122180817482E-002       1       3       5       1       3       5
   0.23531906114821643E-003       1       3       5       2       3       5
  -0.23967882013871318E-002       1       4       4       1       4       4
   0.11207488149700142E-003       1       4       4       1       5       5
   0.19539497542220898E-003       1       4       4       2       4       4
  -0.19955940030852192E-004       1       4       4       2       5       5
  -0.26210122180817478E-002       1       4       5       1       4       5
   0.23531906114821629E-003       1       4       5       2       4       5
  -0.23967882013871309E-002       1       5       5       1       5       5
   0.19539497542220874E-003       1       5       5       2       5       5
  -0.96624787019440259E-003       2       2       2       2       2       2
  -0.20713091953755729E-003       2       2       2       2       3       3
  -0.20713091953755735E-003       2       2       2       2       4       4
  -0.20713091953755716E-003       2       2       2       2       5       5
  -0.97492263951865388E-003       2       2       3       2       2       3
  -0.36917356829885680E-003       2       2       3       3       3       3
  -0.11392949426555787E-003       2       2       3       3       4       4
  -0.11392949426555795E-003       2       2       3       3       5       5
  -0.14126303783221995E-003       2       2       3       4       4       3
  -0.14126303783221973E-003       2       2       3       5       5       3
  -0.97492263951865464E-003       2       2       4       2       2       4
  -0.14126303783221976E-003       2       2       4       3       3       4
  -0.36917356829885658E-003       2       2       4       4       4       4
  -0.11392949426555799E-003       2       2       4       4       5       5
  -0.14126303783221965E-003       2       2       4       5       5       4
  -0.97492263951865432E-003       2       2       5       2       2       5
  -0.14126303783221976E-003       2       2       5       3       3       5
  -0.14126303783221984E-003       2       2       5       4       4       5
  -0.36917356829885653E-003       2       2       5       5       5       5
  -0.10506227985366628E-002       2       3       3       2       3       3
  -0.51815617089460786E-004       2       3       3       2       4       4
  -0.51815617089460956E-004       2       3       3       2       5       5
  -0.94692733693945070E-003       2       3       4       2       3       4
  -0.94692733693945048E-003       2       3       5       2       3       5
  -0.10506227985366628E-002       2       4       4       2       4       4
  -0.51815617089460983E-004       2       4       4       2       5       5
  -0.94692733693945059E-003       2       4       5       2       4       5
  -0.10506227985366632E-002       2       5       5       2       5       5
  -0.12492085128765747E-002       3       3       3       3       3       3
  -0.74170720831458897E-004       3       3       3       3       4       4
  -0.74170720831459060E-004       3       3       3       3       5       5
  -0.95236466593130818E-003       3       3       4       3       3       4
  -0.74170720831458951E-004       3       3       4       4       4       4
  -0.36724449653045873E-004       3       3       4       4       5       5
  -0.67977743924736755E-006       3       3       4       5       5       4
  -0.95236466593130872E-003       3       3       5       3       3       5
  -0.67977743924722302E-006       3       3       5       4       4       5
  -0.74170720831459087E-004       3       3       5       5       5       5
  -0.95236466593130785E-003       3       4       4       3       4       4
  -0.67977743924739920E-006       3       4       4       3       5       5
  -0.95098636449510274E-003       3       4       5       3       4       5
  -0.95236466593130818E-003       3       5       5       3       5       5
  -0.12492085128765740E-002       4       4       4       4       4       4
  -0.74170720831459060E-004       4       4       4       4       5       5
  -0.95236466593130818E-003       4       4       5       4       4       5
  -0.74170720831459073E-004       4       4       5       5       5       5
  -0.95236466593130785E-003       4       5       5       4       5       5
  -0.12492085128765738E-002       5       5       5       5       5       5
