           5
  -0.28848481280827568E-001       1       1       1       1       1       1
   0.46457696466913438E-002       1       1       1       1       1       2
  -0.89089586386148468E-003       1       1       1       1       2       2
  -0.12408193510670209E-004       1       1       1       1       3       3
  -0.12408193510670191E-004       1       1       1       1       4       4
  -0.12408193510670318E-004       1       1       1       1       5       5
   0.18814899188012677E-003       1       1       1       2       2       2
  -0.79427446755295952E-005       1       1       1       2       3       3
  -0.79427446755295427E-005       1       1       1       2       4       4
  -0.79427446755295546E-005       1       1       1       2       5       5
   0.93304055768483538E-003       1       1       2       1       1       2
  -0.71683900888575903E-003       1       1       2       1       2       2
   0.87030611694479152E-004       1       1       2       1       3       3
   0.87030611694479261E-004       1       1       2       1       4       4
   0.87030611694479301E-004       1       1       2       1       5       5
   0.17176270612135879E-003       1       1       2       2       2       2
  -0.32184752453767035E-004       1       1       2       2       3       3
  -0.32184752453766926E-004       1       1       2       2       4       4
  -0.32184752453766960E-004       1       1       2       2       5       5
  -0.37799338633455094E-004       1       1       2       3       3       2
  -0.37799338633455046E-004       1       1       2       4       4       2
  -0.37799338633455080E-004       1       1       2       5       5       2
   0.10881009610038052E-002       1       1       3       1       1       3
  -0.77392562210055072E-003       1       1       3       1       2       3
   0.18933429487125956E-003       1       1       3       2       2       3
  -0.50794511856960336E-004       1       1       3       3       3       3
  -0.80371794094080599E-005       1       1       3       3       4       4
  -0.80371794094080633E-005       1       1       3       3       5       5
  -0.34717656890344928E-004       1       1       3       4       4       3
  -0.34717656890344921E-004       1       1       3       5       5       3
   0.10881009610038035E-002       1       1       4       1       1       4
  -0.77392562210055126E-003       1       1       4       1       2       4
   0.18933429487125937E-003       1       1       4       2       2       4
  -0.34717656890344880E-004       1       1       4       3       3       4
  -0.50794511856960390E-004       1       1       4       4       4       4
  -0.80371794094080650E-005       1       1       4       4       5       5
  -0.34717656890344880E-004       1       1       4       5       5       4
   0.10881009610037924E-002       1       1       5       1       1       5
  -0.77392562210055072E-003       1       1       5       1       2       5
   0.18933429487125926E-003       1       1       5       2       2       5
  -0.34717656890344867E-004       1       1       5       3       3       5
  -0.34717656890344887E-004       1       1       5       4       4       5
  -0.50794511856960383E-004       1       1       5       5       5       5
  -0.22947851080249351E-002       1       2       2       1       2       2
   0.18832357803305307E-004       1       2       2       1       3       3
   0.18832357803304836E-004       1       2       2       1       4       4
   0.18832357803305524E-004       1       2       2       1       5       5
   0.17884483916689241E-003       1       2       2       2       2       2
  -0.51857551455639496E-004       1       2       2       2       3       3
  -0.51857551455639564E-004       1       2       2       2       4       4
  -0.51857551455639618E-004       1       2       2       2       5       5
  -0.62363610084332932E-004       1       2       2       3       2       3
  -0.62363610084333014E-004       1       2       2       4       2       4
  -0.62363610084332973E-004       1       2       2       5       2       5
  -0.24259266599250384E-002       1       2       3       1       2       3
   0.20074122399176719E-003       1       2       3       2       2       3
  -0.90701754442173906E-004       1       2       3       3       3       3
  -0.17073502832765145E-004       1       2       3       3       4       4
  -0.17073502832765125E-004       1       2       3       3       5       5
  -0.17073502832765145E-004       1       2       3       4       3       4
  -0.56550195077486668E-004       1       2       3       4       4       3
  -0.17073502832765142E-004       1       2       3       5       3       5
  -0.56550195077486688E-004       1       2       3       5       5       3
  -0.24259266599250392E-002       1       2       4       1       2       4
   0.20074122399176735E-003       1       2       4       2       2       4
  -0.56550195077486654E-004       1       2       4       3       3       4
  -0.90701754442173879E-004       1       2       4       4       4       4
  -0.17073502832765108E-004       1       2       4       4       5       5
  -0.17073502832765128E-004       1       2       4       5       4       5
  -0.56550195077486668E-004       1       2       4       5       5       4
  -0.24259266599250401E-002       1       2       5       1       2       5
   0.20074122399176729E-003       1       2       5       2       2       5
  -0.56550195077486668E-004       1       2       5       3       3       5
  -0.56550195077486709E-004       1       2       5       4       4       5
  -0.90701754442173906E-004       1       2       5       5       5       5
  -0.24180696923024637E-002       1       3       3       1       3       3
   0.11034227559885943E-003       1       3       3       1       4       4
   0.11034227559885952E-003       1       3       3       1       5       5
   0.19968618322469816E-003       1       3       3       2       3       3
  -0.19638900479391723E-004       1       3       3       2       4       4
  -0.19638900479391726E-004       1       3       3       2       5       5
  -0.26388303249302997E-002       1       3       4       1       3       4
   0.23897616682491731E-003       1       3       4       2       3       4
  -0.26388303249302997E-002       1       3       5       1       3       5
   0.23897616682491712E-003       1       3       5       2       3       5
  -0.24180696923024629E-002       1       4       4       1       4       4
   0.11034227559885959E-003       1       4       4       1       5       5
   0.19968618322469808E-003       1       4       4       2       4       4
  -0.19638900479391737E-004       1       4       4       2       5       5
  -0.26388303249303005E-002       1       4       5       1       4       5
   0.23897616682491687E-003       1       4       5       2       4       5
  -0.24180696923024642E-002       1       5       5       1       5       5
   0.19968618322469797E-003       1       5       5       2       5       5
  -0.96577123840936628E-003       2       2       2       2       2       2
  -0.21130714205104008E-003       2       2       2       2       3       3
  -0.21130714205104014E-003       2       2       2       2       4       4
  -0.21130714205103989E-003       2       2       2       2       5       5
  -0.97402427619330324E-003       2       2       3       2       2       3
  -0.37175896971161821E-003       2       2       3       3       3       3
  -0.11295297171312466E-003       2       2       3       3       4       4
  -0.11295297171312466E-003       2       2       3       3       5       5
  -0.14580137169781636E-003       2       2       3       4       4       3
  -0.14580137169781612E-003       2       2       3       5       5       3
  -0.97402427619330270E-003       2       2       4       2       2       4
  -0.14580137169781628E-003       2       2       4       3       3       4
  -0.37175896971161811E-003       2       2       4       4       4       4
  -0.11295297171312472E-003       2       2       4       4       5       5
  -0.14580137169781628E-003       2       2       4       5       5       4
  -0.97402427619330237E-003       2       2       5       2       2       5
  -0.14580137169781639E-003       2       2       5       3       3       5
  -0.14580137169781650E-003       2       2       5       4       4       5
  -0.37175896971161816E-003       2       2       5       5       5       5
  -0.10483404895753978E-002       2       3       3       2       3       3
  -0.51110841548426150E-004       2       3       3       2       4       4
  -0.51110841548426082E-004       2       3       3       2       5       5
  -0.94605616330294573E-003       2       3       4       2       3       4
  -0.94605616330294541E-003       2       3       5       2       3       5
  -0.10483404895753981E-002       2       4       4       2       4       4
  -0.51110841548426136E-004       2       4       4       2       5       5
  -0.94605616330294530E-003       2       4       5       2       4       5
  -0.10483404895753972E-002       2       5       5       2       5       5
  -0.12424266618304230E-002       3       3       3       3       3       3
  -0.72655950896538865E-004       3       3       3       3       4       4
  -0.72655950896538893E-004       3       3       3       3       5       5
  -0.95164643702520726E-003       3       3       4       3       3       4
  -0.72655950896538838E-004       3       3       4       4       4       4
  -0.35480039696674176E-004       3       3       4       4       5       5
  -0.16547835463683624E-005       3       3       4       5       5       4
  -0.95164643702520693E-003       3       3       5       3       3       5
  -0.16547835463684122E-005       3       3       5       4       4       5
  -0.72655950896538811E-004       3       3       5       5       5       5
  -0.95164643702520726E-003       3       4       4       3       4       4
  -0.16547835463683353E-005       3       4       4       3       5       5
  -0.94831843051115632E-003       3       4       5       3       4       5
  -0.95164643702520661E-003       3       5       5       3       5       5
  -0.12424266618304238E-002       4       4       4       4       4       4
  -0.72655950896538906E-004       4       4       4       4       5       5
  -0.95164643702520661E-003       4       4       5       4       4       5
  -0.72655950896538865E-004       4       4       5       5       5       5
  -0.95164643702520617E-003       4       5       5       4       5       5
  -0.12424266618304238E-002       5       5       5       5       5       5
