           5
  -0.28205169515934665E-001       1       1       1       1       1       1
   0.45059110072400927E-002       1       1       1       1       1       2
  -0.86105465178290042E-003       1       1       1       1       2       2
  -0.12519464651110184E-004       1       1       1       1       3       3
  -0.12519464651109894E-004       1       1       1       1       4       4
  -0.12519464651109804E-004       1       1       1       1       5       5
   0.18192011461614041E-003       1       1       1       2       2       2
  -0.79042431044139875E-005       1       1       1       2       3       3
  -0.79042431044139638E-005       1       1       1       2       4       4
  -0.79042431044139706E-005       1       1       1       2       5       5
   0.83988790872566274E-003       1       1       2       1       1       2
  -0.69232241850619713E-003       1       1       2       1       2       2
   0.87970043753438480E-004       1       1       2       1       3       3
   0.87970043753438765E-004       1       1       2       1       4       4
   0.87970043753439172E-004       1       1       2       1       5       5
   0.16693719531311947E-003       1       1       2       2       2       2
  -0.32385322491060111E-004       1       1       2       2       3       3
  -0.32385322491060151E-004       1       1       2       2       4       4
  -0.32385322491060158E-004       1       1       2       2       5       5
  -0.37552838310547535E-004       1       1       2       3       3       2
  -0.37552838310547576E-004       1       1       2       4       4       2
  -0.37552838310547548E-004       1       1       2       5       5       2
   0.97766078862205935E-003       1       1       3       1       1       3
  -0.74628580735860690E-003       1       1       3       1       2       3
   0.18388475353059671E-003       1       1       3       2       2       3
  -0.50758941827937299E-004       1       1       3       3       3       3
  -0.81899180387524826E-005       1       1       3       3       4       4
  -0.81899180387524877E-005       1       1       3       3       5       5
  -0.34376561576806566E-004       1       1       3       4       4       3
  -0.34376561576806573E-004       1       1       3       5       5       3
   0.97766078862206174E-003       1       1       4       1       1       4
  -0.74628580735860647E-003       1       1       4       1       2       4
   0.18388475353059658E-003       1       1       4       2       2       4
  -0.34376561576806566E-004       1       1       4       3       3       4
  -0.50758941827937340E-004       1       1       4       4       4       4
  -0.81899180387524877E-005       1       1       4       4       5       5
  -0.34376561576806580E-004       1       1       4       5       5       4
   0.97766078862206217E-003       1       1       5       1       1       5
  -0.74628580735860647E-003       1       1       5       1       2       5
   0.18388475353059663E-003       1       1       5       2       2       5
  -0.34376561576806552E-004       1       1       5       3       3       5
  -0.34376561576806552E-004       1       1       5       4       4       5
  -0.50758941827937299E-004       1       1       5       5       5       5
  -0.22597649351400505E-002       1       2       2       1       2       2
   0.23847446382483220E-004       1       2       2       1       3       3
   0.23847446382483474E-004       1       2       2       1       4       4
   0.23847446382484054E-004       1       2       2       1       5       5
   0.17689220968050508E-003       1       2       2       2       2       2
  -0.52801815808316190E-004       1       2       2       2       3       3
  -0.52801815808316190E-004       1       2       2       2       4       4
  -0.52801815808316217E-004       1       2       2       2       5       5
  -0.62632707547621424E-004       1       2       2       3       2       3
  -0.62632707547621437E-004       1       2       2       4       2       4
  -0.62632707547621451E-004       1       2       2       5       2       5
  -0.23878154030133776E-002       1       2       3       1       2       3
   0.19827605796615767E-003       1       2       3       2       2       3
  -0.91479990886066879E-004       1       2       3       3       3       3
  -0.17445767876418422E-004       1       2       3       3       4       4
  -0.17445767876418402E-004       1       2       3       3       5       5
  -0.17445767876418412E-004       1       2       3       4       3       4
  -0.56583801934922666E-004       1       2       3       4       4       3
  -0.17445767876418409E-004       1       2       3       5       3       5
  -0.56583801934922666E-004       1       2       3       5       5       3
  -0.23878154030133776E-002       1       2       4       1       2       4
   0.19827605796615821E-003       1       2       4       2       2       4
  -0.56583801934922659E-004       1       2       4       3       3       4
  -0.91479990886066852E-004       1       2       4       4       4       4
  -0.17445767876418412E-004       1       2       4       4       5       5
  -0.17445767876418415E-004       1       2       4       5       4       5
  -0.56583801934922680E-004       1       2       4       5       5       4
  -0.23878154030133780E-002       1       2       5       1       2       5
   0.19827605796615810E-003       1       2       5       2       2       5
  -0.56583801934922666E-004       1       2       5       3       3       5
  -0.56583801934922686E-004       1       2       5       4       4       5
  -0.91479990886066852E-004       1       2       5       5       5       5
  -0.23765739457963756E-002       1       3       3       1       3       3
   0.11050333276571653E-003       1       3       3       1       4       4
   0.11050333276571667E-003       1       3       3       1       5       5
   0.19634016010288476E-003       1       3       3       2       3       3
  -0.19877708743280993E-004       1       3       3       2       4       4
  -0.19877708743280982E-004       1       3       3       2       5       5
  -0.25976549341000187E-002       1       3       4       1       3       4
   0.23610782847111904E-003       1       3       4       2       3       4
  -0.25976549341000183E-002       1       3       5       1       3       5
   0.23610782847111904E-003       1       3       5       2       3       5
  -0.23765739457963734E-002       1       4       4       1       4       4
   0.11050333276571660E-003       1       4       4       1       5       5
   0.19634016010288479E-003       1       4       4       2       4       4
  -0.19877708743280976E-004       1       4       4       2       5       5
  -0.25976549341000178E-002       1       4       5       1       4       5
   0.23610782847111923E-003       1       4       5       2       4       5
  -0.23765739457963717E-002       1       5       5       1       5       5
   0.19634016010288471E-003       1       5       5       2       5       5
  -0.94084236556691713E-003       2       2       2       2       2       2
  -0.21159785347380091E-003       2       2       2       2       3       3
  -0.21159785347380091E-003       2       2       2       2       4       4
  -0.21159785347380080E-003       2       2       2       2       5       5
  -0.94936196966148058E-003       2       2       3       2       2       3
  -0.37402610911841402E-003       2       2       3       3       3       3
  -0.11436646735738894E-003       2       2       3       3       4       4
  -0.11436646735738894E-003       2       2       3       3       5       5
  -0.14524126865553266E-003       2       2       3       4       4       3
  -0.14524126865553261E-003       2       2       3       5       5       3
  -0.94936196966148025E-003       2       2       4       2       2       4
  -0.14524126865553261E-003       2       2       4       3       3       4
  -0.37402610911841402E-003       2       2       4       4       4       4
  -0.11436646735738894E-003       2       2       4       4       5       5
  -0.14524126865553269E-003       2       2       4       5       5       4
  -0.94936196966148058E-003       2       2       5       2       2       5
  -0.14524126865553258E-003       2       2       5       3       3       5
  -0.14524126865553266E-003       2       2       5       4       4       5
  -0.37402610911841402E-003       2       2       5       5       5       5
  -0.10240686035560250E-002       2       3       3       2       3       3
  -0.51194798053278157E-004       2       3       3       2       4       4
  -0.51194798053278129E-004       2       3       3       2       5       5
  -0.92161553946172765E-003       2       3       4       2       3       4
  -0.92161553946172765E-003       2       3       5       2       3       5
  -0.10240686035560245E-002       2       4       4       2       4       4
  -0.51194798053278102E-004       2       4       4       2       5       5
  -0.92161553946172765E-003       2       4       5       2       4       5
  -0.10240686035560252E-002       2       5       5       2       5       5
  -0.12199476114594879E-002       3       3       3       3       3       3
  -0.73156784451169430E-004       3       3       3       3       4       4
  -0.73156784451169443E-004       3       3       3       3       5       5
  -0.92716189434079394E-003       3       3       4       3       3       4
  -0.73156784451169457E-004       3       3       4       4       4       4
  -0.35939793747483786E-004       3       3       4       4       5       5
  -0.12355865432109121E-005       3       3       4       5       5       4
  -0.92716189434079404E-003       3       3       5       3       3       5
  -0.12355865432109574E-005       3       3       5       4       4       5
  -0.73156784451169362E-004       3       3       5       5       5       5
  -0.92716189434079394E-003       3       4       4       3       4       4
  -0.12355865432109032E-005       3       4       4       3       5       5
  -0.92467163129321514E-003       3       4       5       3       4       5
  -0.92716189434079404E-003       3       5       5       3       5       5
  -0.12199476114594856E-002       4       4       4       4       4       4
  -0.73156784451169403E-004       4       4       4       4       5       5
  -0.92716189434079404E-003       4       4       5       4       4       5
  -0.73156784451169362E-004       4       4       5       5       5       5
  -0.92716189434079404E-003       4       5       5       4       5       5
  -0.12199476114594853E-002       5       5       5       5       5       5
