           5
  -0.28662228505186856E-001       1       1       1       1       1       1
   0.45308183938060466E-002       1       1       1       1       1       2
  -0.86509311967882809E-003       1       1       1       1       2       2
  -0.95930187926250585E-005       1       1       1       1       3       3
  -0.95930187926250771E-005       1       1       1       1       4       4
  -0.95930187926251127E-005       1       1       1       1       5       5
   0.18394490649484253E-003       1       1       1       2       2       2
  -0.84760011665713898E-005       1       1       1       2       3       3
  -0.84760011665713559E-005       1       1       1       2       4       4
  -0.84760011665713881E-005       1       1       1       2       5       5
   0.77577497377767581E-003       1       1       2       1       1       2
  -0.67238765033053268E-003       1       1       2       1       2       2
   0.94977587423896440E-004       1       1       2       1       3       3
   0.94977587423896413E-004       1       1       2       1       4       4
   0.94977587423896481E-004       1       1       2       1       5       5
   0.16448207176015739E-003       1       1       2       2       2       2
  -0.33214091200421595E-004       1       1       2       2       3       3
  -0.33214091200421622E-004       1       1       2       2       4       4
  -0.33214091200421622E-004       1       1       2       2       5       5
  -0.37003066000452212E-004       1       1       2       3       3       2
  -0.37003066000452246E-004       1       1       2       4       4       2
  -0.37003066000452267E-004       1       1       2       5       5       2
   0.89612754372597227E-003       1       1       3       1       1       3
  -0.72813948542799873E-003       1       1       3       1       2       3
   0.18239594553282350E-003       1       1       3       2       2       3
  -0.51133747515788045E-004       1       1       3       3       3       3
  -0.87925779945640315E-005       1       1       3       3       4       4
  -0.87925779945640434E-005       1       1       3       3       5       5
  -0.33545887575611591E-004       1       1       3       4       4       3
  -0.33545887575611585E-004       1       1       3       5       5       3
   0.89612754372597682E-003       1       1       4       1       1       4
  -0.72813948542799841E-003       1       1       4       1       2       4
   0.18239594553282352E-003       1       1       4       2       2       4
  -0.33545887575611591E-004       1       1       4       3       3       4
  -0.51133747515788052E-004       1       1       4       4       4       4
  -0.87925779945640451E-005       1       1       4       4       5       5
  -0.33545887575611578E-004       1       1       4       5       5       4
   0.89612754372597509E-003       1       1       5       1       1       5
  -0.72813948542799841E-003       1       1       5       1       2       5
   0.18239594553282355E-003       1       1       5       2       2       5
  -0.33545887575611605E-004       1       1       5       3       3       5
  -0.33545887575611605E-004       1       1       5       4       4       5
  -0.51133747515788045E-004       1       1       5       5       5       5
  -0.22007240594438841E-002       1       2       2       1       2       2
   0.53744474573639127E-004       1       2       2       1       3       3
   0.53744474573639310E-004       1       2       2       1       4       4
   0.53744474573639236E-004       1       2       2       1       5       5
   0.17587239978846735E-003       1       2       2       2       2       2
  -0.56240566445524319E-004       1       2       2       2       3       3
  -0.56240566445524346E-004       1       2       2       2       4       4
  -0.56240566445524360E-004       1       2       2       2       5       5
  -0.64858317303344998E-004       1       2       2       3       2       3
  -0.64858317303344998E-004       1       2       2       4       2       4
  -0.64858317303344943E-004       1       2       2       5       2       5
  -0.23277151091143323E-002       1       2       3       1       2       3
   0.19758809387648361E-003       1       2       3       2       2       3
  -0.94666966744054538E-004       1       2       3       3       3       3
  -0.18376608751831938E-004       1       2       3       3       4       4
  -0.18376608751831914E-004       1       2       3       3       5       5
  -0.18376608751831938E-004       1       2       3       4       3       4
  -0.57909043886217208E-004       1       2       3       4       4       3
  -0.18376608751831917E-004       1       2       3       5       3       5
  -0.57909043886217228E-004       1       2       3       5       5       3
  -0.23277151091143315E-002       1       2       4       1       2       4
   0.19758809387648385E-003       1       2       4       2       2       4
  -0.57909043886217208E-004       1       2       4       3       3       4
  -0.94666966744054497E-004       1       2       4       4       4       4
  -0.18376608751831904E-004       1       2       4       4       5       5
  -0.18376608751831897E-004       1       2       4       5       4       5
  -0.57909043886217174E-004       1       2       4       5       5       4
  -0.23277151091143306E-002       1       2       5       1       2       5
   0.19758809387648380E-003       1       2       5       2       2       5
  -0.57909043886217188E-004       1       2       5       3       3       5
  -0.57909043886217208E-004       1       2       5       4       4       5
  -0.94666966744054470E-004       1       2       5       5       5       5
  -0.23114006077432259E-002       1       3       3       1       3       3
   0.11532313648252947E-003       1       3       3       1       4       4
   0.11532313648252945E-003       1       3       3       1       5       5
   0.19437059260373469E-003       1       3       3       2       3       3
  -0.21352505655353440E-004       1       3       3       2       4       4
  -0.21352505655353453E-004       1       3       3       2       5       5
  -0.25421234555198938E-002       1       3       4       1       3       4
   0.23708797261684018E-003       1       3       4       2       3       4
  -0.25421234555198942E-002       1       3       5       1       3       5
   0.23708797261684037E-003       1       3       5       2       3       5
  -0.23114006077432294E-002       1       4       4       1       4       4
   0.11532313648252937E-003       1       4       4       1       5       5
   0.19437059260373488E-003       1       4       4       2       4       4
  -0.21352505655353460E-004       1       4       4       2       5       5
  -0.25421234555198947E-002       1       4       5       1       4       5
   0.23708797261684045E-003       1       4       5       2       4       5
  -0.23114006077432311E-002       1       5       5       1       5       5
   0.19437059260373461E-003       1       5       5       2       5       5
  -0.93431673205579481E-003       2       2       2       2       2       2
  -0.23337712940072239E-003       2       2       2       2       3       3
  -0.23337712940072245E-003       2       2       2       2       4       4
  -0.23337712940072272E-003       2       2       2       2       5       5
  -0.93923731010662473E-003       2       2       3       2       2       3
  -0.39673009752373581E-003       2       2       3       3       3       3
  -0.11672178209747395E-003       2       2       3       3       4       4
  -0.11672178209747395E-003       2       2       3       3       5       5
  -0.16323582036341356E-003       2       2       3       4       4       3
  -0.16323582036341377E-003       2       2       3       5       5       3
  -0.93923731010662483E-003       2       2       4       2       2       4
  -0.16323582036341350E-003       2       2       4       3       3       4
  -0.39673009752373613E-003       2       2       4       4       4       4
  -0.11672178209747386E-003       2       2       4       4       5       5
  -0.16323582036341383E-003       2       2       4       5       5       4
  -0.93923731010662516E-003       2       2       5       2       2       5
  -0.16323582036341356E-003       2       2       5       3       3       5
  -0.16323582036341356E-003       2       2       5       4       4       5
  -0.39673009752373635E-003       2       2       5       5       5       5
  -0.10210217003410169E-002       2       3       3       2       3       3
  -0.59188907627468195E-004       2       3       3       2       4       4
  -0.59188907627468181E-004       2       3       3       2       5       5
  -0.90258117035845701E-003       2       3       4       2       3       4
  -0.90258117035845712E-003       2       3       5       2       3       5
  -0.10210217003410167E-002       2       4       4       2       4       4
  -0.59188907627468181E-004       2       4       4       2       5       5
  -0.90258117035845701E-003       2       4       5       2       4       5
  -0.10210217003410167E-002       2       5       5       2       5       5
  -0.12343801395812400E-002       3       3       3       3       3       3
  -0.81156058823918820E-004       3       3       3       3       4       4
  -0.81156058823918806E-004       3       3       3       3       5       5
  -0.90960056084117753E-003       3       3       4       3       3       4
  -0.81156058823918806E-004       3       3       4       4       4       4
  -0.36270729213206959E-004       3       3       4       4       5       5
  -0.85750659854592706E-005       3       3       4       5       5       4
  -0.90960056084117753E-003       3       3       5       3       3       5
  -0.85750659854593299E-005       3       3       5       4       4       5
  -0.81156058823918779E-004       3       3       5       5       5       5
  -0.90960056084117742E-003       3       4       4       3       4       4
  -0.85750659854592655E-005       3       4       4       3       5       5
  -0.89243052407871287E-003       3       4       5       3       4       5
  -0.90960056084117753E-003       3       5       5       3       5       5
  -0.12343801395812402E-002       4       4       4       4       4       4
  -0.81156058823918833E-004       4       4       4       4       5       5
  -0.90960056084117731E-003       4       4       5       4       4       5
  -0.81156058823918820E-004       4       4       5       5       5       5
  -0.90960056084117753E-003       4       5       5       4       5       5
  -0.12343801395812417E-002       5       5       5       5       5       5
