           5
  -0.28073038447483243E-001       1       1       1       1       1       1
   0.45034427216957482E-002       1       1       1       1       1       2
  -0.86300353368233616E-003       1       1       1       1       2       2
  -0.14222854418683270E-004       1       1       1       1       3       3
  -0.14222854418682944E-004       1       1       1       1       4       4
  -0.14222854418682890E-004       1       1       1       1       5       5
   0.18250169049950564E-003       1       1       1       2       2       2
  -0.75871309752620982E-005       1       1       1       2       3       3
  -0.75871309752620711E-005       1       1       1       2       4       4
  -0.75871309752620965E-005       1       1       1       2       5       5
   0.83450088199837316E-003       1       1       2       1       1       2
  -0.69546571521585197E-003       1       1       2       1       2       2
   0.83910046158923907E-004       1       1       2       1       3       3
   0.83910046158923947E-004       1       1       2       1       4       4
   0.83910046158924123E-004       1       1       2       1       5       5
   0.16760111727478320E-003       1       1       2       2       2       2
  -0.31589953821657567E-004       1       1       2       2       3       3
  -0.31589953821657520E-004       1       1       2       2       4       4
  -0.31589953821657567E-004       1       1       2       2       5       5
  -0.37510999573436173E-004       1       1       2       3       3       2
  -0.37510999573436187E-004       1       1       2       4       4       2
  -0.37510999573436173E-004       1       1       2       5       5       2
   0.98182295686284832E-003       1       1       3       1       1       3
  -0.75043552288150896E-003       1       1       3       1       2       3
   0.18465747530835996E-003       1       1       3       2       2       3
  -0.50647982492321066E-004       1       1       3       3       3       3
  -0.81628968547079553E-005       1       1       3       3       4       4
  -0.81628968547079553E-005       1       1       3       3       5       5
  -0.34319662099798850E-004       1       1       3       4       4       3
  -0.34319662099798844E-004       1       1       3       5       5       3
   0.98182295686285071E-003       1       1       4       1       1       4
  -0.75043552288150896E-003       1       1       4       1       2       4
   0.18465747530835996E-003       1       1       4       2       2       4
  -0.34319662099798844E-004       1       1       4       3       3       4
  -0.50647982492321025E-004       1       1       4       4       4       4
  -0.81628968547079620E-005       1       1       4       4       5       5
  -0.34319662099798844E-004       1       1       4       5       5       4
   0.98182295686284203E-003       1       1       5       1       1       5
  -0.75043552288150809E-003       1       1       5       1       2       5
   0.18465747530835991E-003       1       1       5       2       2       5
  -0.34319662099798837E-004       1       1       5       3       3       5
  -0.34319662099798864E-004       1       1       5       4       4       5
  -0.50647982492321039E-004       1       1       5       5       5       5
  -0.22817021912840234E-002       1       2       2       1       2       2
   0.16266670090781531E-004       1       2       2       1       3       3
   0.16266670090781352E-004       1       2       2       1       4       4
   0.16266670090781931E-004       1       2       2       1       5       5
   0.17689223988588156E-003       1       2       2       2       2       2
  -0.51272651503262586E-004       1       2       2       2       3       3
  -0.51272651503262559E-004       1       2       2       2       4       4
  -0.51272651503262627E-004       1       2       2       2       5       5
  -0.61777229524853335E-004       1       2       2       3       2       3
  -0.61777229524853322E-004       1       2       2       4       2       4
  -0.61777229524853281E-004       1       2       2       5       2       5
  -0.24101263166755472E-002       1       2       3       1       2       3
   0.19838496774020973E-003       1       2       3       2       2       3
  -0.90424030375852590E-004       1       2       3       3       3       3
  -0.17326277637434412E-004       1       2       3       3       4       4
  -0.17326277637434398E-004       1       2       3       3       5       5
  -0.17326277637434415E-004       1       2       3       4       3       4
  -0.55766931658303030E-004       1       2       3       4       4       3
  -0.17326277637434401E-004       1       2       3       5       3       5
  -0.55766931658303017E-004       1       2       3       5       5       3
  -0.24101263166755437E-002       1       2       4       1       2       4
   0.19838496774020965E-003       1       2       4       2       2       4
  -0.55766931658303017E-004       1       2       4       3       3       4
  -0.90424030375852645E-004       1       2       4       4       4       4
  -0.17326277637434388E-004       1       2       4       4       5       5
  -0.17326277637434401E-004       1       2       4       5       4       5
  -0.55766931658303030E-004       1       2       4       5       5       4
  -0.24101263166755446E-002       1       2       5       1       2       5
   0.19838496774020971E-003       1       2       5       2       2       5
  -0.55766931658303010E-004       1       2       5       3       3       5
  -0.55766931658303044E-004       1       2       5       4       4       5
  -0.90424030375852577E-004       1       2       5       5       5       5
  -0.23995717844843291E-002       1       3       3       1       3       3
   0.11009105174987024E-003       1       3       3       1       4       4
   0.11009105174987039E-003       1       3       3       1       5       5
   0.19690376740495985E-003       1       3       3       2       3       3
  -0.19596554330062179E-004       1       3       3       2       4       4
  -0.19596554330062169E-004       1       3       3       2       5       5
  -0.26198279039168562E-002       1       3       4       1       3       4
   0.23610889164910016E-003       1       3       4       2       3       4
  -0.26198279039168545E-002       1       3       5       1       3       5
   0.23610889164910027E-003       1       3       5       2       3       5
  -0.23995717844843304E-002       1       4       4       1       4       4
   0.11009105174987035E-003       1       4       4       1       5       5
   0.19690376740496022E-003       1       4       4       2       4       4
  -0.19596554330062169E-004       1       4       4       2       5       5
  -0.26198279039168549E-002       1       4       5       1       4       5
   0.23610889164910038E-003       1       4       5       2       4       5
  -0.23995717844843296E-002       1       5       5       1       5       5
   0.19690376740496006E-003       1       5       5       2       5       5
  -0.96658412898406219E-003       2       2       2       2       2       2
  -0.21015405461152813E-003       2       2       2       2       3       3
  -0.21015405461152805E-003       2       2       2       2       4       4
  -0.21015405461152813E-003       2       2       2       2       5       5
  -0.97478954132663564E-003       2       2       3       2       2       3
  -0.37201189874841499E-003       2       2       3       3       3       3
  -0.11402577579620882E-003       2       2       3       3       4       4
  -0.11402577579620887E-003       2       2       3       3       5       5
  -0.14390996714607851E-003       2       2       3       4       4       3
  -0.14390996714607859E-003       2       2       3       5       5       3
  -0.97478954132663564E-003       2       2       4       2       2       4
  -0.14390996714607848E-003       2       2       4       3       3       4
  -0.37201189874841499E-003       2       2       4       4       4       4
  -0.11402577579620879E-003       2       2       4       4       5       5
  -0.14390996714607854E-003       2       2       4       5       5       4
  -0.97478954132663531E-003       2       2       5       2       2       5
  -0.14390996714607856E-003       2       2       5       3       3       5
  -0.14390996714607854E-003       2       2       5       4       4       5
  -0.37201189874841499E-003       2       2       5       5       5       5
  -0.10489351541003613E-002       2       3       3       2       3       3
  -0.51012594552533073E-004       2       3       3       2       4       4
  -0.51012594552532992E-004       2       3       3       2       5       5
  -0.94684640792677688E-003       2       3       4       2       3       4
  -0.94684640792677742E-003       2       3       5       2       3       5
  -0.10489351541003613E-002       2       4       4       2       4       4
  -0.51012594552533019E-004       2       4       4       2       5       5
  -0.94684640792677753E-003       2       4       5       2       4       5
  -0.10489351541003613E-002       2       5       5       2       5       5
  -0.12437492636805073E-002       3       3       3       3       3       3
  -0.72931998257267955E-004       3       3       3       3       4       4
  -0.72931998257267874E-004       3       3       3       3       5       5
  -0.95186199326719215E-003       3       3       4       3       3       4
  -0.72931998257267982E-004       3       3       4       4       4       4
  -0.36034710503726147E-004       3       3       4       4       5       5
  -0.82053411159531084E-006       3       3       4       5       5       4
  -0.95186199326719226E-003       3       3       5       3       3       5
  -0.82053411159537415E-006       3       3       5       4       4       5
  -0.72931998257267874E-004       3       3       5       5       5       5
  -0.95186199326719118E-003       3       4       4       3       4       4
  -0.82053411159527473E-006       3       4       4       3       5       5
  -0.95020259962064505E-003       3       4       5       3       4       5
  -0.95186199326719129E-003       3       5       5       3       5       5
  -0.12437492636805071E-002       4       4       4       4       4       4
  -0.72931998257267928E-004       4       4       4       4       5       5
  -0.95186199326719226E-003       4       4       5       4       4       5
  -0.72931998257267942E-004       4       4       5       5       5       5
  -0.95186199326719183E-003       4       5       5       4       5       5
  -0.12437492636805060E-002       5       5       5       5       5       5
