&FCI
 NORB=5,
 NELEC=9,
 MS2=1,
 ISYM=1,
 ORBSYM=1,1,1,1,1,
 ST=1,
 III=1,
 OCC=5,
 CLOSED=4,
 /
    5.3247312573656229            1       1       1       1
  -0.78250124277338018            2       1       1       1
  -0.30402604153648105            1       2       1       1
    1.1905767470659938            2       2       1       1
    1.1787358095530629            3       3       1       1
    1.1787358095530629            4       4       1       1
    1.1787358095530627            5       5       1       1
  -0.78250124277338018            1       1       2       1
   0.13672014401522126            2       1       2       1
   0.88421210858639382E-001       1       2       2       1
  -0.96122246967882435E-001       2       2       2       1
  -0.83604119930437329E-001       3       3       2       1
  -0.83604119930437398E-001       4       4       2       1
  -0.83604119930437329E-001       5       5       2       1
   0.49887944174101091E-001       3       1       3       1
   0.52081366392927063E-001       3       2       3       1
   0.29827460831631070E-001       1       3       3       1
   0.50445842031897080E-001       2       3       3       1
   0.49887944174101084E-001       4       1       4       1
   0.52081366392927077E-001       4       2       4       1
   0.29827460831631070E-001       1       4       4       1
   0.50445842031897087E-001       2       4       4       1
   0.49887944174101091E-001       5       1       5       1
   0.52081366392927070E-001       5       2       5       1
   0.29827460831631070E-001       1       5       5       1
   0.50445842031897073E-001       2       5       5       1
  -0.30402604153648105            1       1       1       2
   0.88421210858639382E-001       2       1       1       2
   0.40122277702057535E-001       1       2       1       2
   0.37767536148150024E-001       2       2       1       2
   0.47877506916537055E-001       3       3       1       2
   0.47877506916537069E-001       4       4       1       2
   0.47877506916537069E-001       5       5       1       2
    1.1905767470659938            1       1       2       2
  -0.96122246967882435E-001       2       1       2       2
   0.37767536148150024E-001       1       2       2       2
   0.70003405232575411            2       2       2       2
   0.71526475527280264            3       3       2       2
   0.71526475527280264            4       4       2       2
   0.71526475527280253            5       5       2       2
   0.52081366392927063E-001       3       1       3       2
   0.16098071078279375            3       2       3       2
   0.27377030892745804E-001       1       3       3       2
   0.17123164613292199            2       3       3       2
   0.52081366392927077E-001       4       1       4       2
   0.16098071078279375            4       2       4       2
   0.27377030892745794E-001       1       4       4       2
   0.17123164613292202            2       4       4       2
   0.52081366392927070E-001       5       1       5       2
   0.16098071078279375            5       2       5       2
   0.27377030892745791E-001       1       5       5       2
   0.17123164613292202            2       5       5       2
   0.29827460831631070E-001       3       1       1       3
   0.27377030892745804E-001       3       2       1       3
   0.97669774891610515E-002       1       3       1       3
   0.25741506531715856E-001       2       3       1       3
   0.50445842031897080E-001       3       1       2       3
   0.17123164613292199            3       2       2       3
   0.25741506531715856E-001       1       3       2       3
   0.18148258148305027            2       3       2       3
    1.1787358095530629            1       1       3       3
  -0.83604119930437329E-001       2       1       3       3
   0.47877506916537055E-001       1       2       3       3
   0.71526475527280264            2       2       3       3
   0.79793060632852109            3       3       3       3
   0.70238260498257232            4       4       3       3
   0.70238260498257232            5       5       3       3
   0.47777825952454347E-001       4       3       4       3
   0.47777825952454347E-001       3       4       4       3
   0.47777825952454354E-001       5       3       5       3
   0.47777825952454354E-001       3       5       5       3
   0.29827460831631070E-001       4       1       1       4
   0.27377030892745794E-001       4       2       1       4
   0.97669774891610550E-002       1       4       1       4
   0.25741506531715849E-001       2       4       1       4
   0.50445842031897087E-001       4       1       2       4
   0.17123164613292202            4       2       2       4
   0.25741506531715849E-001       1       4       2       4
   0.18148258148305030            2       4       2       4
   0.47777825952454347E-001       4       3       3       4
   0.47777825952454354E-001       3       4       3       4
    1.1787358095530629            1       1       4       4
  -0.83604119930437398E-001       2       1       4       4
   0.47877506916537069E-001       1       2       4       4
   0.71526475527280264            2       2       4       4
   0.70238260498257232            3       3       4       4
   0.79793060632852097            4       4       4       4
   0.70238260498257210            5       5       4       4
   0.47777825952454347E-001       5       4       5       4
   0.47777825952454347E-001       4       5       5       4
   0.29827460831631070E-001       5       1       1       5
   0.27377030892745791E-001       5       2       1       5
   0.97669774891610515E-002       1       5       1       5
   0.25741506531715839E-001       2       5       1       5
   0.50445842031897073E-001       5       1       2       5
   0.17123164613292202            5       2       2       5
   0.25741506531715839E-001       1       5       2       5
   0.18148258148305027            2       5       2       5
   0.47777825952454354E-001       5       3       3       5
   0.47777825952454354E-001       3       5       3       5
   0.47777825952454347E-001       5       4       4       5
   0.47777825952454354E-001       4       5       4       5
    1.1787358095530627            1       1       5       5
  -0.83604119930437329E-001       2       1       5       5
   0.47877506916537069E-001       1       2       5       5
   0.71526475527280253            2       2       5       5
   0.70238260498257232            3       3       5       5
   0.70238260498257210            4       4       5       5
   0.79793060632852109            5       5       5       5
   -40.412121892196978            1       1       0       0
   0.74652224201531581            1       2       0       0
   0.74652224201531581            2       1       0       0
   -8.8810255672561489            2       2       0       0
   -8.2236013491480939            3       3       0       0
   -8.2236013491480939            4       4       0       0
   -8.2236013491480939            5       5       0       0
    0.0000000000000000            0       0       0       0
