&FCI
 NORB=5,
 NELEC=9,
 MS2=1,
 ISYM=1,
 ORBSYM=1,1,1,1,1,
 ST=1,
 III=1,
 OCC=5,
 CLOSED=4,
 /
    5.3255961310152129            1       1       1       1
  -0.78069646933964221            2       1       1       1
  -0.30601690735952392            1       2       1       1
    1.1905832273428416            2       2       1       1
    1.1787496303908160            3       3       1       1
    1.1787496303908160            4       4       1       1
    1.1787496303908160            5       5       1       1
  -0.78069646933964221            1       1       2       1
   0.13614916312284867            2       1       2       1
   0.88428047803278620E-001       1       2       2       1
  -0.96487414907781247E-001       2       2       2       1
  -0.83973953567150275E-001       3       3       2       1
  -0.83973953567150358E-001       4       4       2       1
  -0.83973953567150386E-001       5       5       2       1
   0.49849716013072656E-001       3       1       3       1
   0.52807548776362928E-001       3       2       3       1
   0.29831364287710493E-001       1       3       3       1
   0.51117822955010009E-001       2       3       3       1
   0.49849716013072656E-001       4       1       4       1
   0.52807548776362942E-001       4       2       4       1
   0.29831364287710500E-001       1       4       4       1
   0.51117822955010016E-001       2       4       4       1
   0.49849716013072642E-001       5       1       5       1
   0.52807548776362914E-001       5       2       5       1
   0.29831364287710493E-001       1       5       5       1
   0.51117822955010002E-001       2       5       5       1
  -0.30601690735952392            1       1       1       2
   0.88428047803278620E-001       2       1       1       2
   0.40706932483708561E-001       1       2       1       2
   0.38111245578238195E-001       2       2       1       2
   0.48222544162762435E-001       3       3       1       2
   0.48222544162762518E-001       4       4       1       2
   0.48222544162762351E-001       5       5       1       2
    1.1905832273428416            1       1       2       2
  -0.96487414907781247E-001       2       1       2       2
   0.38111245578238195E-001       1       2       2       2
   0.70009581722439940            2       2       2       2
   0.71531812374214598            3       3       2       2
   0.71531812374214609            4       4       2       2
   0.71531812374214609            5       5       2       2
   0.52807548776362928E-001       3       1       3       2
   0.16295462625805629            3       2       3       2
   0.26777104895123326E-001       1       3       3       2
   0.17203060666595227            2       3       3       2
   0.52807548776362942E-001       4       1       4       2
   0.16295462625805629            4       2       4       2
   0.26777104895123326E-001       1       4       4       2
   0.17203060666595227            2       4       4       2
   0.52807548776362914E-001       5       1       5       2
   0.16295462625805629            5       2       5       2
   0.26777104895123315E-001       1       5       5       2
   0.17203060666595227            2       5       5       2
   0.29831364287710493E-001       3       1       1       3
   0.26777104895123326E-001       3       2       1       3
   0.98130125623483375E-002       1       3       1       3
   0.25087379073770455E-001       2       3       1       3
   0.51117822955010009E-001       3       1       2       3
   0.17203060666595227            3       2       2       3
   0.25087379073770455E-001       1       3       2       3
   0.18110658707384822            2       3       2       3
    1.1787496303908160            1       1       3       3
  -0.83973953567150275E-001       2       1       3       3
   0.48222544162762435E-001       1       2       3       3
   0.71531812374214598            2       2       3       3
   0.79821243294724464            3       3       3       3
   0.70230939321440378            4       4       3       3
   0.70230939321440378            5       5       3       3
   0.47955283838321337E-001       4       3       4       3
   0.47955283838321337E-001       3       4       4       3
   0.47955283838321337E-001       5       3       5       3
   0.47955283838321337E-001       3       5       5       3
   0.29831364287710500E-001       4       1       1       4
   0.26777104895123326E-001       4       2       1       4
   0.98130125623483444E-002       1       4       1       4
   0.25087379073770445E-001       2       4       1       4
   0.51117822955010016E-001       4       1       2       4
   0.17203060666595227            4       2       2       4
   0.25087379073770445E-001       1       4       2       4
   0.18110658707384822            2       4       2       4
   0.47955283838321337E-001       4       3       3       4
   0.47955283838321337E-001       3       4       3       4
    1.1787496303908160            1       1       4       4
  -0.83973953567150358E-001       2       1       4       4
   0.48222544162762518E-001       1       2       4       4
   0.71531812374214609            2       2       4       4
   0.70230939321440378            3       3       4       4
   0.79821243294724453            4       4       4       4
   0.70230939321440344            5       5       4       4
   0.47955283838321337E-001       5       4       5       4
   0.47955283838321337E-001       4       5       5       4
   0.29831364287710493E-001       5       1       1       5
   0.26777104895123315E-001       5       2       1       5
   0.98130125623483444E-002       1       5       1       5
   0.25087379073770445E-001       2       5       1       5
   0.51117822955010002E-001       5       1       2       5
   0.17203060666595227            5       2       2       5
   0.25087379073770445E-001       1       5       2       5
   0.18110658707384827            2       5       2       5
   0.47955283838321337E-001       5       3       3       5
   0.47955283838321337E-001       3       5       3       5
   0.47955283838321337E-001       5       4       4       5
   0.47955283838321337E-001       4       5       4       5
    1.1787496303908160            1       1       5       5
  -0.83973953567150386E-001       2       1       5       5
   0.48222544162762351E-001       1       2       5       5
   0.71531812374214609            2       2       5       5
   0.70230939321440378            3       3       5       5
   0.70230939321440344            4       4       5       5
   0.79821243294724464            5       5       5       5
   -40.412121892196978            1       1       0       0
   0.74652224201531581            1       2       0       0
   0.74652224201531581            2       1       0       0
   -8.8810255672561489            2       2       0       0
   -8.2236013491480939            3       3       0       0
   -8.2236013491480939            4       4       0       0
   -8.2236013491480939            5       5       0       0
    0.0000000000000000            0       0       0       0
