&FCI
 NORB=5,
 NELEC=9,
 MS2=1,
 ISYM=1,
 ORBSYM=1,1,1,1,1,
 ST=1,
 III=1,
 OCC=5,
 CLOSED=4,
 /
    5.3258372996542631            1       1       1       1
  -0.77827657082855484            2       1       1       1
  -0.30817691776743950            1       2       1       1
    1.1945159749664562            2       2       1       1
    1.1825256895340439            3       3       1       1
    1.1825256895340437            4       4       1       1
    1.1825256895340439            5       5       1       1
  -0.77827657082855484            1       1       2       1
   0.13577750866706198            2       1       2       1
   0.88414486687282634E-001       1       2       2       1
  -0.96838663789170207E-001       2       2       2       1
  -0.84252578602208139E-001       3       3       2       1
  -0.84252578602208125E-001       4       4       2       1
  -0.84252578602208070E-001       5       5       2       1
   0.49984091665945266E-001       3       1       3       1
   0.53611467096059733E-001       3       2       3       1
   0.29833447714062510E-001       1       3       3       1
   0.51852295477397094E-001       2       3       3       1
   0.49984091665945279E-001       4       1       4       1
   0.53611467096059739E-001       4       2       4       1
   0.29833447714062513E-001       1       4       4       1
   0.51852295477397101E-001       2       4       4       1
   0.49984091665945279E-001       5       1       5       1
   0.53611467096059726E-001       5       2       5       1
   0.29833447714062503E-001       1       5       5       1
   0.51852295477397087E-001       2       5       5       1
  -0.30817691776743950            1       1       1       2
   0.88414486687282634E-001       2       1       1       2
   0.41051464707503288E-001       1       2       1       2
   0.38365403590775143E-001       2       2       1       2
   0.48412441298353370E-001       3       3       1       2
   0.48412441298353356E-001       4       4       1       2
   0.48412441298353384E-001       5       5       1       2
    1.1945159749664562            1       1       2       2
  -0.96838663789170207E-001       2       1       2       2
   0.38365403590775143E-001       1       2       2       2
   0.70302322477011780            2       2       2       2
   0.71828229917937980            3       3       2       2
   0.71828229917937980            4       4       2       2
   0.71828229917937980            5       5       2       2
   0.53611467096059733E-001       3       1       3       2
   0.16457516729316693            3       2       3       2
   0.26100723540385819E-001       1       3       3       2
   0.17256453714209935            2       3       3       2
   0.53611467096059739E-001       4       1       4       2
   0.16457516729316693            4       2       4       2
   0.26100723540385833E-001       1       4       4       2
   0.17256453714209935            2       4       4       2
   0.53611467096059726E-001       5       1       5       2
   0.16457516729316696            5       2       5       2
   0.26100723540385822E-001       1       5       5       2
   0.17256453714209941            2       5       5       2
   0.29833447714062510E-001       3       1       1       3
   0.26100723540385819E-001       3       2       1       3
   0.96828037621797501E-002       1       3       1       3
   0.24341551921723222E-001       2       3       1       3
   0.51852295477397094E-001       3       1       2       3
   0.17256453714209935            3       2       2       3
   0.24341551921723222E-001       1       3       2       3
   0.18055390699103180            2       3       2       3
    1.1825256895340439            1       1       3       3
  -0.84252578602208139E-001       2       1       3       3
   0.48412441298353370E-001       1       2       3       3
   0.71828229917937980            2       2       3       3
   0.80139920207769189            3       3       3       3
   0.70520324652252186            4       4       3       3
   0.70520324652252198            5       5       3       3
   0.48101672392039503E-001       4       3       4       3
   0.48101672392039503E-001       3       4       4       3
   0.48101672392039496E-001       5       3       5       3
   0.48101672392039496E-001       3       5       5       3
   0.29833447714062513E-001       4       1       1       4
   0.26100723540385833E-001       4       2       1       4
   0.96828037621797466E-002       1       4       1       4
   0.24341551921723235E-001       2       4       1       4
   0.51852295477397101E-001       4       1       2       4
   0.17256453714209935            4       2       2       4
   0.24341551921723235E-001       1       4       2       4
   0.18055390699103180            2       4       2       4
   0.48101672392039503E-001       4       3       3       4
   0.48101672392039503E-001       3       4       3       4
    1.1825256895340437            1       1       4       4
  -0.84252578602208125E-001       2       1       4       4
   0.48412441298353356E-001       1       2       4       4
   0.71828229917937980            2       2       4       4
   0.70520324652252186            3       3       4       4
   0.80139920207769166            4       4       4       4
   0.70520324652252164            5       5       4       4
   0.48101672392039503E-001       5       4       5       4
   0.48101672392039503E-001       4       5       5       4
   0.29833447714062503E-001       5       1       1       5
   0.26100723540385822E-001       5       2       1       5
   0.96828037621797328E-002       1       5       1       5
   0.24341551921723222E-001       2       5       1       5
   0.51852295477397087E-001       5       1       2       5
   0.17256453714209941            5       2       2       5
   0.24341551921723222E-001       1       5       2       5
   0.18055390699103185            2       5       2       5
   0.48101672392039496E-001       5       3       3       5
   0.48101672392039496E-001       3       5       3       5
   0.48101672392039503E-001       5       4       4       5
   0.48101672392039503E-001       4       5       4       5
    1.1825256895340439            1       1       5       5
  -0.84252578602208070E-001       2       1       5       5
   0.48412441298353384E-001       1       2       5       5
   0.71828229917937980            2       2       5       5
   0.70520324652252198            3       3       5       5
   0.70520324652252164            4       4       5       5
   0.80139920207769189            5       5       5       5
   -40.412121892196978            1       1       0       0
   0.74652224201531581            1       2       0       0
   0.74652224201531581            2       1       0       0
   -8.8810255672561489            2       2       0       0
   -8.2236013491480939            3       3       0       0
   -8.2236013491480939            4       4       0       0
   -8.2236013491480939            5       5       0       0
    0.0000000000000000            0       0       0       0
