&FCI
 NORB=5,
 NELEC=9,
 MS2=1,
 ISYM=1,
 ORBSYM=1,1,1,1,1,
 ST=1,
 III=1,
 OCC=5,
 CLOSED=4,
 /
    5.3261434118838267            1       1       1       1
  -0.77554526751553932            2       1       1       1
  -0.31070975706940351            1       2       1       1
    1.1956574481861983            2       2       1       1
    1.1836639806894074            3       3       1       1
    1.1836639806894074            4       4       1       1
    1.1836639806894074            5       5       1       1
  -0.77554526751553932            1       1       2       1
   0.13548439471462898            2       1       2       1
   0.88399020441399176E-001       1       2       2       1
  -0.96529046895445669E-001       2       2       2       1
  -0.83871513556060789E-001       3       3       2       1
  -0.83871513556060762E-001       4       4       2       1
  -0.83871513556060803E-001       5       5       2       1
   0.49841065585286407E-001       3       1       3       1
   0.53031362603286052E-001       3       2       3       1
   0.29833809644295259E-001       1       3       3       1
   0.51332025697039749E-001       2       3       3       1
   0.49841065585286400E-001       4       1       4       1
   0.53031362603286045E-001       4       2       4       1
   0.29833809644295255E-001       1       4       4       1
   0.51332025697039749E-001       2       4       4       1
   0.49841065585286393E-001       5       1       5       1
   0.53031362603286038E-001       5       2       5       1
   0.29833809644295221E-001       1       5       5       1
   0.51332025697039735E-001       2       5       5       1
  -0.31070975706940351            1       1       1       2
   0.88399020441399176E-001       2       1       1       2
   0.41313646168169391E-001       1       2       1       2
   0.38040882725783889E-001       2       2       1       2
   0.48014606091897033E-001       3       3       1       2
   0.48014606091897075E-001       4       4       1       2
   0.48014606091897158E-001       5       5       1       2
    1.1956574481861983            1       1       2       2
  -0.96529046895445669E-001       2       1       2       2
   0.38040882725783889E-001       1       2       2       2
   0.70408579899703461            2       2       2       2
   0.71934597750007168            3       3       2       2
   0.71934597750007168            4       4       2       2
   0.71934597750007168            5       5       2       2
   0.53031362603286052E-001       3       1       3       2
   0.16254992555343312            3       2       3       2
   0.26615696980641253E-001       1       3       3       2
   0.17174738412452151            2       3       3       2
   0.53031362603286045E-001       4       1       4       2
   0.16254992555343312            4       2       4       2
   0.26615696980641246E-001       1       4       4       2
   0.17174738412452148            2       4       4       2
   0.53031362603286038E-001       5       1       5       2
   0.16254992555343312            5       2       5       2
   0.26615696980641257E-001       1       5       5       2
   0.17174738412452148            2       5       5       2
   0.29833809644295259E-001       3       1       1       3
   0.26615696980641253E-001       3       2       1       3
   0.98265537033041112E-002       1       3       1       3
   0.24916360074394996E-001       2       3       1       3
   0.51332025697039749E-001       3       1       2       3
   0.17174738412452151            3       2       2       3
   0.24916360074394996E-001       1       3       2       3
   0.18094484269560984            2       3       2       3
    1.1836639806894074            1       1       3       3
  -0.83871513556060789E-001       2       1       3       3
   0.48014606091897033E-001       1       2       3       3
   0.71934597750007168            2       2       3       3
   0.80221283298168067            3       3       3       3
   0.70639255384375998            4       4       3       3
   0.70639255384376010            5       5       3       3
   0.47913928655880920E-001       4       3       4       3
   0.47913928655880920E-001       3       4       4       3
   0.47913928655880920E-001       5       3       5       3
   0.47913928655880920E-001       3       5       5       3
   0.29833809644295255E-001       4       1       1       4
   0.26615696980641246E-001       4       2       1       4
   0.98265537033041112E-002       1       4       1       4
   0.24916360074394985E-001       2       4       1       4
   0.51332025697039749E-001       4       1       2       4
   0.17174738412452148            4       2       2       4
   0.24916360074394985E-001       1       4       2       4
   0.18094484269560984            2       4       2       4
   0.47913928655880920E-001       4       3       3       4
   0.47913928655880927E-001       3       4       3       4
    1.1836639806894074            1       1       4       4
  -0.83871513556060762E-001       2       1       4       4
   0.48014606091897075E-001       1       2       4       4
   0.71934597750007168            2       2       4       4
   0.70639255384375998            3       3       4       4
   0.80221283298168089            4       4       4       4
   0.70639255384375976            5       5       4       4
   0.47913928655880927E-001       5       4       5       4
   0.47913928655880920E-001       4       5       5       4
   0.29833809644295221E-001       5       1       1       5
   0.26615696980641257E-001       5       2       1       5
   0.98265537033040522E-002       1       5       1       5
   0.24916360074394999E-001       2       5       1       5
   0.51332025697039735E-001       5       1       2       5
   0.17174738412452148            5       2       2       5
   0.24916360074394999E-001       1       5       2       5
   0.18094484269560987            2       5       2       5
   0.47913928655880920E-001       5       3       3       5
   0.47913928655880914E-001       3       5       3       5
   0.47913928655880920E-001       5       4       4       5
   0.47913928655880920E-001       4       5       4       5
    1.1836639806894074            1       1       5       5
  -0.83871513556060803E-001       2       1       5       5
   0.48014606091897158E-001       1       2       5       5
   0.71934597750007168            2       2       5       5
   0.70639255384376010            3       3       5       5
   0.70639255384375976            4       4       5       5
   0.80221283298168078            5       5       5       5
   -40.412121892196978            1       1       0       0
   0.74652224201531581            1       2       0       0
   0.74652224201531581            2       1       0       0
   -8.8810255672561489            2       2       0       0
   -8.2236013491480939            3       3       0       0
   -8.2236013491480939            4       4       0       0
   -8.2236013491480939            5       5       0       0
    0.0000000000000000            0       0       0       0
