&FCI
 NORB=5,
 NELEC=9,
 MS2=1,
 ISYM=1,
 ORBSYM=1,1,1,1,1,
 ST=1,
 III=1,
 OCC=5,
 CLOSED=4,
 /
    5.3251916394656549            1       1       1       1
  -0.78107094619548234            2       1       1       1
  -0.30555713314492594            1       2       1       1
    1.1902899927584032            2       2       1       1
    1.1784700408788513            3       3       1       1
    1.1784700408788513            4       4       1       1
    1.1784700408788513            5       5       1       1
  -0.78107094619548234            1       1       2       1
   0.13613942410507196            2       1       2       1
   0.88423258457190679E-001       1       2       2       1
  -0.96275257850466783E-001       2       2       2       1
  -0.83799834669897599E-001       3       3       2       1
  -0.83799834669897433E-001       4       4       2       1
  -0.83799834669897710E-001       5       5       2       1
   0.49858389553087135E-001       3       1       3       1
   0.53188278686913879E-001       3       2       3       1
   0.29829268419053930E-001       1       3       3       1
   0.51484322215592328E-001       2       3       3       1
   0.49858389553087121E-001       4       1       4       1
   0.53188278686913872E-001       4       2       4       1
   0.29829268419053923E-001       1       4       4       1
   0.51484322215592321E-001       2       4       4       1
   0.49858389553087148E-001       5       1       5       1
   0.53188278686913879E-001       5       2       5       1
   0.29829268419053943E-001       1       5       5       1
   0.51484322215592335E-001       2       5       5       1
  -0.30555713314492594            1       1       1       2
   0.88423258457190679E-001       2       1       1       2
   0.40707092809309377E-001       1       2       1       2
   0.37956476868544906E-001       2       2       1       2
   0.48102940940297295E-001       3       3       1       2
   0.48102940940297378E-001       4       4       1       2
   0.48102940940297337E-001       5       5       1       2
    1.1902899927584032            1       1       2       2
  -0.96275257850466783E-001       2       1       2       2
   0.37956476868544906E-001       1       2       2       2
   0.70015384286305882            2       2       2       2
   0.71536884919928556            3       3       2       2
   0.71536884919928556            4       4       2       2
   0.71536884919928556            5       5       2       2
   0.53188278686913879E-001       3       1       3       2
   0.16300685792564013            3       2       3       2
   0.26452341604496804E-001       1       3       3       2
   0.17209791173326491            2       3       3       2
   0.53188278686913872E-001       4       1       4       2
   0.16300685792564013            4       2       4       2
   0.26452341604496811E-001       1       4       4       2
   0.17209791173326494            2       4       4       2
   0.53188278686913879E-001       5       1       5       2
   0.16300685792564010            5       2       5       2
   0.26452341604496828E-001       1       5       5       2
   0.17209791173326491            2       5       5       2
   0.29829268419053930E-001       3       1       1       3
   0.26452341604496804E-001       3       2       1       3
   0.98001472850207244E-002       1       3       1       3
   0.24748385133175298E-001       2       3       1       3
   0.51484322215592328E-001       3       1       2       3
   0.17209791173326491            3       2       2       3
   0.24748385133175298E-001       1       3       2       3
   0.18118896554088970            2       3       2       3
    1.1784700408788513            1       1       3       3
  -0.83799834669897599E-001       2       1       3       3
   0.48102940940297295E-001       1       2       3       3
   0.71536884919928556            2       2       3       3
   0.79847440980193096            3       3       3       3
   0.70224439731159505            4       4       3       3
   0.70224439731159483            5       5       3       3
   0.48118731977377358E-001       4       3       4       3
   0.48118731977377358E-001       3       4       4       3
   0.48118731977377351E-001       5       3       5       3
   0.48118731977377351E-001       3       5       5       3
   0.29829268419053923E-001       4       1       1       4
   0.26452341604496811E-001       4       2       1       4
   0.98001472850207244E-002       1       4       1       4
   0.24748385133175302E-001       2       4       1       4
   0.51484322215592321E-001       4       1       2       4
   0.17209791173326494            4       2       2       4
   0.24748385133175302E-001       1       4       2       4
   0.18118896554088976            2       4       2       4
   0.48118731977377358E-001       4       3       3       4
   0.48118731977377364E-001       3       4       3       4
    1.1784700408788513            1       1       4       4
  -0.83799834669897433E-001       2       1       4       4
   0.48102940940297378E-001       1       2       4       4
   0.71536884919928556            2       2       4       4
   0.70224439731159505            3       3       4       4
   0.79847440980193085            4       4       4       4
   0.70224439731159483            5       5       4       4
   0.48118731977377364E-001       5       4       5       4
   0.48118731977377358E-001       4       5       5       4
   0.29829268419053943E-001       5       1       1       5
   0.26452341604496828E-001       5       2       1       5
   0.98001472850207418E-002       1       5       1       5
   0.24748385133175323E-001       2       5       1       5
   0.51484322215592335E-001       5       1       2       5
   0.17209791173326491            5       2       2       5
   0.24748385133175323E-001       1       5       2       5
   0.18118896554088973            2       5       2       5
   0.48118731977377351E-001       5       3       3       5
   0.48118731977377344E-001       3       5       3       5
   0.48118731977377358E-001       5       4       4       5
   0.48118731977377358E-001       4       5       4       5
    1.1784700408788513            1       1       5       5
  -0.83799834669897710E-001       2       1       5       5
   0.48102940940297337E-001       1       2       5       5
   0.71536884919928556            2       2       5       5
   0.70224439731159483            3       3       5       5
   0.70224439731159483            4       4       5       5
   0.79847440980193074            5       5       5       5
   -40.412121892196978            1       1       0       0
   0.74652224201531581            1       2       0       0
   0.74652224201531581            2       1       0       0
   -8.8810255672561489            2       2       0       0
   -8.2236013491480939            3       3       0       0
   -8.2236013491480939            4       4       0       0
   -8.2236013491480939            5       5       0       0
    0.0000000000000000            0       0       0       0
