&FCI
 NORB=5,
 NELEC=9,
 MS2=1,
 ISYM=1,
 ORBSYM=1,1,1,1,1,
 ST=1,
 III=1,
 OCC=5,
 CLOSED=4,
 /
    5.3257143362845207            1       1       1       1
  -0.77629517464489672            2       1       1       1
  -0.30986926130998688            1       2       1       1
    1.1957636568883876            2       2       1       1
    1.1837604069306493            3       3       1       1
    1.1837604069306491            4       4       1       1
    1.1837604069306491            5       5       1       1
  -0.77629517464489672            1       1       2       1
   0.13580046228865111            2       1       2       1
   0.88398786139816221E-001       1       2       2       1
  -0.95245277840873097E-001       2       2       2       1
  -0.82633899679310785E-001       3       3       2       1
  -0.82633899679310729E-001       4       4       2       1
  -0.82633899679311021E-001       5       5       2       1
   0.49929850273647935E-001       3       1       3       1
   0.52724866328937650E-001       3       2       3       1
   0.29831027233022504E-001       1       3       3       1
   0.51021696192618066E-001       2       3       3       1
   0.49929850273647935E-001       4       1       4       1
   0.52724866328937643E-001       4       2       4       1
   0.29831027233022500E-001       1       4       4       1
   0.51021696192618059E-001       2       4       4       1
   0.49929850273647935E-001       5       1       5       1
   0.52724866328937650E-001       5       2       5       1
   0.29831027233022514E-001       1       5       5       1
   0.51021696192618073E-001       2       5       5       1
  -0.30986926130998688            1       1       1       2
   0.88398786139816221E-001       2       1       1       2
   0.40997109990981308E-001       1       2       1       2
   0.36896908709490389E-001       2       2       1       2
   0.46913448850118403E-001       3       3       1       2
   0.46913448850118417E-001       4       4       1       2
   0.46913448850118389E-001       5       5       1       2
    1.1957636568883876            1       1       2       2
  -0.95245277840873097E-001       2       1       2       2
   0.36896908709490389E-001       1       2       2       2
   0.70562956587238990            2       2       2       2
   0.72083718352707593            3       3       2       2
   0.72083718352707593            4       4       2       2
   0.72083718352707593            5       5       2       2
   0.52724866328937650E-001       3       1       3       2
   0.16240551881518894            3       2       3       2
   0.26854004919906860E-001       1       3       3       2
   0.17155950023690678            2       3       3       2
   0.52724866328937643E-001       4       1       4       2
   0.16240551881518894            4       2       4       2
   0.26854004919906888E-001       1       4       4       2
   0.17155950023690680            2       4       4       2
   0.52724866328937650E-001       5       1       5       2
   0.16240551881518900            5       2       5       2
   0.26854004919906860E-001       1       5       5       2
   0.17155950023690683            2       5       5       2
   0.29831027233022504E-001       3       1       1       3
   0.26854004919906860E-001       3       2       1       3
   0.97322041923970752E-002       1       3       1       3
   0.25150834783587324E-001       2       3       1       3
   0.51021696192618066E-001       3       1       2       3
   0.17155950023690678            3       2       2       3
   0.25150834783587324E-001       1       3       2       3
   0.18071348165862464            2       3       2       3
    1.1837604069306493            1       1       3       3
  -0.82633899679310785E-001       2       1       3       3
   0.46913448850118403E-001       1       2       3       3
   0.72083718352707593            2       2       3       3
   0.80329933377932039            3       3       3       3
   0.70800990291461119            4       4       3       3
   0.70800990291461119            5       5       3       3
   0.47648470835813549E-001       4       3       4       3
   0.47648470835813549E-001       3       4       4       3
   0.47648470835813542E-001       5       3       5       3
   0.47648470835813542E-001       3       5       5       3
   0.29831027233022500E-001       4       1       1       4
   0.26854004919906888E-001       4       2       1       4
   0.97322041923970579E-002       1       4       1       4
   0.25150834783587345E-001       2       4       1       4
   0.51021696192618059E-001       4       1       2       4
   0.17155950023690680            4       2       2       4
   0.25150834783587345E-001       1       4       2       4
   0.18071348165862464            2       4       2       4
   0.47648470835813549E-001       4       3       3       4
   0.47648470835813549E-001       3       4       3       4
    1.1837604069306491            1       1       4       4
  -0.82633899679310729E-001       2       1       4       4
   0.46913448850118417E-001       1       2       4       4
   0.72083718352707593            2       2       4       4
   0.70800990291461119            3       3       4       4
   0.80329933377932061            4       4       4       4
   0.70800990291461097            5       5       4       4
   0.47648470835813549E-001       5       4       5       4
   0.47648470835813549E-001       4       5       5       4
   0.29831027233022514E-001       5       1       1       5
   0.26854004919906860E-001       5       2       1       5
   0.97322041923970891E-002       1       5       1       5
   0.25150834783587324E-001       2       5       1       5
   0.51021696192618073E-001       5       1       2       5
   0.17155950023690683            5       2       2       5
   0.25150834783587324E-001       1       5       2       5
   0.18071348165862466            2       5       2       5
   0.47648470835813542E-001       5       3       3       5
   0.47648470835813549E-001       3       5       3       5
   0.47648470835813549E-001       5       4       4       5
   0.47648470835813549E-001       4       5       4       5
    1.1837604069306491            1       1       5       5
  -0.82633899679311021E-001       2       1       5       5
   0.46913448850118389E-001       1       2       5       5
   0.72083718352707593            2       2       5       5
   0.70800990291461119            3       3       5       5
   0.70800990291461097            4       4       5       5
   0.80329933377932050            5       5       5       5
   -40.412121892196978            1       1       0       0
   0.74652224201531581            1       2       0       0
   0.74652224201531581            2       1       0       0
   -8.8810255672561489            2       2       0       0
   -8.2236013491480939            3       3       0       0
   -8.2236013491480939            4       4       0       0
   -8.2236013491480939            5       5       0       0
    0.0000000000000000            0       0       0       0
