&FCI
 NORB=5,
 NELEC=9,
 MS2=1,
 ISYM=1,
 ORBSYM=1,1,1,1,1,
 ST=1,
 III=1,
 OCC=5,
 CLOSED=4,
 /
    5.3241128965614077            1       1       1       1
  -0.78689285213594651            2       1       1       1
  -0.29992183815616391            1       2       1       1
    1.1877139142356867            2       2       1       1
    1.1759378444420299            3       3       1       1
    1.1759378444420299            4       4       1       1
    1.1759378444420299            5       5       1       1
  -0.78689285213594651            1       1       2       1
   0.13730903166164141            2       1       2       1
   0.88434890258824894E-001       1       2       2       1
  -0.99155804839353046E-001       2       2       2       1
  -0.86575218091791278E-001       3       3       2       1
  -0.86575218091791278E-001       4       4       2       1
  -0.86575218091791223E-001       5       5       2       1
   0.49941662546268098E-001       3       1       3       1
   0.52097272433289245E-001       3       2       3       1
   0.29830250257405246E-001       1       3       3       1
   0.50466777085097059E-001       2       3       3       1
   0.49941662546268098E-001       4       1       4       1
   0.52097272433289252E-001       4       2       4       1
   0.29830250257405252E-001       1       4       4       1
   0.50466777085097073E-001       2       4       4       1
   0.49941662546268084E-001       5       1       5       1
   0.52097272433289252E-001       5       2       5       1
   0.29830250257405242E-001       1       5       5       1
   0.50466777085097073E-001       2       5       5       1
  -0.29992183815616391            1       1       1       2
   0.88434890258824894E-001       2       1       1       2
   0.39560748856008389E-001       1       2       1       2
   0.40520124415705974E-001       2       2       1       2
   0.50580368601781014E-001       3       3       1       2
   0.50580368601781001E-001       4       4       1       2
   0.50580368601780959E-001       5       5       1       2
    1.1877139142356867            1       1       2       2
  -0.99155804839353046E-001       2       1       2       2
   0.40520124415705974E-001       1       2       2       2
   0.69399685720300552            2       2       2       2
   0.70934955242629605            3       3       2       2
   0.70934955242629616            4       4       2       2
   0.70934955242629627            5       5       2       2
   0.52097272433289245E-001       3       1       3       2
   0.16068213332522868            3       2       3       2
   0.27334598045306531E-001       1       3       3       2
   0.17090561277501287            2       3       3       2
   0.52097272433289252E-001       4       1       4       2
   0.16068213332522871            4       2       4       2
   0.27334598045306528E-001       1       4       4       2
   0.17090561277501293            2       4       4       2
   0.52097272433289252E-001       5       1       5       2
   0.16068213332522871            5       2       5       2
   0.27334598045306524E-001       1       5       5       2
   0.17090561277501290            2       5       5       2
   0.29830250257405246E-001       3       1       1       3
   0.27334598045306531E-001       3       2       1       3
   0.97188379685423966E-002       1       3       1       3
   0.25704102697114390E-001       2       3       1       3
   0.50466777085097059E-001       3       1       2       3
   0.17090561277501287            3       2       2       3
   0.25704102697114390E-001       1       3       2       3
   0.18112909222479709            2       3       2       3
    1.1759378444420299            1       1       3       3
  -0.86575218091791278E-001       2       1       3       3
   0.50580368601781014E-001       1       2       3       3
   0.70934955242629605            2       2       3       3
   0.79127836662335782            3       3       3       3
   0.69701836535096495            4       4       3       3
   0.69701836535096495            5       5       3       3
   0.47133912392953649E-001       4       3       4       3
   0.47133912392953649E-001       3       4       4       3
   0.47133912392953642E-001       5       3       5       3
   0.47133912392953642E-001       3       5       5       3
   0.29830250257405252E-001       4       1       1       4
   0.27334598045306528E-001       4       2       1       4
   0.97188379685424035E-002       1       4       1       4
   0.25704102697114387E-001       2       4       1       4
   0.50466777085097073E-001       4       1       2       4
   0.17090561277501293            4       2       2       4
   0.25704102697114387E-001       1       4       2       4
   0.18112909222479714            2       4       2       4
   0.47133912392953649E-001       4       3       3       4
   0.47133912392953642E-001       3       4       3       4
    1.1759378444420299            1       1       4       4
  -0.86575218091791278E-001       2       1       4       4
   0.50580368601781001E-001       1       2       4       4
   0.70934955242629616            2       2       4       4
   0.69701836535096495            3       3       4       4
   0.79127836662335760            4       4       4       4
   0.69701836535096473            5       5       4       4
   0.47133912392953642E-001       5       4       5       4
   0.47133912392953642E-001       4       5       5       4
   0.29830250257405242E-001       5       1       1       5
   0.27334598045306524E-001       5       2       1       5
   0.97188379685423966E-002       1       5       1       5
   0.25704102697114380E-001       2       5       1       5
   0.50466777085097073E-001       5       1       2       5
   0.17090561277501290            5       2       2       5
   0.25704102697114380E-001       1       5       2       5
   0.18112909222479709            2       5       2       5
   0.47133912392953642E-001       5       3       3       5
   0.47133912392953642E-001       3       5       3       5
   0.47133912392953642E-001       5       4       4       5
   0.47133912392953649E-001       4       5       4       5
    1.1759378444420299            1       1       5       5
  -0.86575218091791223E-001       2       1       5       5
   0.50580368601780959E-001       1       2       5       5
   0.70934955242629627            2       2       5       5
   0.69701836535096495            3       3       5       5
   0.69701836535096473            4       4       5       5
   0.79127836662335782            5       5       5       5
   -40.412121892196978            1       1       0       0
   0.74652224201531581            1       2       0       0
   0.74652224201531581            2       1       0       0
   -8.8810255672561489            2       2       0       0
   -8.2236013491480939            3       3       0       0
   -8.2236013491480939            4       4       0       0
   -8.2236013491480939            5       5       0       0
    0.0000000000000000            0       0       0       0
