&FCI
 NORB=5,
 NELEC=9,
 MS2=1,
 ISYM=1,
 ORBSYM=1,1,1,1,1,
 ST=1,
 III=1,
 OCC=5,
 CLOSED=4,
 /
    5.3245421158987822            1       1       1       1
  -0.78307040130643901            2       1       1       1
  -0.30341183792804016            1       2       1       1
    1.1903504693051223            2       2       1       1
    1.1785225041749425            3       3       1       1
    1.1785225041749425            4       4       1       1
    1.1785225041749425            5       5       1       1
  -0.78307040130643901            1       1       2       1
   0.13691056837421417            2       1       2       1
   0.88419654280986318E-001       1       2       2       1
  -0.96040363113189697E-001       2       2       2       1
  -0.83516632278209338E-001       3       3       2       1
  -0.83516632278209282E-001       4       4       2       1
  -0.83516632278209421E-001       5       5       2       1
   0.49566712827211937E-001       3       1       3       1
   0.50848572697242522E-001       3       2       3       1
   0.29823029324873476E-001       1       3       3       1
   0.49319335666510554E-001       2       3       3       1
   0.49566712827211937E-001       4       1       4       1
   0.50848572697242536E-001       4       2       4       1
   0.29823029324873476E-001       1       4       4       1
   0.49319335666510561E-001       2       4       4       1
   0.49566712827211964E-001       5       1       5       1
   0.50848572697242522E-001       5       2       5       1
   0.29823029324873480E-001       1       5       5       1
   0.49319335666510547E-001       2       5       5       1
  -0.30341183792804016            1       1       1       2
   0.88419654280986318E-001       2       1       1       2
   0.39928740187758473E-001       1       2       1       2
   0.37664489359243436E-001       2       2       1       2
   0.47771209032484871E-001       3       3       1       2
   0.47771209032484940E-001       4       4       1       2
   0.47771209032484926E-001       5       5       1       2
    1.1903504693051223            1       1       2       2
  -0.96040363113189697E-001       2       1       2       2
   0.37664489359243436E-001       1       2       2       2
   0.69932160155516521            2       2       2       2
   0.71457590702532259            3       3       2       2
   0.71457590702532281            4       4       2       2
   0.71457590702532259            5       5       2       2
   0.50848572697242522E-001       3       1       3       2
   0.15884845807843970            3       2       3       2
   0.28461273135399777E-001       1       3       3       2
   0.17048223548099042            2       3       3       2
   0.50848572697242536E-001       4       1       4       2
   0.15884845807843967            4       2       4       2
   0.28461273135399770E-001       1       4       4       2
   0.17048223548099042            2       4       4       2
   0.50848572697242522E-001       5       1       5       2
   0.15884845807843967            5       2       5       2
   0.28461273135399777E-001       1       5       5       2
   0.17048223548099040            2       5       5       2
   0.29823029324873476E-001       3       1       1       3
   0.28461273135399777E-001       3       2       1       3
   0.10079345822535012E-001       1       3       1       3
   0.26932036104667850E-001       2       3       1       3
   0.49319335666510554E-001       3       1       2       3
   0.17048223548099042            3       2       2       3
   0.26932036104667850E-001       1       3       2       3
   0.18211601288354118            2       3       2       3
    1.1785225041749425            1       1       3       3
  -0.83516632278209338E-001       2       1       3       3
   0.47771209032484871E-001       1       2       3       3
   0.71457590702532259            2       2       3       3
   0.79669735407475395            3       3       3       3
   0.70200124687899934            4       4       3       3
   0.70200124687899934            5       5       3       3
   0.47351972427904399E-001       4       3       4       3
   0.47351972427904399E-001       3       4       4       3
   0.47351972427904385E-001       5       3       5       3
   0.47351972427904392E-001       3       5       5       3
   0.29823029324873476E-001       4       1       1       4
   0.28461273135399770E-001       4       2       1       4
   0.10079345822535019E-001       1       4       1       4
   0.26932036104667843E-001       2       4       1       4
   0.49319335666510561E-001       4       1       2       4
   0.17048223548099042            4       2       2       4
   0.26932036104667843E-001       1       4       2       4
   0.18211601288354118            2       4       2       4
   0.47351972427904399E-001       4       3       3       4
   0.47351972427904399E-001       3       4       3       4
    1.1785225041749425            1       1       4       4
  -0.83516632278209282E-001       2       1       4       4
   0.47771209032484940E-001       1       2       4       4
   0.71457590702532281            2       2       4       4
   0.70200124687899934            3       3       4       4
   0.79669735407475395            4       4       4       4
   0.70200124687899912            5       5       4       4
   0.47351972427904399E-001       5       4       5       4
   0.47351972427904399E-001       4       5       5       4
   0.29823029324873480E-001       5       1       1       5
   0.28461273135399777E-001       5       2       1       5
   0.10079345822534995E-001       1       5       1       5
   0.26932036104667843E-001       2       5       1       5
   0.49319335666510547E-001       5       1       2       5
   0.17048223548099040            5       2       2       5
   0.26932036104667843E-001       1       5       2       5
   0.18211601288354112            2       5       2       5
   0.47351972427904392E-001       5       3       3       5
   0.47351972427904399E-001       3       5       3       5
   0.47351972427904399E-001       5       4       4       5
   0.47351972427904399E-001       4       5       4       5
    1.1785225041749425            1       1       5       5
  -0.83516632278209421E-001       2       1       5       5
   0.47771209032484926E-001       1       2       5       5
   0.71457590702532259            2       2       5       5
   0.70200124687899934            3       3       5       5
   0.70200124687899912            4       4       5       5
   0.79669735407475373            5       5       5       5
   -40.412121892196978            1       1       0       0
   0.74652224201531581            1       2       0       0
   0.74652224201531581            2       1       0       0
   -8.8810255672561489            2       2       0       0
   -8.2236013491480939            3       3       0       0
   -8.2236013491480939            4       4       0       0
   -8.2236013491480939            5       5       0       0
    0.0000000000000000            0       0       0       0
