&FCI
 NORB=5,
 NELEC=9,
 MS2=1,
 ISYM=1,
 ORBSYM=1,1,1,1,1,
 ST=1,
 III=1,
 OCC=5,
 CLOSED=4,
 /
    5.3257972109040921            1       1       1       1
  -0.77838987681820027            2       1       1       1
  -0.30808664066540425            1       2       1       1
    1.1931280328896599            2       2       1       1
    1.1812118887376550            3       3       1       1
    1.1812118887376553            4       4       1       1
    1.1812118887376553            5       5       1       1
  -0.77838987681820027            1       1       2       1
   0.13571930241410521            2       1       2       1
   0.88415614144591648E-001       1       2       2       1
  -0.96341523243928931E-001       2       2       2       1
  -0.83804129513573800E-001       3       3       2       1
  -0.83804129513573786E-001       4       4       2       1
  -0.83804129513573938E-001       5       5       2       1
   0.49547180780167510E-001       3       1       3       1
   0.50811199309536870E-001       3       2       3       1
   0.29828482617000093E-001       1       3       3       1
   0.49266591035029707E-001       2       3       3       1
   0.49547180780167517E-001       4       1       4       1
   0.50811199309536877E-001       4       2       4       1
   0.29828482617000093E-001       1       4       4       1
   0.49266591035029714E-001       2       4       4       1
   0.49547180780167510E-001       5       1       5       1
   0.50811199309536891E-001       5       2       5       1
   0.29828482617000093E-001       1       5       5       1
   0.49266591035029721E-001       2       5       5       1
  -0.30808664066540425            1       1       1       2
   0.88415614144591648E-001       2       1       1       2
   0.41111925875078101E-001       1       2       1       2
   0.37939009744468233E-001       2       2       1       2
   0.48030151714237884E-001       3       3       1       2
   0.48030151714237981E-001       4       4       1       2
   0.48030151714237954E-001       5       5       1       2
    1.1931280328896599            1       1       2       2
  -0.96341523243928931E-001       2       1       2       2
   0.37939009744468233E-001       1       2       2       2
   0.70169317809812415            2       2       2       2
   0.71696516594468862            3       3       2       2
   0.71696516594468873            4       4       2       2
   0.71696516594468851            5       5       2       2
   0.50811199309536870E-001       3       1       3       2
   0.15930331382980156            3       2       3       2
   0.28519418897101974E-001       1       3       3       2
   0.17059560100627491            2       3       3       2
   0.50811199309536877E-001       4       1       4       2
   0.15930331382980156            4       2       4       2
   0.28519418897101988E-001       1       4       4       2
   0.17059560100627491            2       4       4       2
   0.50811199309536891E-001       5       1       5       2
   0.15930331382980148            5       2       5       2
   0.28519418897101953E-001       1       5       5       2
   0.17059560100627486            2       5       5       2
   0.29828482617000093E-001       3       1       1       3
   0.28519418897101974E-001       3       2       1       3
   0.10109784453832676E-001       1       3       1       3
   0.26974810622594853E-001       2       3       1       3
   0.49266591035029707E-001       3       1       2       3
   0.17059560100627491            3       2       2       3
   0.26974810622594853E-001       1       3       2       3
   0.18188788818274823            2       3       2       3
    1.1812118887376550            1       1       3       3
  -0.83804129513573800E-001       2       1       3       3
   0.48030151714237884E-001       1       2       3       3
   0.71696516594468862            2       2       3       3
   0.79926537979516843            3       3       3       3
   0.70431761919093694            4       4       3       3
   0.70431761919093705            5       5       3       3
   0.47477717444815402E-001       4       3       4       3
   0.47477717444815409E-001       3       4       4       3
   0.47477717444815409E-001       5       3       5       3
   0.47477717444815409E-001       3       5       5       3
   0.29828482617000093E-001       4       1       1       4
   0.28519418897101988E-001       4       2       1       4
   0.10109784453832669E-001       1       4       1       4
   0.26974810622594866E-001       2       4       1       4
   0.49266591035029714E-001       4       1       2       4
   0.17059560100627491            4       2       2       4
   0.26974810622594866E-001       1       4       2       4
   0.18188788818274823            2       4       2       4
   0.47477717444815409E-001       4       3       3       4
   0.47477717444815409E-001       3       4       3       4
    1.1812118887376553            1       1       4       4
  -0.83804129513573786E-001       2       1       4       4
   0.48030151714237981E-001       1       2       4       4
   0.71696516594468873            2       2       4       4
   0.70431761919093694            3       3       4       4
   0.79926537979516832            4       4       4       4
   0.70431761919093672            5       5       4       4
   0.47477717444815409E-001       5       4       5       4
   0.47477717444815409E-001       4       5       5       4
   0.29828482617000093E-001       5       1       1       5
   0.28519418897101953E-001       5       2       1       5
   0.10109784453832680E-001       1       5       1       5
   0.26974810622594828E-001       2       5       1       5
   0.49266591035029721E-001       5       1       2       5
   0.17059560100627486            5       2       2       5
   0.26974810622594828E-001       1       5       2       5
   0.18188788818274823            2       5       2       5
   0.47477717444815409E-001       5       3       3       5
   0.47477717444815409E-001       3       5       3       5
   0.47477717444815409E-001       5       4       4       5
   0.47477717444815409E-001       4       5       4       5
    1.1812118887376553            1       1       5       5
  -0.83804129513573938E-001       2       1       5       5
   0.48030151714237954E-001       1       2       5       5
   0.71696516594468851            2       2       5       5
   0.70431761919093705            3       3       5       5
   0.70431761919093672            4       4       5       5
   0.79926537979516832            5       5       5       5
   -40.412121892196978            1       1       0       0
   0.74652224201531581            1       2       0       0
   0.74652224201531581            2       1       0       0
   -8.8810255672561489            2       2       0       0
   -8.2236013491480939            3       3       0       0
   -8.2236013491480939            4       4       0       0
   -8.2236013491480939            5       5       0       0
    0.0000000000000000            0       0       0       0
