&FCI
 NORB=5,
 NELEC=9,
 MS2=1,
 ISYM=1,
 ORBSYM=1,1,1,1,1,
 ST=1,
 III=1,
 OCC=5,
 CLOSED=4,
 /
    5.3251767490524635            1       1       1       1
  -0.78163916678647094            2       1       1       1
  -0.30493078773964122            1       2       1       1
    1.1912149362698468            2       2       1       1
    1.1793526624107251            3       3       1       1
    1.1793526624107251            4       4       1       1
    1.1793526624107251            5       5       1       1
  -0.78163916678647094            1       1       2       1
   0.13639654017921732            2       1       2       1
   0.88421754457946714E-001       1       2       2       1
  -0.96697195197662775E-001       2       2       2       1
  -0.84169486954302666E-001       3       3       2       1
  -0.84169486954302680E-001       4       4       2       1
  -0.84169486954302764E-001       5       5       2       1
   0.49793013006294108E-001       3       1       3       1
   0.52849993536834394E-001       3       2       3       1
   0.29831428580668597E-001       1       3       3       1
   0.51167158877868740E-001       2       3       3       1
   0.49793013006294101E-001       4       1       4       1
   0.52849993536834401E-001       4       2       4       1
   0.29831428580668597E-001       1       4       4       1
   0.51167158877868754E-001       2       4       4       1
   0.49793013006294087E-001       5       1       5       1
   0.52849993536834394E-001       5       2       5       1
   0.29831428580668583E-001       1       5       5       1
   0.51167158877868740E-001       2       5       5       1
  -0.30493078773964122            1       1       1       2
   0.88421754457946714E-001       2       1       1       2
   0.40446968736676109E-001       1       2       1       2
   0.38291579242676455E-001       2       2       1       2
   0.48393038153816750E-001       3       3       1       2
   0.48393038153816639E-001       4       4       1       2
   0.48393038153816792E-001       5       5       1       2
    1.1912149362698468            1       1       2       2
  -0.96697195197662775E-001       2       1       2       2
   0.38291579242676455E-001       1       2       2       2
   0.70028968082865606            2       2       2       2
   0.71553133719302786            3       3       2       2
   0.71553133719302764            4       4       2       2
   0.71553133719302786            5       5       2       2
   0.52849993536834394E-001       3       1       3       2
   0.16255092617200620            3       2       3       2
   0.26740242511145301E-001       1       3       3       2
   0.17191949565479686            2       3       3       2
   0.52849993536834401E-001       4       1       4       2
   0.16255092617200620            4       2       4       2
   0.26740242511145321E-001       1       4       4       2
   0.17191949565479689            2       4       4       2
   0.52849993536834394E-001       5       1       5       2
   0.16255092617200617            5       2       5       2
   0.26740242511145304E-001       1       5       5       2
   0.17191949565479686            2       5       5       2
   0.29831428580668597E-001       3       1       1       3
   0.26740242511145301E-001       3       2       1       3
   0.98698441550430886E-002       1       3       1       3
   0.25057407852179695E-001       2       3       1       3
   0.51167158877868740E-001       3       1       2       3
   0.17191949565479686            3       2       2       3
   0.25057407852179695E-001       1       3       2       3
   0.18128806513758755            2       3       2       3
    1.1793526624107251            1       1       3       3
  -0.84169486954302666E-001       2       1       3       3
   0.48393038153816750E-001       1       2       3       3
   0.71553133719302786            2       2       3       3
   0.79841766650427659            3       3       3       3
   0.70255289646478913            4       4       3       3
   0.70255289646478913            5       5       3       3
   0.47936121880491345E-001       4       3       4       3
   0.47936121880491345E-001       3       4       4       3
   0.47936121880491345E-001       5       3       5       3
   0.47936121880491345E-001       3       5       5       3
   0.29831428580668597E-001       4       1       1       4
   0.26740242511145321E-001       4       2       1       4
   0.98698441550430921E-002       1       4       1       4
   0.25057407852179719E-001       2       4       1       4
   0.51167158877868754E-001       4       1       2       4
   0.17191949565479689            4       2       2       4
   0.25057407852179719E-001       1       4       2       4
   0.18128806513758755            2       4       2       4
   0.47936121880491345E-001       4       3       3       4
   0.47936121880491345E-001       3       4       3       4
    1.1793526624107251            1       1       4       4
  -0.84169486954302680E-001       2       1       4       4
   0.48393038153816639E-001       1       2       4       4
   0.71553133719302764            2       2       4       4
   0.70255289646478913            3       3       4       4
   0.79841766650427637            4       4       4       4
   0.70255289646478891            5       5       4       4
   0.47936121880491345E-001       5       4       5       4
   0.47936121880491345E-001       4       5       5       4
   0.29831428580668583E-001       5       1       1       5
   0.26740242511145304E-001       5       2       1       5
   0.98698441550430747E-002       1       5       1       5
   0.25057407852179692E-001       2       5       1       5
   0.51167158877868740E-001       5       1       2       5
   0.17191949565479686            5       2       2       5
   0.25057407852179692E-001       1       5       2       5
   0.18128806513758752            2       5       2       5
   0.47936121880491345E-001       5       3       3       5
   0.47936121880491345E-001       3       5       3       5
   0.47936121880491345E-001       5       4       4       5
   0.47936121880491345E-001       4       5       4       5
    1.1793526624107251            1       1       5       5
  -0.84169486954302764E-001       2       1       5       5
   0.48393038153816792E-001       1       2       5       5
   0.71553133719302786            2       2       5       5
   0.70255289646478913            3       3       5       5
   0.70255289646478891            4       4       5       5
   0.79841766650427659            5       5       5       5
   -40.412121892196978            1       1       0       0
   0.74652224201531581            1       2       0       0
   0.74652224201531581            2       1       0       0
   -8.8810255672561489            2       2       0       0
   -8.2236013491480939            3       3       0       0
   -8.2236013491480939            4       4       0       0
   -8.2236013491480939            5       5       0       0
    0.0000000000000000            0       0       0       0
