           5
  -0.23958200960129412E-001       1       1       1       1       1       1
  -0.14758060163380947E-003       1       1       1       1       1       2
  -0.25460789594141699E-003       1       1       1       1       2       2
  -0.49419916534739667E-004       1       1       1       1       3       3
  -0.49419916534739504E-004       1       1       1       1       4       4
  -0.49419916534739667E-004       1       1       1       1       5       5
   0.56314474532535963E-004       1       1       1       2       2       2
  -0.25259187072513083E-005       1       1       1       2       3       3
  -0.25259187072513219E-005       1       1       1       2       4       4
  -0.25259187072513105E-005       1       1       1       2       5       5
  -0.58195284263111643E-001       1       1       2       1       1       2
  -0.24321891282108074E-002       1       1       2       1       2       2
  -0.42587735423380924E-003       1       1       2       1       3       3
  -0.42587735423380924E-003       1       1       2       1       4       4
  -0.42587735423380951E-003       1       1       2       1       5       5
   0.10866843281284403E-003       1       1       2       2       2       2
  -0.72062819587886875E-005       1       1       2       2       3       3
  -0.72062819587887113E-005       1       1       2       2       4       4
  -0.72062819587886926E-005       1       1       2       2       5       5
  -0.49398115649876079E-004       1       1       2       3       3       2
  -0.49398115649876059E-004       1       1       2       4       4       2
  -0.49398115649876154E-004       1       1       2       5       5       2
  -0.56244479853425178E-001       1       1       3       1       1       3
  -0.24172476040470459E-002       1       1       3       1       2       3
   0.11377545027049517E-003       1       1       3       2       2       3
  -0.57740254121793710E-004       1       1       3       3       3       3
  -0.53596287451132541E-005       1       1       3       3       4       4
  -0.53596287451132473E-005       1       1       3       3       5       5
  -0.47018715978358486E-004       1       1       3       4       4       3
  -0.47018715978358513E-004       1       1       3       5       5       3
  -0.56244479853425185E-001       1       1       4       1       1       4
  -0.24172476040470450E-002       1       1       4       1       2       4
   0.11377545027049517E-003       1       1       4       2       2       4
  -0.47018715978358493E-004       1       1       4       3       3       4
  -0.57740254121793676E-004       1       1       4       4       4       4
  -0.53596287451132541E-005       1       1       4       4       5       5
  -0.47018715978358526E-004       1       1       4       5       5       4
  -0.56244479853425185E-001       1       1       5       1       1       5
  -0.24172476040470454E-002       1       1       5       1       2       5
   0.11377545027049525E-003       1       1       5       2       2       5
  -0.47018715978358445E-004       1       1       5       3       3       5
  -0.47018715978358493E-004       1       1       5       4       4       5
  -0.57740254121793730E-004       1       1       5       5       5       5
  -0.12080117762936038            1       2       2       1       2       2
  -0.60858417784470861E-002       1       2       2       1       3       3
  -0.60858417784470835E-002       1       2       2       1       4       4
  -0.60858417784470835E-002       1       2       2       1       5       5
  -0.21503066923802693E-002       1       2       2       2       2       2
  -0.13252787857745802E-004       1       2       2       2       3       3
  -0.13252787857745790E-004       1       2       2       2       4       4
  -0.13252787857745817E-004       1       2       2       2       5       5
  -0.45427956542812308E-003       1       2       2       3       2       3
  -0.45427956542812249E-003       1       2       2       4       2       4
  -0.45427956542812298E-003       1       2       2       5       2       5
  -0.11825086821752978            1       2       3       1       2       3
  -0.21157056557492768E-002       1       2       3       2       2       3
  -0.48565387857130464E-003       1       2       3       3       3       3
  -0.22247555350175784E-004       1       2       3       3       4       4
  -0.22247555350175791E-004       1       2       3       3       5       5
  -0.22247555350175781E-004       1       2       3       4       3       4
  -0.44114101561598239E-003       1       2       3       4       4       3
  -0.22247555350175798E-004       1       2       3       5       3       5
  -0.44114101561598267E-003       1       2       3       5       5       3
  -0.11825086821752973            1       2       4       1       2       4
  -0.21157056557492776E-002       1       2       4       2       2       4
  -0.44114101561598250E-003       1       2       4       3       3       4
  -0.48565387857130491E-003       1       2       4       4       4       4
  -0.22247555350175781E-004       1       2       4       4       5       5
  -0.22247555350175798E-004       1       2       4       5       4       5
  -0.44114101561598283E-003       1       2       4       5       5       4
  -0.11825086821752975            1       2       5       1       2       5
  -0.21157056557492785E-002       1       2       5       2       2       5
  -0.44114101561598245E-003       1       2       5       3       3       5
  -0.44114101561598229E-003       1       2       5       4       4       5
  -0.48565387857130491E-003       1       2       5       5       5       5
  -0.11715478765791501            1       3       3       1       3       3
  -0.10684056007612026E-002       1       3       3       1       4       4
  -0.10684056007612037E-002       1       3       3       1       5       5
  -0.20972790436845695E-002       1       3       3       2       3       3
  -0.13066141422788224E-004       1       3       3       2       4       4
  -0.13066141422788222E-004       1       3       3       2       5       5
  -0.11501605038775038            1       3       4       1       3       4
  -0.20711356861083871E-002       1       3       4       2       3       4
  -0.11501605038775040            1       3       5       1       3       5
  -0.20711356861083854E-002       1       3       5       2       3       5
  -0.11715478765791494            1       4       4       1       4       4
  -0.10684056007612035E-002       1       4       4       1       5       5
  -0.20972790436845695E-002       1       4       4       2       4       4
  -0.13066141422788222E-004       1       4       4       2       5       5
  -0.11501605038775031            1       4       5       1       4       5
  -0.20711356861083871E-002       1       4       5       2       4       5
  -0.11715478765791487            1       5       5       1       5       5
  -0.20972790436845699E-002       1       5       5       2       5       5
  -0.19266611018015056            2       2       2       2       2       2
  -0.64544806395081481E-002       2       2       2       2       3       3
  -0.64544806395081412E-002       2       2       2       2       4       4
  -0.64544806395081533E-002       2       2       2       2       5       5
  -0.18943603575979229            2       2       3       2       2       3
  -0.67089271351883821E-002       2       2       3       3       3       3
  -0.20250641206297302E-003       2       2       3       3       4       4
  -0.20250641206297307E-003       2       2       3       3       5       5
  -0.63036253569549658E-002       2       2       3       4       4       3
  -0.63036253569549779E-002       2       2       3       5       5       3
  -0.18943603575979229            2       2       4       2       2       4
  -0.63036253569549710E-002       2       2       4       3       3       4
  -0.67089271351883726E-002       2       2       4       4       4       4
  -0.20250641206297307E-003       2       2       4       4       5       5
  -0.63036253569549771E-002       2       2       4       5       5       4
  -0.18943603575979220            2       2       5       2       2       5
  -0.63036253569549736E-002       2       2       5       3       3       5
  -0.63036253569549658E-002       2       2       5       4       4       5
  -0.67089271351883830E-002       2       2       5       5       5       5
  -0.18790328193600217            2       3       3       2       3       3
  -0.12540421375252179E-002       2       3       3       2       4       4
  -0.12540421375252177E-002       2       3       3       2       5       5
  -0.18539303737998930            2       3       4       2       3       4
  -0.18539303737998930            2       3       5       2       3       5
  -0.18790328193600217            2       4       4       2       4       4
  -0.12540421375252177E-002       2       4       4       2       5       5
  -0.18539303737998936            2       4       5       2       4       5
  -0.18790328193600225            2       5       5       2       5       5
  -0.18809291886499979            3       3       3       3       3       3
  -0.12659367944736475E-002       3       3       3       3       4       4
  -0.12659367944736475E-002       3       3       3       3       5       5
  -0.18302465926852876            3       3       4       3       3       4
  -0.12659367944736486E-002       3       3       4       4       4       4
  -0.25142349496540565E-004       3       3       4       4       5       5
  -0.12157414967076756E-002       3       3       4       5       5       4
  -0.18302465926852873            3       3       5       3       3       5
  -0.12157414967076752E-002       3       3       5       4       4       5
  -0.12659367944736475E-002       3       3       5       5       5       5
  -0.18302465926852876            3       4       4       3       4       4
  -0.12157414967076756E-002       3       4       4       3       5       5
  -0.18059123379662978            3       4       5       3       4       5
  -0.18302465926852876            3       5       5       3       5       5
  -0.18809291886499971            4       4       4       4       4       4
  -0.12659367944736484E-002       4       4       4       4       5       5
  -0.18302465926852873            4       4       5       4       4       5
  -0.12659367944736475E-002       4       4       5       5       5       5
  -0.18302465926852876            4       5       5       4       5       5
  -0.18809291886499979            5       5       5       5       5       5
