           5
  -0.25174353698909031E-001       1       1       1       1       1       1
  -0.14859864542916416E-003       1       1       1       1       1       2
  -0.26455104505004320E-003       1       1       1       1       2       2
  -0.50449786155443632E-004       1       1       1       1       3       3
  -0.50449786155443645E-004       1       1       1       1       4       4
  -0.50449786155443591E-004       1       1       1       1       5       5
   0.58320721439626691E-004       1       1       1       2       2       2
  -0.28512258043924947E-005       1       1       1       2       3       3
  -0.28512258043924921E-005       1       1       1       2       4       4
  -0.28512258043925048E-005       1       1       1       2       5       5
  -0.60143620317242914E-001       1       1       2       1       1       2
  -0.25348040432694374E-002       1       1       2       1       2       2
  -0.44976036721299054E-003       1       1       2       1       3       3
  -0.44976036721299005E-003       1       1       2       1       4       4
  -0.44976036721299038E-003       1       1       2       1       5       5
   0.11350858192064981E-003       1       1       2       2       2       2
  -0.64603927877063766E-005       1       1       2       2       3       3
  -0.64603927877063791E-005       1       1       2       2       4       4
  -0.64603927877063698E-005       1       1       2       2       5       5
  -0.51622668191235146E-004       1       1       2       3       3       2
  -0.51622668191235186E-004       1       1       2       4       4       2
  -0.51622668191235152E-004       1       1       2       5       5       2
  -0.58150273318813173E-001       1       1       3       1       1       3
  -0.25185013566657163E-002       1       1       3       1       2       3
   0.11868982488055792E-003       1       1       3       2       2       3
  -0.58552731830100424E-004       1       1       3       3       3       3
  -0.42384506087064328E-005       1       1       3       3       4       4
  -0.42384506087064345E-005       1       1       3       3       5       5
  -0.50073899213774039E-004       1       1       3       4       4       3
  -0.50073899213774018E-004       1       1       3       5       5       3
  -0.58150273318813180E-001       1       1       4       1       1       4
  -0.25185013566657163E-002       1       1       4       1       2       4
   0.11868982488055782E-003       1       1       4       2       2       4
  -0.50073899213774039E-004       1       1       4       3       3       4
  -0.58552731830100390E-004       1       1       4       4       4       4
  -0.42384506087064311E-005       1       1       4       4       5       5
  -0.50073899213774032E-004       1       1       4       5       5       4
  -0.58150273318813187E-001       1       1       5       1       1       5
  -0.25185013566657163E-002       1       1       5       1       2       5
   0.11868982488055786E-003       1       1       5       2       2       5
  -0.50073899213774032E-004       1       1       5       3       3       5
  -0.50073899213774046E-004       1       1       5       4       4       5
  -0.58552731830100390E-004       1       1       5       5       5       5
  -0.12445762069649735            1       2       2       1       2       2
  -0.63302305861427585E-002       1       2       2       1       3       3
  -0.63302305861427516E-002       1       2       2       1       4       4
  -0.63302305861427603E-002       1       2       2       1       5       5
  -0.22386230770387598E-002       1       2       2       2       2       2
  -0.11165620043531832E-004       1       2       2       2       3       3
  -0.11165620043531818E-004       1       2       2       2       4       4
  -0.11165620043531830E-004       1       2       2       2       5       5
  -0.47125009765294106E-003       1       2       2       3       2       3
  -0.47125009765294106E-003       1       2       2       4       2       4
  -0.47125009765294101E-003       1       2       2       5       2       5
  -0.12185457744425272            1       2       3       1       2       3
  -0.22025266459751842E-002       1       2       3       2       2       3
  -0.50325925203661677E-003       1       2       3       3       3       3
  -0.22682214471819513E-004       1       2       3       3       4       4
  -0.22682214471819540E-004       1       2       3       3       5       5
  -0.22682214471819523E-004       1       2       3       4       3       4
  -0.45787682575702631E-003       1       2       3       4       4       3
  -0.22682214471819509E-004       1       2       3       5       3       5
  -0.45787682575702620E-003       1       2       3       5       5       3
  -0.12185457744425272            1       2       4       1       2       4
  -0.22025266459751859E-002       1       2       4       2       2       4
  -0.45787682575702641E-003       1       2       4       3       3       4
  -0.50325925203661677E-003       1       2       4       4       4       4
  -0.22682214471819540E-004       1       2       4       4       5       5
  -0.22682214471819499E-004       1       2       4       5       4       5
  -0.45787682575702625E-003       1       2       4       5       5       4
  -0.12185457744425265            1       2       5       1       2       5
  -0.22025266459751846E-002       1       2       5       2       2       5
  -0.45787682575702631E-003       1       2       5       3       3       5
  -0.45787682575702631E-003       1       2       5       4       4       5
  -0.50325925203661655E-003       1       2       5       5       5       5
  -0.12105462866625857            1       3       3       1       3       3
  -0.13300333033293215E-002       1       3       3       1       4       4
  -0.13300333033293196E-002       1       3       3       1       5       5
  -0.21792879880952014E-002       1       3       3       2       3       3
  -0.10599247695412432E-004       1       3       3       2       4       4
  -0.10599247695412437E-004       1       3       3       2       5       5
  -0.11839253893923980            1       3       4       1       3       4
  -0.21580787945633942E-002       1       3       4       2       3       4
  -0.11839253893923984            1       3       5       1       3       5
  -0.21580787945633955E-002       1       3       5       2       3       5
  -0.12105462866625863            1       4       4       1       4       4
  -0.13300333033293222E-002       1       4       4       1       5       5
  -0.21792879880952018E-002       1       4       4       2       4       4
  -0.10599247695412441E-004       1       4       4       2       5       5
  -0.11839253893923980            1       4       5       1       4       5
  -0.21580787945633950E-002       1       4       5       2       4       5
  -0.12105462866625855            1       5       5       1       5       5
  -0.21792879880952005E-002       1       5       5       2       5       5
  -0.19804362803475595            2       2       2       2       2       2
  -0.66781387473755852E-002       2       2       2       2       3       3
  -0.66781387473755817E-002       2       2       2       2       4       4
  -0.66781387473755826E-002       2       2       2       2       5       5
  -0.19475277446385714            2       2       3       2       2       3
  -0.69811502705054819E-002       2       2       3       3       3       3
  -0.23875888238678971E-003       2       2       3       3       4       4
  -0.23875888238679034E-003       2       2       3       3       5       5
  -0.65033344024184496E-002       2       2       3       4       4       3
  -0.65033344024184661E-002       2       2       3       5       5       3
  -0.19475277446385697            2       2       4       2       2       4
  -0.65033344024184626E-002       2       2       4       3       3       4
  -0.69811502705054750E-002       2       2       4       4       4       4
  -0.23875888238679015E-003       2       2       4       4       5       5
  -0.65033344024184678E-002       2       2       4       5       5       4
  -0.19475277446385714            2       2       5       2       2       5
  -0.65033344024184600E-002       2       2       5       3       3       5
  -0.65033344024184505E-002       2       2       5       4       4       5
  -0.69811502705054863E-002       2       2       5       5       5       5
  -0.19349698581235689            2       3       3       2       3       3
  -0.15074702684847428E-002       2       3       3       2       4       4
  -0.15074702684847417E-002       2       3       3       2       5       5
  -0.19047978681185668            2       3       4       2       3       4
  -0.19047978681185651            2       3       5       2       3       5
  -0.19349698581235689            2       4       4       2       4       4
  -0.15074702684847430E-002       2       4       4       2       5       5
  -0.19047978681185668            2       4       5       2       4       5
  -0.19349698581235680            2       5       5       2       5       5
  -0.19430998824370960            3       3       3       3       3       3
  -0.15229385230974984E-002       3       3       3       3       4       4
  -0.15229385230974982E-002       3       3       3       3       5       5
  -0.18821348296474461            3       3       4       3       3       4
  -0.15229385230974984E-002       3       3       4       4       4       4
  -0.31529708185211004E-004       3       3       4       4       5       5
  -0.14599975857724230E-002       3       3       4       5       5       4
  -0.18821348296474461            3       3       5       3       3       5
  -0.14599975857724247E-002       3       3       5       4       4       5
  -0.15229385230974973E-002       3       3       5       5       5       5
  -0.18821348296474455            3       4       4       3       4       4
  -0.14599975857724247E-002       3       4       4       3       5       5
  -0.18529149026928410            3       4       5       3       4       5
  -0.18821348296474452            3       5       5       3       5       5
  -0.19430998824370987            4       4       4       4       4       4
  -0.15229385230974984E-002       4       4       4       4       5       5
  -0.18821348296474461            4       4       5       4       4       5
  -0.15229385230974984E-002       4       4       5       5       5       5
  -0.18821348296474455            4       5       5       4       5       5
  -0.19430998824370951            5       5       5       5       5       5
