           5
  -0.24554971115027573E-001       1       1       1       1       1       1
  -0.77880168528616768E-004       1       1       1       1       1       2
  -0.26229693772868699E-003       1       1       1       1       2       2
  -0.50627214942623658E-004       1       1       1       1       3       3
  -0.50627214942623421E-004       1       1       1       1       4       4
  -0.50627214942623604E-004       1       1       1       1       5       5
   0.57451435557359429E-004       1       1       1       2       2       2
  -0.25652777082695071E-005       1       1       1       2       3       3
  -0.25652777082695126E-005       1       1       1       2       4       4
  -0.25652777082695058E-005       1       1       1       2       5       5
  -0.58145056369672821E-001       1       1       2       1       1       2
  -0.24292309911137819E-002       1       1       2       1       2       2
  -0.44275765523349702E-003       1       1       2       1       3       3
  -0.44275765523349702E-003       1       1       2       1       4       4
  -0.44275765523349691E-003       1       1       2       1       5       5
   0.10986829395243374E-003       1       1       2       2       2       2
  -0.65890970942225731E-005       1       1       2       2       3       3
  -0.65890970942225689E-005       1       1       2       2       4       4
  -0.65890970942225757E-005       1       1       2       2       5       5
  -0.50704908993161796E-004       1       1       2       3       3       2
  -0.50704908993161836E-004       1       1       2       4       4       2
  -0.50704908993161782E-004       1       1       2       5       5       2
  -0.56199949663980578E-001       1       1       3       1       1       3
  -0.24139589743686555E-002       1       1       3       1       2       3
   0.11498624477842648E-003       1       1       3       2       2       3
  -0.59251836253922642E-004       1       1       3       3       3       3
  -0.55038175722629914E-005       1       1       3       3       4       4
  -0.55038175722629888E-005       1       1       3       3       5       5
  -0.48241875800799647E-004       1       1       3       4       4       3
  -0.48241875800799668E-004       1       1       3       5       5       3
  -0.56199949663980599E-001       1       1       4       1       1       4
  -0.24139589743686568E-002       1       1       4       1       2       4
   0.11498624477842663E-003       1       1       4       2       2       4
  -0.48241875800799620E-004       1       1       4       3       3       4
  -0.59251836253922655E-004       1       1       4       4       4       4
  -0.55038175722629888E-005       1       1       4       4       5       5
  -0.48241875800799627E-004       1       1       4       5       5       4
  -0.56199949663980536E-001       1       1       5       1       1       5
  -0.24139589743686555E-002       1       1       5       1       2       5
   0.11498624477842650E-003       1       1       5       2       2       5
  -0.48241875800799641E-004       1       1       5       3       3       5
  -0.48241875800799654E-004       1       1       5       4       4       5
  -0.59251836253922655E-004       1       1       5       5       5       5
  -0.12064947045494714            1       2       2       1       2       2
  -0.63148259607967577E-002       1       2       2       1       3       3
  -0.63148259607967525E-002       1       2       2       1       4       4
  -0.63148259607967517E-002       1       2       2       1       5       5
  -0.21397863275510222E-002       1       2       2       2       2       2
  -0.12020164834195904E-004       1       2       2       2       3       3
  -0.12020164834195857E-004       1       2       2       2       4       4
  -0.12020164834195863E-004       1       2       2       2       5       5
  -0.46666023392615951E-003       1       2       2       3       2       3
  -0.46666023392615935E-003       1       2       2       4       2       4
  -0.46666023392615957E-003       1       2       2       5       2       5
  -0.11810389564294912            1       2       3       1       2       3
  -0.21050542795614129E-002       1       2       3       2       2       3
  -0.49936165647237411E-003       1       2       3       3       3       3
  -0.23262757361461223E-004       1       2       3       3       4       4
  -0.23262757361461210E-004       1       2       3       3       5       5
  -0.23262757361461247E-004       1       2       3       4       3       4
  -0.45281780483958560E-003       1       2       3       4       4       3
  -0.23262757361461223E-004       1       2       3       5       3       5
  -0.45281780483958533E-003       1       2       3       5       5       3
  -0.11810389564294910            1       2       4       1       2       4
  -0.21050542795614129E-002       1       2       4       2       2       4
  -0.45281780483958538E-003       1       2       4       3       3       4
  -0.49936165647237411E-003       1       2       4       4       4       4
  -0.23262757361461233E-004       1       2       4       4       5       5
  -0.23262757361461226E-004       1       2       4       5       4       5
  -0.45281780483958533E-003       1       2       4       5       5       4
  -0.11810389564294910            1       2       5       1       2       5
  -0.21050542795614125E-002       1       2       5       2       2       5
  -0.45281780483958549E-003       1       2       5       3       3       5
  -0.45281780483958560E-003       1       2       5       4       4       5
  -0.49936165647237421E-003       1       2       5       5       5       5
  -0.11704780776046110            1       3       3       1       3       3
  -0.10949026058441442E-002       1       3       3       1       4       4
  -0.10949026058441425E-002       1       3       3       1       5       5
  -0.20864179462067394E-002       1       3       3       2       3       3
  -0.13019824403217413E-004       1       3       3       2       4       4
  -0.13019824403217403E-004       1       3       3       2       5       5
  -0.11485604389277655            1       3       4       1       3       4
  -0.20603671714575392E-002       1       3       4       2       3       4
  -0.11485604389277651            1       3       5       1       3       5
  -0.20603671714575400E-002       1       3       5       2       3       5
  -0.11704780776046121            1       4       4       1       4       4
  -0.10949026058441444E-002       1       4       4       1       5       5
  -0.20864179462067377E-002       1       4       4       2       4       4
  -0.13019824403217413E-004       1       4       4       2       5       5
  -0.11485604389277659            1       4       5       1       4       5
  -0.20603671714575392E-002       1       4       5       2       4       5
  -0.11704780776046106            1       5       5       1       5       5
  -0.20864179462067381E-002       1       5       5       2       5       5
  -0.19229886185279527            2       2       2       2       2       2
  -0.66863663253838666E-002       2       2       2       2       3       3
  -0.66863663253838666E-002       2       2       2       2       4       4
  -0.66863663253838648E-002       2       2       2       2       5       5
  -0.18907648835117186            2       2       3       2       2       3
  -0.69575355557861887E-002       2       2       3       3       3       3
  -0.21561935305037467E-003       2       2       3       3       4       4
  -0.21561935305037443E-003       2       2       3       3       5       5
  -0.65259949059785650E-002       2       2       3       4       4       3
  -0.65259949059785546E-002       2       2       3       5       5       3
  -0.18907648835117191            2       2       4       2       2       4
  -0.65259949059785676E-002       2       2       4       3       3       4
  -0.69575355557861904E-002       2       2       4       4       4       4
  -0.21561935305037437E-003       2       2       4       4       5       5
  -0.65259949059785615E-002       2       2       4       5       5       4
  -0.18907648835117180            2       2       5       2       2       5
  -0.65259949059785650E-002       2       2       5       3       3       5
  -0.65259949059785667E-002       2       2       5       4       4       5
  -0.69575355557861826E-002       2       2       5       5       5       5
  -0.18758560799313523            2       3       3       2       3       3
  -0.12798271522097720E-002       2       3       3       2       4       4
  -0.12798271522097709E-002       2       3       3       2       5       5
  -0.18502375882935795            2       3       4       2       3       4
  -0.18502375882935787            2       3       5       2       3       5
  -0.18758560799313523            2       4       4       2       4       4
  -0.12798271522097735E-002       2       4       4       2       5       5
  -0.18502375882935790            2       4       5       2       4       5
  -0.18758560799313517            2       5       5       2       5       5
  -0.18785267391023644            3       3       3       3       3       3
  -0.12922283811768371E-002       3       3       3       3       4       4
  -0.12922283811768358E-002       3       3       3       3       5       5
  -0.18267917120452995            3       3       4       3       3       4
  -0.12922283811768369E-002       3       3       4       4       4       4
  -0.25873789818441350E-004       3       3       4       4       5       5
  -0.12405742273780512E-002       3       3       4       5       5       4
  -0.18267917120452992            3       3       5       3       3       5
  -0.12405742273780556E-002       3       3       5       4       4       5
  -0.12922283811768361E-002       3       3       5       5       5       5
  -0.18267917120452987            3       4       4       3       4       4
  -0.12405742273780538E-002       3       4       4       3       5       5
  -0.18019605358148030            3       4       5       3       4       5
  -0.18267917120453014            3       5       5       3       5       5
  -0.18785267391023641            4       4       4       4       4       4
  -0.12922283811768369E-002       4       4       4       4       5       5
  -0.18267917120452987            4       4       5       4       4       5
  -0.12922283811768367E-002       4       4       5       5       5       5
  -0.18267917120453003            4       5       5       4       5       5
  -0.18785267391023641            5       5       5       5       5       5
