           5
  -0.24698749892743125E-001       1       1       1       1       1       1
  -0.68493985094684261E-004       1       1       1       1       1       2
  -0.26390263429514678E-003       1       1       1       1       2       2
  -0.52375708630344900E-004       1       1       1       1       3       3
  -0.52375708630344941E-004       1       1       1       1       4       4
  -0.52375708630344900E-004       1       1       1       1       5       5
   0.57725068379205178E-004       1       1       1       2       2       2
  -0.23798664074883074E-005       1       1       1       2       3       3
  -0.23798664074883129E-005       1       1       1       2       4       4
  -0.23798664074883175E-005       1       1       1       2       5       5
  -0.58301636760316106E-001       1       1       2       1       1       2
  -0.24349159279569107E-002       1       1       2       1       2       2
  -0.45746808862129714E-003       1       1       2       1       3       3
  -0.45746808862129676E-003       1       1       2       1       4       4
  -0.45746808862129714E-003       1       1       2       1       5       5
   0.11033051703698931E-003       1       1       2       2       2       2
  -0.54361945660982691E-005       1       1       2       2       3       3
  -0.54361945660982606E-005       1       1       2       2       4       4
  -0.54361945660982665E-005       1       1       2       2       5       5
  -0.51435859964760628E-004       1       1       2       3       3       2
  -0.51435859964760628E-004       1       1       2       4       4       2
  -0.51435859964760655E-004       1       1       2       5       5       2
  -0.56351274659369871E-001       1       1       3       1       1       3
  -0.24195157929955457E-002       1       1       3       1       2       3
   0.11545531729927842E-003       1       1       3       2       2       3
  -0.59824557110240754E-004       1       1       3       3       3       3
  -0.54057671678204234E-005       1       1       3       3       4       4
  -0.54057671678204242E-005       1       1       3       3       5       5
  -0.49010726112099369E-004       1       1       3       4       4       3
  -0.49010726112099369E-004       1       1       3       5       5       3
  -0.56351274659369885E-001       1       1       4       1       1       4
  -0.24195157929955461E-002       1       1       4       1       2       4
   0.11545531729927870E-003       1       1       4       2       2       4
  -0.49010726112099348E-004       1       1       4       3       3       4
  -0.59824557110240700E-004       1       1       4       4       4       4
  -0.54057671678204234E-005       1       1       4       4       5       5
  -0.49010726112099369E-004       1       1       4       5       5       4
  -0.56351274659369843E-001       1       1       5       1       1       5
  -0.24195157929955444E-002       1       1       5       1       2       5
   0.11545531729927833E-003       1       1       5       2       2       5
  -0.49010726112099369E-004       1       1       5       3       3       5
  -0.49010726112099369E-004       1       1       5       4       4       5
  -0.59824557110240774E-004       1       1       5       5       5       5
  -0.12088605554501949            1       2       2       1       2       2
  -0.64838437538617894E-002       1       2       2       1       3       3
  -0.64838437538617859E-002       1       2       2       1       4       4
  -0.64838437538617824E-002       1       2       2       1       5       5
  -0.21430793071864334E-002       1       2       2       2       2       2
  -0.10671582718153890E-004       1       2       2       2       3       3
  -0.10671582718153842E-004       1       2       2       2       4       4
  -0.10671582718153842E-004       1       2       2       2       5       5
  -0.47384153635283597E-003       1       2       2       3       2       3
  -0.47384153635283613E-003       1       2       2       4       2       4
  -0.47384153635283640E-003       1       2       2       5       2       5
  -0.11833836953051143            1       2       3       1       2       3
  -0.21082777157634324E-002       1       2       3       2       2       3
  -0.50766095368522232E-003       1       2       3       3       3       3
  -0.24176182089992580E-004       1       2       3       3       4       4
  -0.24176182089992600E-004       1       2       3       3       5       5
  -0.24176182089992590E-004       1       2       3       4       3       4
  -0.45928994062742793E-003       1       2       3       4       4       3
  -0.24176182089992607E-004       1       2       3       5       3       5
  -0.45928994062742809E-003       1       2       3       5       5       3
  -0.11833836953051152            1       2       4       1       2       4
  -0.21082777157634307E-002       1       2       4       2       2       4
  -0.45928994062742815E-003       1       2       4       3       3       4
  -0.50766095368522232E-003       1       2       4       4       4       4
  -0.24176182089992580E-004       1       2       4       4       5       5
  -0.24176182089992590E-004       1       2       4       5       4       5
  -0.45928994062742831E-003       1       2       4       5       5       4
  -0.11833836953051143            1       2       5       1       2       5
  -0.21082777157634320E-002       1       2       5       2       2       5
  -0.45928994062742782E-003       1       2       5       3       3       5
  -0.45928994062742788E-003       1       2       5       4       4       5
  -0.50766095368522243E-003       1       2       5       5       5       5
  -0.11744166539188594            1       3       3       1       3       3
  -0.12161882683051368E-002       1       3       3       1       4       4
  -0.12161882683051329E-002       1       3       3       1       5       5
  -0.20885787601249376E-002       1       3       3       2       3       3
  -0.12280047032990025E-004       1       3       3       2       4       4
  -0.12280047032990008E-004       1       3       3       2       5       5
  -0.11500729262095628            1       3       4       1       3       4
  -0.20640073957372209E-002       1       3       4       2       3       4
  -0.11500729262095628            1       3       5       1       3       5
  -0.20640073957372226E-002       1       3       5       2       3       5
  -0.11744166539188586            1       4       4       1       4       4
  -0.12161882683051355E-002       1       4       4       1       5       5
  -0.20885787601249398E-002       1       4       4       2       4       4
  -0.12280047032990024E-004       1       4       4       2       5       5
  -0.11500729262095628            1       4       5       1       4       5
  -0.20640073957372213E-002       1       4       5       2       4       5
  -0.11744166539188594            1       5       5       1       5       5
  -0.20885787601249376E-002       1       5       5       2       5       5
  -0.19250141312121655            2       2       2       2       2       2
  -0.68521247621640665E-002       2       2       2       2       3       3
  -0.68521247621640621E-002       2       2       2       2       4       4
  -0.68521247621640604E-002       2       2       2       2       5       5
  -0.18928257657927922            2       2       3       2       2       3
  -0.71529511065634441E-002       2       2       3       3       3       3
  -0.23820273836910543E-003       2       2       3       3       4       4
  -0.23820273836910535E-003       2       2       3       3       5       5
  -0.66762335258645014E-002       2       2       3       4       4       3
  -0.66762335258644945E-002       2       2       3       5       5       3
  -0.18928257657927922            2       2       4       2       2       4
  -0.66762335258645032E-002       2       2       4       3       3       4
  -0.71529511065634337E-002       2       2       4       4       4       4
  -0.23820273836910535E-003       2       2       4       4       5       5
  -0.66762335258644962E-002       2       2       4       5       5       4
  -0.18928257657927916            2       2       5       2       2       5
  -0.66762335258644988E-002       2       2       5       3       3       5
  -0.66762335258645023E-002       2       2       5       4       4       5
  -0.71529511065634406E-002       2       2       5       5       5       5
  -0.18795370484055890            2       3       3       2       3       3
  -0.13989341162245978E-002       2       3       3       2       4       4
  -0.13989341162245980E-002       2       3       3       2       5       5
  -0.18515359986752117            2       3       4       2       3       4
  -0.18515359986752114            2       3       5       2       3       5
  -0.18795370484055890            2       4       4       2       4       4
  -0.13989341162245982E-002       2       4       4       2       5       5
  -0.18515359986752111            2       4       5       2       4       5
  -0.18795370484055887            2       5       5       2       5       5
  -0.18854615448597870            3       3       3       3       3       3
  -0.14132760746924209E-002       3       3       3       3       4       4
  -0.14132760746924191E-002       3       3       3       3       5       5
  -0.18288835400857964            3       3       4       3       3       4
  -0.14132760746924215E-002       3       3       4       4       4       4
  -0.29119561895535817E-004       3       3       4       4       5       5
  -0.13551446482353399E-002       3       3       4       5       5       4
  -0.18288835400857995            3       3       5       3       3       5
  -0.13551446482353412E-002       3       3       5       4       4       5
  -0.14132760746924187E-002       3       3       5       5       5       5
  -0.18288835400857956            3       4       4       3       4       4
  -0.13551446482353412E-002       3       4       4       3       5       5
  -0.18017607745380743            3       4       5       3       4       5
  -0.18288835400857989            3       5       5       3       5       5
  -0.18854615448597872            4       4       4       4       4       4
  -0.14132760746924224E-002       4       4       4       4       5       5
  -0.18288835400857972            4       4       5       4       4       5
  -0.14132760746924213E-002       4       4       5       5       5       5
  -0.18288835400857972            4       5       5       4       5       5
  -0.18854615448597856            5       5       5       5       5       5
