           5
  -0.24358493115356390E-001       1       1       1       1       1       1
  -0.87763353063265357E-004       1       1       1       1       1       2
  -0.26051659253827531E-003       1       1       1       1       2       2
  -0.48913914185314659E-004       1       1       1       1       3       3
  -0.48913914185314686E-004       1       1       1       1       4       4
  -0.48913914185314564E-004       1       1       1       1       5       5
   0.57046960433216053E-004       1       1       1       2       2       2
  -0.25396558413595399E-005       1       1       1       2       3       3
  -0.25396558413595522E-005       1       1       1       2       4       4
  -0.25396558413595407E-005       1       1       1       2       5       5
  -0.57747038482713800E-001       1       1       2       1       1       2
  -0.24355432169276344E-002       1       1       2       1       2       2
  -0.42446872506062179E-003       1       1       2       1       3       3
  -0.42446872506062190E-003       1       1       2       1       4       4
  -0.42446872506062190E-003       1       1       2       1       5       5
   0.10945166442537416E-003       1       1       2       2       2       2
  -0.71591049697613076E-005       1       1       2       2       3       3
  -0.71591049697613017E-005       1       1       2       2       4       4
  -0.71591049697612847E-005       1       1       2       2       5       5
  -0.49401918281045770E-004       1       1       2       3       3       2
  -0.49401918281045764E-004       1       1       2       4       4       2
  -0.49401918281045791E-004       1       1       2       5       5       2
  -0.55818395800588561E-001       1       1       3       1       1       3
  -0.24196394437204579E-002       1       1       3       1       2       3
   0.11450919635698498E-003       1       1       3       2       2       3
  -0.57844970383306956E-004       1       1       3       3       3       3
  -0.54529224594144500E-005       1       1       3       3       4       4
  -0.54529224594144492E-005       1       1       3       3       5       5
  -0.46936824235576370E-004       1       1       3       4       4       3
  -0.46936824235576397E-004       1       1       3       5       5       3
  -0.55818395800588491E-001       1       1       4       1       1       4
  -0.24196394437204565E-002       1       1       4       1       2       4
   0.11450919635698468E-003       1       1       4       2       2       4
  -0.46936824235576370E-004       1       1       4       3       3       4
  -0.57844970383306929E-004       1       1       4       4       4       4
  -0.54529224594144483E-005       1       1       4       4       5       5
  -0.46936824235576390E-004       1       1       4       5       5       4
  -0.55818395800588561E-001       1       1       5       1       1       5
  -0.24196394437204574E-002       1       1       5       1       2       5
   0.11450919635698515E-003       1       1       5       2       2       5
  -0.46936824235576370E-004       1       1       5       3       3       5
  -0.46936824235576363E-004       1       1       5       4       4       5
  -0.57844970383306977E-004       1       1       5       5       5       5
  -0.12023208957366216            1       2       2       1       2       2
  -0.61280155432524297E-002       1       2       2       1       3       3
  -0.61280155432524314E-002       1       2       2       1       4       4
  -0.61280155432524236E-002       1       2       2       1       5       5
  -0.21620612971534055E-002       1       2       2       2       2       2
  -0.12198712286503794E-004       1       2       2       2       3       3
  -0.12198712286503775E-004       1       2       2       2       4       4
  -0.12198712286503723E-004       1       2       2       2       5       5
  -0.45320238855378440E-003       1       2       2       3       2       3
  -0.45320238855378468E-003       1       2       2       4       2       4
  -0.45320238855378424E-003       1       2       2       5       2       5
  -0.11769053505573408            1       2       3       1       2       3
  -0.21265704693428401E-002       1       2       3       2       2       3
  -0.48475506567527643E-003       1       2       3       3       3       3
  -0.22413044459464587E-004       1       2       3       3       4       4
  -0.22413044459464573E-004       1       2       3       3       5       5
  -0.22413044459464587E-004       1       2       3       4       3       4
  -0.43991141664846082E-003       1       2       3       4       4       3
  -0.22413044459464573E-004       1       2       3       5       3       5
  -0.43991141664846071E-003       1       2       3       5       5       3
  -0.11769053505573415            1       2       4       1       2       4
  -0.21265704693428410E-002       1       2       4       2       2       4
  -0.43991141664846071E-003       1       2       4       3       3       4
  -0.48475506567527643E-003       1       2       4       4       4       4
  -0.22413044459464573E-004       1       2       4       4       5       5
  -0.22413044459464583E-004       1       2       4       5       4       5
  -0.43991141664846066E-003       1       2       4       5       5       4
  -0.11769053505573404            1       2       5       1       2       5
  -0.21265704693428401E-002       1       2       5       2       2       5
  -0.43991141664846082E-003       1       2       5       3       3       5
  -0.43991141664846066E-003       1       2       5       4       4       5
  -0.48475506567527616E-003       1       2       5       5       5       5
  -0.11662330113417188            1       3       3       1       3       3
  -0.10832266895825064E-002       1       3       3       1       4       4
  -0.10832266895825047E-002       1       3       3       1       5       5
  -0.21073897316036677E-002       1       3       3       2       3       3
  -0.13153422490074481E-004       1       3       3       2       4       4
  -0.13153422490074461E-004       1       3       3       2       5       5
  -0.11445494031768584            1       3       4       1       3       4
  -0.20810718206460358E-002       1       3       4       2       3       4
  -0.11445494031768595            1       3       5       1       3       5
  -0.20810718206460362E-002       1       3       5       2       3       5
  -0.11662330113417181            1       4       4       1       4       4
  -0.10832266895825066E-002       1       4       4       1       5       5
  -0.21073897316036681E-002       1       4       4       2       4       4
  -0.13153422490074478E-004       1       4       4       2       5       5
  -0.11445494031768584            1       4       5       1       4       5
  -0.20810718206460349E-002       1       4       5       2       4       5
  -0.11662330113417192            1       5       5       1       5       5
  -0.21073897316036668E-002       1       5       5       2       5       5
  -0.19233340682728087            2       2       2       2       2       2
  -0.65027760943638102E-002       2       2       2       2       3       3
  -0.65027760943638050E-002       2       2       2       2       4       4
  -0.65027760943638041E-002       2       2       2       2       5       5
  -0.18909462977098573            2       2       3       2       2       3
  -0.67616663127583968E-002       2       2       3       3       3       3
  -0.20648894056053105E-003       2       2       3       3       4       4
  -0.20648894056053086E-003       2       2       3       3       5       5
  -0.63483991553827303E-002       2       2       3       4       4       3
  -0.63483991553827364E-002       2       2       3       5       5       3
  -0.18909462977098582            2       2       4       2       2       4
  -0.63483991553827434E-002       2       2       4       3       3       4
  -0.67616663127583968E-002       2       2       4       4       4       4
  -0.20648894056053075E-003       2       2       4       4       5       5
  -0.63483991553827390E-002       2       2       4       5       5       4
  -0.18909462977098573            2       2       5       2       2       5
  -0.63483991553827408E-002       2       2       5       3       3       5
  -0.63483991553827321E-002       2       2       5       4       4       5
  -0.67616663127583881E-002       2       2       5       5       5       5
  -0.18757883143573945            2       3       3       2       3       3
  -0.12728289474168470E-002       2       3       3       2       4       4
  -0.12728289474168439E-002       2       3       3       2       5       5
  -0.18503102832193044            2       3       4       2       3       4
  -0.18503102832193052            2       3       5       2       3       5
  -0.18757883143573953            2       4       4       2       4       4
  -0.12728289474168459E-002       2       4       4       2       5       5
  -0.18503102832193052            2       4       5       2       4       5
  -0.18757883143573950            2       5       5       2       5       5
  -0.18781128760678167            3       3       3       3       3       3
  -0.12848993003183099E-002       3       3       3       3       4       4
  -0.12848993003183075E-002       3       3       3       3       5       5
  -0.18266720684524562            3       3       4       3       3       4
  -0.12848993003183081E-002       3       3       4       4       4       4
  -0.25694772878198159E-004       3       3       4       4       5       5
  -0.12336002199586308E-002       3       3       4       5       5       4
  -0.18266720684524543            3       3       5       3       3       5
  -0.12336002199586347E-002       3       3       5       4       4       5
  -0.12848993003183071E-002       3       3       5       5       5       5
  -0.18266720684524557            3       4       4       3       4       4
  -0.12336002199586343E-002       3       4       4       3       5       5
  -0.18019808089459799            3       4       5       3       4       5
  -0.18266720684524534            3       5       5       3       5       5
  -0.18781128760678173            4       4       4       4       4       4
  -0.12848993003183071E-002       4       4       4       4       5       5
  -0.18266720684524562            4       4       5       4       4       5
  -0.12848993003183084E-002       4       4       5       5       5       5
  -0.18266720684524554            4       5       5       4       5       5
  -0.18781128760678184            5       5       5       5       5       5
