           5
  -0.24079752696355934E-001       1       1       1       1       1       1
  -0.14491243285748604E-003       1       1       1       1       1       2
  -0.25467264491433749E-003       1       1       1       1       2       2
  -0.50702996955032936E-004       1       1       1       1       3       3
  -0.50702996955032827E-004       1       1       1       1       4       4
  -0.50702996955032956E-004       1       1       1       1       5       5
   0.56339739231350514E-004       1       1       1       2       2       2
  -0.22433950005574291E-005       1       1       1       2       3       3
  -0.22433950005574147E-005       1       1       1       2       4       4
  -0.22433950005574223E-005       1       1       1       2       5       5
  -0.58370279331030485E-001       1       1       2       1       1       2
  -0.24269435903182396E-002       1       1       2       1       2       2
  -0.42184590947106271E-003       1       1       2       1       3       3
  -0.42184590947106287E-003       1       1       2       1       4       4
  -0.42184590947106260E-003       1       1       2       1       5       5
   0.10902495952104937E-003       1       1       2       2       2       2
  -0.70183172330830875E-005       1       1       2       2       3       3
  -0.70183172330831045E-005       1       1       2       2       4       4
  -0.70183172330831045E-005       1       1       2       2       5       5
  -0.49206711618855710E-004       1       1       2       3       3       2
  -0.49206711618855656E-004       1       1       2       4       4       2
  -0.49206711618855710E-004       1       1       2       5       5       2
  -0.56415004607240263E-001       1       1       3       1       1       3
  -0.24121835467439236E-002       1       1       3       1       2       3
   0.11411868396012424E-003       1       1       3       2       2       3
  -0.57556096870092571E-004       1       1       3       3       3       3
  -0.53997042830627648E-005       1       1       3       3       4       4
  -0.53997042830627657E-005       1       1       3       3       5       5
  -0.46754397178893466E-004       1       1       3       4       4       3
  -0.46754397178893466E-004       1       1       3       5       5       3
  -0.56415004607240228E-001       1       1       4       1       1       4
  -0.24121835467439245E-002       1       1       4       1       2       4
   0.11411868396012414E-003       1       1       4       2       2       4
  -0.46754397178893459E-004       1       1       4       3       3       4
  -0.57556096870092530E-004       1       1       4       4       4       4
  -0.53997042830627623E-005       1       1       4       4       5       5
  -0.46754397178893466E-004       1       1       4       5       5       4
  -0.56415004607240318E-001       1       1       5       1       1       5
  -0.24121835467439240E-002       1       1       5       1       2       5
   0.11411868396012418E-003       1       1       5       2       2       5
  -0.46754397178893459E-004       1       1       5       3       3       5
  -0.46754397178893439E-004       1       1       5       4       4       5
  -0.57556096870092550E-004       1       1       5       5       5       5
  -0.12097433633439780            1       2       2       1       2       2
  -0.61284120913288305E-002       1       2       2       1       3       3
  -0.61284120913288210E-002       1       2       2       1       4       4
  -0.61284120913288279E-002       1       2       2       1       5       5
  -0.21343107522519330E-002       1       2       2       2       2       2
  -0.11593615722870995E-004       1       2       2       2       3       3
  -0.11593615722870987E-004       1       2       2       2       4       4
  -0.11593615722870968E-004       1       2       2       2       5       5
  -0.44779480799280277E-003       1       2       2       3       2       3
  -0.44779480799280250E-003       1       2       2       4       2       4
  -0.44779480799280250E-003       1       2       2       5       2       5
  -0.11842163704544624            1       2       3       1       2       3
  -0.21001762916668647E-002       1       2       3       2       2       3
  -0.47904734699357528E-003       1       2       3       3       3       3
  -0.22114574335422434E-004       1       2       3       3       4       4
  -0.22114574335422454E-004       1       2       3       3       5       5
  -0.22114574335422454E-004       1       2       3       4       3       4
  -0.43480076015445479E-003       1       2       3       4       4       3
  -0.22114574335422447E-004       1       2       3       5       3       5
  -0.43480076015445473E-003       1       2       3       5       5       3
  -0.11842163704544628            1       2       4       1       2       4
  -0.21001762916668652E-002       1       2       4       2       2       4
  -0.43480076015445462E-003       1       2       4       3       3       4
  -0.47904734699357517E-003       1       2       4       4       4       4
  -0.22114574335422454E-004       1       2       4       4       5       5
  -0.22114574335422447E-004       1       2       4       5       4       5
  -0.43480076015445473E-003       1       2       4       5       5       4
  -0.11842163704544628            1       2       5       1       2       5
  -0.21001762916668647E-002       1       2       5       2       2       5
  -0.43480076015445462E-003       1       2       5       3       3       5
  -0.43480076015445484E-003       1       2       5       4       4       5
  -0.47904734699357566E-003       1       2       5       5       5       5
  -0.11726940540141953            1       3       3       1       3       3
  -0.10281200242662025E-002       1       3       3       1       4       4
  -0.10281200242662010E-002       1       3       3       1       5       5
  -0.20822711836969618E-002       1       3       3       2       3       3
  -0.13115347691946278E-004       1       3       3       2       4       4
  -0.13115347691946259E-004       1       3       3       2       5       5
  -0.11521125043514985            1       3       4       1       3       4
  -0.20560297201596728E-002       1       3       4       2       3       4
  -0.11521125043514986            1       3       5       1       3       5
  -0.20560297201596724E-002       1       3       5       2       3       5
  -0.11726940540141953            1       4       4       1       4       4
  -0.10281200242662032E-002       1       4       4       1       5       5
  -0.20822711836969597E-002       1       4       4       2       4       4
  -0.13115347691946268E-004       1       4       4       2       5       5
  -0.11521125043514988            1       4       5       1       4       5
  -0.20560297201596728E-002       1       4       5       2       4       5
  -0.11726940540141957            1       5       5       1       5       5
  -0.20822711836969623E-002       1       5       5       2       5       5
  -0.19262819693396552            2       2       2       2       2       2
  -0.64762583320416957E-002       2       2       2       2       3       3
  -0.64762583320416914E-002       2       2       2       2       4       4
  -0.64762583320417001E-002       2       2       2       2       5       5
  -0.18940305823472120            2       2       3       2       2       3
  -0.67295430186528147E-002       2       2       3       3       3       3
  -0.20130349290663525E-003       2       2       3       3       4       4
  -0.20130349290663546E-003       2       2       3       3       5       5
  -0.63266472532721996E-002       2       2       3       4       4       3
  -0.63266472532722030E-002       2       2       3       5       5       3
  -0.18940305823472114            2       2       4       2       2       4
  -0.63266472532721970E-002       2       2       4       3       3       4
  -0.67295430186528095E-002       2       2       4       4       4       4
  -0.20130349290663527E-003       2       2       4       4       5       5
  -0.63266472532721970E-002       2       2       4       5       5       4
  -0.18940305823472117            2       2       5       2       2       5
  -0.63266472532722004E-002       2       2       5       3       3       5
  -0.63266472532722013E-002       2       2       5       4       4       5
  -0.67295430186528104E-002       2       2       5       5       5       5
  -0.18781738123814062            2       3       3       2       3       3
  -0.12108176188266094E-002       2       3       3       2       4       4
  -0.12108176188266077E-002       2       3       3       2       5       5
  -0.18539360269942262            2       3       4       2       3       4
  -0.18539360269942257            2       3       5       2       3       5
  -0.18781738123814054            2       4       4       2       4       4
  -0.12108176188266092E-002       2       4       4       2       5       5
  -0.18539360269942262            2       4       5       2       4       5
  -0.18781738123814051            2       5       5       2       5       5
  -0.18789549847379849            3       3       3       3       3       3
  -0.12223362880215481E-002       3       3       3       3       4       4
  -0.12223362880215488E-002       3       3       3       3       5       5
  -0.18300168174550427            3       3       4       3       3       4
  -0.12223362880215490E-002       3       3       4       4       4       4
  -0.24279126945742833E-004       3       3       4       4       5       5
  -0.11738629908978030E-002       3       3       4       5       5       4
  -0.18300168174550424            3       3       5       3       3       5
  -0.11738629908978025E-002       3       3       5       4       4       5
  -0.12223362880215481E-002       3       3       5       5       5       5
  -0.18300168174550430            3       4       4       3       4       4
  -0.11738629908978027E-002       3       4       4       3       5       5
  -0.18065202277372075            3       4       5       3       4       5
  -0.18300168174550430            3       5       5       3       5       5
  -0.18789549847379833            4       4       4       4       4       4
  -0.12223362880215488E-002       4       4       4       4       5       5
  -0.18300168174550427            4       4       5       4       4       5
  -0.12223362880215479E-002       4       4       5       5       5       5
  -0.18300168174550430            4       5       5       4       5       5
  -0.18789549847379852            5       5       5       5       5       5
