           5
  -0.23667986304763688E-001       1       1       1       1       1       1
  -0.98875293474627417E-004       1       1       1       1       1       2
  -0.25599036569972093E-003       1       1       1       1       2       2
  -0.53411767763631907E-004       1       1       1       1       3       3
  -0.53411767763631839E-004       1       1       1       1       4       4
  -0.53411767763631866E-004       1       1       1       1       5       5
   0.56167364103853309E-004       1       1       1       2       2       2
  -0.20502947569844519E-005       1       1       1       2       3       3
  -0.20502947569844451E-005       1       1       1       2       4       4
  -0.20502947569844498E-005       1       1       1       2       5       5
  -0.56506408977176993E-001       1       1       2       1       1       2
  -0.24014877106506576E-002       1       1       2       1       2       2
  -0.45517367109831354E-003       1       1       2       1       3       3
  -0.45517367109831344E-003       1       1       2       1       4       4
  -0.45517367109831376E-003       1       1       2       1       5       5
   0.10677737688340517E-003       1       1       2       2       2       2
  -0.52313593384679909E-005       1       1       2       2       3       3
  -0.52313593384679638E-005       1       1       2       2       4       4
  -0.52313593384679723E-005       1       1       2       2       5       5
  -0.50939296082180672E-004       1       1       2       3       3       2
  -0.50939296082180659E-004       1       1       2       4       4       2
  -0.50939296082180659E-004       1       1       2       5       5       2
  -0.54615149415877293E-001       1       1       3       1       1       3
  -0.23861453183735776E-002       1       1       3       1       2       3
   0.11184628422876536E-003       1       1       3       2       2       3
  -0.59014243926132718E-004       1       1       3       3       3       3
  -0.52186438595863334E-005       1       1       3       3       4       4
  -0.52186438595863317E-005       1       1       3       3       5       5
  -0.48574716948091653E-004       1       1       3       4       4       3
  -0.48574716948091674E-004       1       1       3       5       5       3
  -0.54615149415877341E-001       1       1       4       1       1       4
  -0.23861453183735780E-002       1       1       4       1       2       4
   0.11184628422876550E-003       1       1       4       2       2       4
  -0.48574716948091674E-004       1       1       4       3       3       4
  -0.59014243926132664E-004       1       1       4       4       4       4
  -0.52186438595863334E-005       1       1       4       4       5       5
  -0.48574716948091708E-004       1       1       4       5       5       4
  -0.54615149415877320E-001       1       1       5       1       1       5
  -0.23861453183735776E-002       1       1       5       1       2       5
   0.11184628422876514E-003       1       1       5       2       2       5
  -0.48574716948091599E-004       1       1       5       3       3       5
  -0.48574716948091633E-004       1       1       5       4       4       5
  -0.59014243926132685E-004       1       1       5       5       5       5
  -0.11826179243158448            1       2       2       1       2       2
  -0.63702347708606000E-002       1       2       2       1       3       3
  -0.63702347708605974E-002       1       2       2       1       4       4
  -0.63702347708605974E-002       1       2       2       1       5       5
  -0.21487304645125540E-002       1       2       2       2       2       2
  -0.12290578175612058E-004       1       2       2       2       3       3
  -0.12290578175612031E-004       1       2       2       2       4       4
  -0.12290578175612034E-004       1       2       2       2       5       5
  -0.47598825987781848E-003       1       2       2       3       2       3
  -0.47598825987781848E-003       1       2       2       4       2       4
  -0.47598825987781837E-003       1       2       2       5       2       5
  -0.11574726115691017            1       2       3       1       2       3
  -0.21132986707636066E-002       1       2       3       2       2       3
  -0.50860547269943057E-003       1       2       3       3       3       3
  -0.23541724403723778E-004       1       2       3       3       4       4
  -0.23541724403723788E-004       1       2       3       3       5       5
  -0.23541724403723801E-004       1       2       3       4       3       4
  -0.46150369598420358E-003       1       2       3       4       4       3
  -0.23541724403723791E-004       1       2       3       5       3       5
  -0.46150369598420369E-003       1       2       3       5       5       3
  -0.11574726115691011            1       2       4       1       2       4
  -0.21132986707636092E-002       1       2       4       2       2       4
  -0.46150369598420396E-003       1       2       4       3       3       4
  -0.50860547269943089E-003       1       2       4       4       4       4
  -0.23541724403723788E-004       1       2       4       4       5       5
  -0.23541724403723788E-004       1       2       4       5       4       5
  -0.46150369598420380E-003       1       2       4       5       5       4
  -0.11574726115691017            1       2       5       1       2       5
  -0.21132986707636066E-002       1       2       5       2       2       5
  -0.46150369598420391E-003       1       2       5       3       3       5
  -0.46150369598420369E-003       1       2       5       4       4       5
  -0.50860547269943014E-003       1       2       5       5       5       5
  -0.11484766975511848            1       3       3       1       3       3
  -0.11880282041296087E-002       1       3       3       1       4       4
  -0.11880282041296097E-002       1       3       3       1       5       5
  -0.20932417587137993E-002       1       3       3       2       3       3
  -0.12433696208167039E-004       1       3       3       2       4       4
  -0.12433696208167053E-004       1       3       3       2       5       5
  -0.11246968494585619            1       3       4       1       3       4
  -0.20683630354939044E-002       1       3       4       2       3       4
  -0.11246968494585613            1       3       5       1       3       5
  -0.20683630354939057E-002       1       3       5       2       3       5
  -0.11484766975511856            1       4       4       1       4       4
  -0.11880282041296095E-002       1       4       4       1       5       5
  -0.20932417587138006E-002       1       4       4       2       4       4
  -0.12433696208167034E-004       1       4       4       2       5       5
  -0.11246968494585614            1       4       5       1       4       5
  -0.20683630354939048E-002       1       4       5       2       4       5
  -0.11484766975511840            1       5       5       1       5       5
  -0.20932417587137993E-002       1       5       5       2       5       5
  -0.19016661676722102            2       2       2       2       2       2
  -0.68158504470454840E-002       2       2       2       2       3       3
  -0.68158504470454805E-002       2       2       2       2       4       4
  -0.68158504470454788E-002       2       2       2       2       5       5
  -0.18693346620257484            2       2       3       2       2       3
  -0.71035896228101719E-002       2       2       3       3       3       3
  -0.23122502172699105E-003       2       2       3       3       4       4
  -0.23122502172699105E-003       2       2       3       3       5       5
  -0.66408351820050416E-002       2       2       3       4       4       3
  -0.66408351820050407E-002       2       2       3       5       5       3
  -0.18693346620257484            2       2       4       2       2       4
  -0.66408351820050450E-002       2       2       4       3       3       4
  -0.71035896228101789E-002       2       2       4       4       4       4
  -0.23122502172699070E-003       2       2       4       4       5       5
  -0.66408351820050424E-002       2       2       4       5       5       4
  -0.18693346620257481            2       2       5       2       2       5
  -0.66408351820050450E-002       2       2       5       3       3       5
  -0.66408351820050424E-002       2       2       5       4       4       5
  -0.71035896228101632E-002       2       2       5       5       5       5
  -0.18557308381098475            2       3       3       2       3       3
  -0.13841892753374799E-002       2       3       3       2       4       4
  -0.13841892753374799E-002       2       3       3       2       5       5
  -0.18280252082252429            2       3       4       2       3       4
  -0.18280252082252427            2       3       5       2       3       5
  -0.18557308381098506            2       4       4       2       4       4
  -0.13841892753374799E-002       2       4       4       2       5       5
  -0.18280252082252435            2       4       5       2       4       5
  -0.18557308381098470            2       5       5       2       5       5
  -0.18611341558915712            3       3       3       3       3       3
  -0.13976226167511621E-002       3       3       3       3       4       4
  -0.13976226167511619E-002       3       3       3       3       5       5
  -0.18051834118736304            3       3       4       3       3       4
  -0.13976226167511621E-002       3       3       4       4       4       4
  -0.28832621090567080E-004       3       3       4       4       5       5
  -0.13400620628617112E-002       3       3       4       5       5       4
  -0.18051834118736299            3       3       5       3       3       5
  -0.13400620628617112E-002       3       3       5       4       4       5
  -0.13976226167511617E-002       3       3       5       5       5       5
  -0.18051834118736310            3       4       4       3       4       4
  -0.13400620628617112E-002       3       4       4       3       5       5
  -0.17783627712108266            3       4       5       3       4       5
  -0.18051834118736299            3       5       5       3       5       5
  -0.18611341558915720            4       4       4       4       4       4
  -0.13976226167511626E-002       4       4       4       4       5       5
  -0.18051834118736312            4       4       5       4       4       5
  -0.13976226167511628E-002       4       4       5       5       5       5
  -0.18051834118736299            4       5       5       4       5       5
  -0.18611341558915734            5       5       5       5       5       5
