           5
  -0.23715322510869986E-001       1       1       1       1       1       1
  -0.66534629536408853E-004       1       1       1       1       1       2
  -0.25752305525685606E-003       1       1       1       1       2       2
  -0.47979262327512173E-004       1       1       1       1       3       3
  -0.47979262327512126E-004       1       1       1       1       4       4
  -0.47979262327512200E-004       1       1       1       1       5       5
   0.56193215910729659E-004       1       1       1       2       2       2
  -0.25327260127248893E-005       1       1       1       2       3       3
  -0.25327260127248915E-005       1       1       1       2       4       4
  -0.25327260127248949E-005       1       1       1       2       5       5
  -0.55562687267059152E-001       1       1       2       1       1       2
  -0.24076305167554371E-002       1       1       2       1       2       2
  -0.40680257284455629E-003       1       1       2       1       3       3
  -0.40680257284455629E-003       1       1       2       1       4       4
  -0.40680257284455629E-003       1       1       2       1       5       5
   0.10656951194639615E-003       1       1       2       2       2       2
  -0.78399396069905110E-005       1       1       2       2       3       3
  -0.78399396069904974E-005       1       1       2       2       4       4
  -0.78399396069905042E-005       1       1       2       2       5       5
  -0.48690082713011133E-004       1       1       2       3       3       2
  -0.48690082713011079E-004       1       1       2       4       4       2
  -0.48690082713011187E-004       1       1       2       5       5       2
  -0.53714805132712970E-001       1       1       3       1       1       3
  -0.23907241220964275E-002       1       1       3       1       2       3
   0.11157142144246814E-003       1       1       3       2       2       3
  -0.57225845955716226E-004       1       1       3       3       3       3
  -0.55347524087074505E-005       1       1       3       3       4       4
  -0.55347524087074513E-005       1       1       3       3       5       5
  -0.46154025896410049E-004       1       1       3       4       4       3
  -0.46154025896410063E-004       1       1       3       5       5       3
  -0.53714805132712914E-001       1       1       4       1       1       4
  -0.23907241220964249E-002       1       1       4       1       2       4
   0.11157142144246833E-003       1       1       4       2       2       4
  -0.46154025896410069E-004       1       1       4       3       3       4
  -0.57225845955716199E-004       1       1       4       4       4       4
  -0.55347524087074547E-005       1       1       4       4       5       5
  -0.46154025896410069E-004       1       1       4       5       5       4
  -0.53714805132712998E-001       1       1       5       1       1       5
  -0.23907241220964270E-002       1       1       5       1       2       5
   0.11157142144246799E-003       1       1       5       2       2       5
  -0.46154025896410063E-004       1       1       5       3       3       5
  -0.46154025896410036E-004       1       1       5       4       4       5
  -0.57225845955716205E-004       1       1       5       5       5       5
  -0.11713350290132769            1       2       2       1       2       2
  -0.57970052097560121E-002       1       2       2       1       3       3
  -0.57970052097560121E-002       1       2       2       1       4       4
  -0.57970052097560121E-002       1       2       2       1       5       5
  -0.21827642113170153E-002       1       2       2       2       2       2
  -0.16309719896388882E-004       1       2       2       2       3       3
  -0.16309719896388865E-004       1       2       2       2       4       4
  -0.16309719896388865E-004       1       2       2       2       5       5
  -0.44600847958572640E-003       1       2       2       3       2       3
  -0.44600847958572618E-003       1       2       2       4       2       4
  -0.44600847958572662E-003       1       2       2       5       2       5
  -0.11463273081421435            1       2       3       1       2       3
  -0.21457792231453906E-002       1       2       3       2       2       3
  -0.47629708811665046E-003       1       2       3       3       3       3
  -0.21686081972392113E-004       1       2       3       3       4       4
  -0.21686081972392120E-004       1       2       3       3       5       5
  -0.21686081972392126E-004       1       2       3       4       3       4
  -0.43290763644577781E-003       1       2       3       4       4       3
  -0.21686081972392103E-004       1       2       3       5       3       5
  -0.43290763644577819E-003       1       2       3       5       5       3
  -0.11463273081421435            1       2       4       1       2       4
  -0.21457792231453915E-002       1       2       4       2       2       4
  -0.43290763644577798E-003       1       2       4       3       3       4
  -0.47629708811665084E-003       1       2       4       4       4       4
  -0.21686081972392130E-004       1       2       4       4       5       5
  -0.21686081972392116E-004       1       2       4       5       4       5
  -0.43290763644577819E-003       1       2       4       5       5       4
  -0.11463273081421435            1       2       5       1       2       5
  -0.21457792231453915E-002       1       2       5       2       2       5
  -0.43290763644577803E-003       1       2       5       3       3       5
  -0.43290763644577776E-003       1       2       5       4       4       5
  -0.47629708811665084E-003       1       2       5       5       5       5
  -0.11351462095726013            1       3       3       1       3       3
  -0.10131013592458867E-002       1       3       3       1       4       4
  -0.10131013592458854E-002       1       3       3       1       5       5
  -0.21262314678719427E-002       1       3       3       2       3       3
  -0.13957105516313511E-004       1       3       3       2       4       4
  -0.13957105516313516E-004       1       3       3       2       5       5
  -0.11148657250992189            1       3       4       1       3       4
  -0.20983054361573411E-002       1       3       4       2       3       4
  -0.11148657250992181            1       3       5       1       3       5
  -0.20983054361573411E-002       1       3       5       2       3       5
  -0.11351462095726025            1       4       4       1       4       4
  -0.10131013592458858E-002       1       4       4       1       5       5
  -0.21262314678719423E-002       1       4       4       2       4       4
  -0.13957105516313511E-004       1       4       4       2       5       5
  -0.11148657250992189            1       4       5       1       4       5
  -0.20983054361573415E-002       1       4       5       2       4       5
  -0.11351462095726020            1       5       5       1       5       5
  -0.21262314678719431E-002       1       5       5       2       5       5
  -0.18975236109394089            2       2       2       2       2       2
  -0.62624802102800000E-002       2       2       2       2       3       3
  -0.62624802102799956E-002       2       2       2       2       4       4
  -0.62624802102799974E-002       2       2       2       2       5       5
  -0.18649303767063485            2       2       3       2       2       3
  -0.64962043572439638E-002       2       2       3       3       3       3
  -0.19015449174410225E-003       2       2       3       3       4       4
  -0.19015449174410217E-003       2       2       3       3       5       5
  -0.61156168052160041E-002       2       2       3       4       4       3
  -0.61156168052160041E-002       2       2       3       5       5       3
  -0.18649303767063491            2       2       4       2       2       4
  -0.61156168052160041E-002       2       2       4       3       3       4
  -0.64962043572439664E-002       2       2       4       4       4       4
  -0.19015449174410219E-003       2       2       4       4       5       5
  -0.61156168052160067E-002       2       2       4       5       5       4
  -0.18649303767063485            2       2       5       2       2       5
  -0.61156168052160032E-002       2       2       5       3       3       5
  -0.61156168052160058E-002       2       2       5       4       4       5
  -0.64962043572439621E-002       2       2       5       5       5       5
  -0.18488802223433021            2       3       3       2       3       3
  -0.12191631479305182E-002       2       3       3       2       4       4
  -0.12191631479305182E-002       2       3       3       2       5       5
  -0.18244758702295033            2       3       4       2       3       4
  -0.18244758702295039            2       3       5       2       3       5
  -0.18488802223433026            2       4       4       2       4       4
  -0.12191631479305182E-002       2       4       4       2       5       5
  -0.18244758702295033            2       4       5       2       4       5
  -0.18488802223433035            2       5       5       2       5       5
  -0.18495878018634537            3       3       3       3       3       3
  -0.12301175864150057E-002       3       3       3       3       4       4
  -0.12301175864150053E-002       3       3       3       3       5       5
  -0.18003391078502812            3       3       4       3       3       4
  -0.12301175864150062E-002       3       3       4       4       4       4
  -0.24908247610073669E-004       3       3       4       4       5       5
  -0.11803852725460371E-002       3       3       4       5       5       4
  -0.18003391078502817            3       3       5       3       3       5
  -0.11803852725460365E-002       3       3       5       4       4       5
  -0.12301175864150055E-002       3       3       5       5       5       5
  -0.18003391078502817            3       4       4       3       4       4
  -0.11803852725460382E-002       3       4       4       3       5       5
  -0.17767124255788930            3       4       5       3       4       5
  -0.18003391078502820            3       5       5       3       5       5
  -0.18495878018634540            4       4       4       4       4       4
  -0.12301175864150049E-002       4       4       4       4       5       5
  -0.18003391078502817            4       4       5       4       4       5
  -0.12301175864150053E-002       4       4       5       5       5       5
  -0.18003391078502812            4       5       5       4       5       5
  -0.18495878018634537            5       5       5       5       5       5
