           5
  -0.23563183313251371E-001       1       1       1       1       1       1
   0.63600420498535759E-005       1       1       1       1       1       2
  -0.26332334359279504E-003       1       1       1       1       2       2
  -0.49785246718661585E-004       1       1       1       1       3       3
  -0.49785246718661619E-004       1       1       1       1       4       4
  -0.49785246718661599E-004       1       1       1       1       5       5
   0.56907616715388890E-004       1       1       1       2       2       2
  -0.23776954447380191E-005       1       1       1       2       3       3
  -0.23776954447380144E-005       1       1       1       2       4       4
  -0.23776954447380110E-005       1       1       1       2       5       5
  -0.54681012532887298E-001       1       1       2       1       1       2
  -0.23559992381016665E-002       1       1       2       1       2       2
  -0.42297231367756789E-003       1       1       2       1       3       3
  -0.42297231367756805E-003       1       1       2       1       4       4
  -0.42297231367756789E-003       1       1       2       1       5       5
   0.10455522526441009E-003       1       1       2       2       2       2
  -0.71034102239001436E-005       1       1       2       2       3       3
  -0.71034102239001622E-005       1       1       2       2       4       4
  -0.71034102239001503E-005       1       1       2       2       5       5
  -0.49212695670962035E-004       1       1       2       3       3       2
  -0.49212695670962069E-004       1       1       2       4       4       2
  -0.49212695670962015E-004       1       1       2       5       5       2
  -0.52841860276687476E-001       1       1       3       1       1       3
  -0.23405895981759833E-002       1       1       3       1       2       3
   0.10967109312177517E-003       1       1       3       2       2       3
  -0.57399560182301076E-004       1       1       3       3       3       3
  -0.52708724748996817E-005       1       1       3       3       4       4
  -0.52708724748996859E-005       1       1       3       3       5       5
  -0.46855586817490770E-004       1       1       3       4       4       3
  -0.46855586817490790E-004       1       1       3       5       5       3
  -0.52841860276687448E-001       1       1       4       1       1       4
  -0.23405895981759841E-002       1       1       4       1       2       4
   0.10967109312177539E-003       1       1       4       2       2       4
  -0.46855586817490797E-004       1       1       4       3       3       4
  -0.57399560182301103E-004       1       1       4       4       4       4
  -0.52708724748996817E-005       1       1       4       4       5       5
  -0.46855586817490790E-004       1       1       4       5       5       4
  -0.52841860276687483E-001       1       1       5       1       1       5
  -0.23405895981759850E-002       1       1       5       1       2       5
   0.10967109312177509E-003       1       1       5       2       2       5
  -0.46855586817490811E-004       1       1       5       3       3       5
  -0.46855586817490770E-004       1       1       5       4       4       5
  -0.57399560182301049E-004       1       1       5       5       5       5
  -0.11530451150954438            1       2       2       1       2       2
  -0.60115899436643267E-002       1       2       2       1       3       3
  -0.60115899436643224E-002       1       2       2       1       4       4
  -0.60115899436643319E-002       1       2       2       1       5       5
  -0.21353582694298369E-002       1       2       2       2       2       2
  -0.16691591794498869E-004       1       2       2       2       3       3
  -0.16691591794498890E-004       1       2       2       2       4       4
  -0.16691591794498880E-004       1       2       2       2       5       5
  -0.45773678230193231E-003       1       2       2       3       2       3
  -0.45773678230193226E-003       1       2       2       4       2       4
  -0.45773678230193253E-003       1       2       2       5       2       5
  -0.11283556852506160            1       2       3       1       2       3
  -0.20990858661753785E-002       1       2       3       2       2       3
  -0.48920968447613365E-003       1       2       3       3       3       3
  -0.22637968966361290E-004       1       2       3       3       4       4
  -0.22637968966361287E-004       1       2       3       3       5       5
  -0.22637968966361283E-004       1       2       3       4       3       4
  -0.44391603242594424E-003       1       2       3       4       4       3
  -0.22637968966361297E-004       1       2       3       5       3       5
  -0.44391603242594435E-003       1       2       3       5       5       3
  -0.11283556852506160            1       2       4       1       2       4
  -0.20990858661753759E-002       1       2       4       2       2       4
  -0.44391603242594402E-003       1       2       4       3       3       4
  -0.48920968447613386E-003       1       2       4       4       4       4
  -0.22637968966361277E-004       1       2       4       4       5       5
  -0.22637968966361297E-004       1       2       4       5       4       5
  -0.44391603242594424E-003       1       2       4       5       5       4
  -0.11283556852506157            1       2       5       1       2       5
  -0.20990858661753781E-002       1       2       5       2       2       5
  -0.44391603242594424E-003       1       2       5       3       3       5
  -0.44391603242594424E-003       1       2       5       4       4       5
  -0.48920968447613365E-003       1       2       5       5       5       5
  -0.11191776043726349            1       3       3       1       3       3
  -0.11399476346004287E-002       1       3       3       1       4       4
  -0.11399476346004276E-002       1       3       3       1       5       5
  -0.20793765506664282E-002       1       3       3       2       3       3
  -0.13307017198767475E-004       1       3       3       2       4       4
  -0.13307017198767475E-004       1       3       3       2       5       5
  -0.10963600891065486            1       3       4       1       3       4
  -0.20527505726026345E-002       1       3       4       2       3       4
  -0.10963600891065475            1       3       5       1       3       5
  -0.20527505726026336E-002       1       3       5       2       3       5
  -0.11191776043726356            1       4       4       1       4       4
  -0.11399476346004287E-002       1       4       4       1       5       5
  -0.20793765506664248E-002       1       4       4       2       4       4
  -0.13307017198767479E-004       1       4       4       2       5       5
  -0.10963600891065485            1       4       5       1       4       5
  -0.20527505726026345E-002       1       4       5       2       4       5
  -0.11191776043726359            1       5       5       1       5       5
  -0.20793765506664282E-002       1       5       5       2       5       5
  -0.18668702392240788            2       2       2       2       2       2
  -0.65020885067596807E-002       2       2       2       2       3       3
  -0.65020885067596859E-002       2       2       2       2       4       4
  -0.65020885067596807E-002       2       2       2       2       5       5
  -0.18347876191745482            2       2       3       2       2       3
  -0.67668188737474849E-002       2       2       3       3       3       3
  -0.21438526517650135E-003       2       2       3       3       4       4
  -0.21438526517650140E-003       2       2       3       3       5       5
  -0.63377579942841900E-002       2       2       3       4       4       3
  -0.63377579942841839E-002       2       2       3       5       5       3
  -0.18347876191745482            2       2       4       2       2       4
  -0.63377579942841891E-002       2       2       4       3       3       4
  -0.67668188737474867E-002       2       2       4       4       4       4
  -0.21438526517650143E-003       2       2       4       4       5       5
  -0.63377579942841891E-002       2       2       4       5       5       4
  -0.18347876191745482            2       2       5       2       2       5
  -0.63377579942841857E-002       2       2       5       3       3       5
  -0.63377579942841900E-002       2       2       5       4       4       5
  -0.67668188737474867E-002       2       2       5       5       5       5
  -0.18209586404308156            2       3       3       2       3       3
  -0.13480511548672127E-002       2       3       3       2       4       4
  -0.13480511548672083E-002       2       3       3       2       5       5
  -0.17939763839755099            2       3       4       2       3       4
  -0.17939763839755096            2       3       5       2       3       5
  -0.18209586404308153            2       4       4       2       4       4
  -0.13480511548672122E-002       2       4       4       2       5       5
  -0.17939763839755099            2       4       5       2       4       5
  -0.18209586404308148            2       5       5       2       5       5
  -0.18256400529966366            3       3       3       3       3       3
  -0.13607893548783154E-002       3       3       3       3       4       4
  -0.13607893548783145E-002       3       3       3       3       5       5
  -0.17711639575950949            3       3       4       3       3       4
  -0.13607893548783154E-002       3       3       4       4       4       4
  -0.28230266761604582E-004       3       3       4       4       5       5
  -0.13044278257850540E-002       3       3       4       5       5       4
  -0.17711639575950949            3       3       5       3       3       5
  -0.13044278257850555E-002       3       3       5       4       4       5
  -0.13607893548783141E-002       3       3       5       5       5       5
  -0.17711639575950947            3       4       4       3       4       4
  -0.13044278257850562E-002       3       4       4       3       5       5
  -0.17450565274489338            3       4       5       3       4       5
  -0.17711639575950938            3       5       5       3       5       5
  -0.18256400529966368            4       4       4       4       4       4
  -0.13607893548783165E-002       4       4       4       4       5       5
  -0.17711639575950947            4       4       5       4       4       5
  -0.13607893548783162E-002       4       4       5       5       5       5
  -0.17711639575950944            4       5       5       4       5       5
  -0.18256400529966360            5       5       5       5       5       5
