           5
  -0.23329166941042024E-001       1       1       1       1       1       1
  -0.20826917942046858E-004       1       1       1       1       1       2
  -0.26264372441762264E-003       1       1       1       1       2       2
  -0.49557735887009444E-004       1       1       1       1       3       3
  -0.49557735887009661E-004       1       1       1       1       4       4
  -0.49557735887009356E-004       1       1       1       1       5       5
   0.56742591790419030E-004       1       1       1       2       2       2
  -0.23598487612777502E-005       1       1       1       2       3       3
  -0.23598487612777413E-005       1       1       1       2       4       4
  -0.23598487612777624E-005       1       1       1       2       5       5
  -0.54807646384780230E-001       1       1       2       1       1       2
  -0.23827842560459988E-002       1       1       2       1       2       2
  -0.41344311234210935E-003       1       1       2       1       3       3
  -0.41344311234210967E-003       1       1       2       1       4       4
  -0.41344311234210946E-003       1       1       2       1       5       5
   0.10394085099222665E-003       1       1       2       2       2       2
  -0.74436891233724853E-005       1       1       2       2       3       3
  -0.74436891233724845E-005       1       1       2       2       4       4
  -0.74436891233724692E-005       1       1       2       2       5       5
  -0.49045079222254898E-004       1       1       2       3       3       2
  -0.49045079222254932E-004       1       1       2       4       4       2
  -0.49045079222254898E-004       1       1       2       5       5       2
  -0.52960329970176918E-001       1       1       3       1       1       3
  -0.23670462328023380E-002       1       1       3       1       2       3
   0.10905556021241726E-003       1       1       3       2       2       3
  -0.57465746076238671E-004       1       1       3       3       3       3
  -0.54552877373939406E-005       1       1       3       3       4       4
  -0.54552877373939440E-005       1       1       3       3       5       5
  -0.46552860054285423E-004       1       1       3       4       4       3
  -0.46552860054285451E-004       1       1       3       5       5       3
  -0.52960329970176925E-001       1       1       4       1       1       4
  -0.23670462328023358E-002       1       1       4       1       2       4
   0.10905556021241726E-003       1       1       4       2       2       4
  -0.46552860054285396E-004       1       1       4       3       3       4
  -0.57465746076238583E-004       1       1       4       4       4       4
  -0.54552877373939423E-005       1       1       4       4       5       5
  -0.46552860054285417E-004       1       1       4       5       5       4
  -0.52960329970176884E-001       1       1       5       1       1       5
  -0.23670462328023380E-002       1       1       5       1       2       5
   0.10905556021241730E-003       1       1       5       2       2       5
  -0.46552860054285451E-004       1       1       5       3       3       5
  -0.46552860054285437E-004       1       1       5       4       4       5
  -0.57465746076238651E-004       1       1       5       5       5       5
  -0.11588595427755963            1       2       2       1       2       2
  -0.60072694010165229E-002       1       2       2       1       3       3
  -0.60072694010165325E-002       1       2       2       1       4       4
  -0.60072694010165255E-002       1       2       2       1       5       5
  -0.21802831658108415E-002       1       2       2       2       2       2
  -0.16654961522062363E-004       1       2       2       2       3       3
  -0.16654961522062383E-004       1       2       2       2       4       4
  -0.16654961522062379E-004       1       2       2       2       5       5
  -0.45030831556252767E-003       1       2       2       3       2       3
  -0.45030831556252789E-003       1       2       2       4       2       4
  -0.45030831556252794E-003       1       2       2       5       2       5
  -0.11340280214865003            1       2       3       1       2       3
  -0.21431894671911740E-002       1       2       3       2       2       3
  -0.48173643861348345E-003       1       2       3       3       3       3
  -0.22578553337509425E-004       1       2       3       3       4       4
  -0.22578553337509398E-004       1       2       3       3       5       5
  -0.22578553337509398E-004       1       2       3       4       3       4
  -0.43656159726584054E-003       1       2       3       4       4       3
  -0.22578553337509388E-004       1       2       3       5       3       5
  -0.43656159726584032E-003       1       2       3       5       5       3
  -0.11340280214865003            1       2       4       1       2       4
  -0.21431894671911770E-002       1       2       4       2       2       4
  -0.43656159726584060E-003       1       2       4       3       3       4
  -0.48173643861348361E-003       1       2       4       4       4       4
  -0.22578553337509404E-004       1       2       4       4       5       5
  -0.22578553337509404E-004       1       2       4       5       4       5
  -0.43656159726584032E-003       1       2       4       5       5       4
  -0.11340280214865003            1       2       5       1       2       5
  -0.21431894671911744E-002       1       2       5       2       2       5
  -0.43656159726584032E-003       1       2       5       3       3       5
  -0.43656159726584060E-003       1       2       5       4       4       5
  -0.48173643861348394E-003       1       2       5       5       5       5
  -0.11232820776272097            1       3       3       1       3       3
  -0.10328500844169961E-002       1       3       3       1       4       4
  -0.10328500844169939E-002       1       3       3       1       5       5
  -0.21233311843039454E-002       1       3       3       2       3       3
  -0.13788622139408871E-004       1       3       3       2       4       4
  -0.13788622139408856E-004       1       3       3       2       5       5
  -0.11026062909281842            1       3       4       1       3       4
  -0.20957417508796275E-002       1       3       4       2       3       4
  -0.11026062909281856            1       3       5       1       3       5
  -0.20957417508796288E-002       1       3       5       2       3       5
  -0.11232820776272090            1       4       4       1       4       4
  -0.10328500844169961E-002       1       4       4       1       5       5
  -0.21233311843039423E-002       1       4       4       2       4       4
  -0.13788622139408864E-004       1       4       4       2       5       5
  -0.11026062909281845            1       4       5       1       4       5
  -0.20957417508796271E-002       1       4       5       2       4       5
  -0.11232820776272093            1       5       5       1       5       5
  -0.21233311843039462E-002       1       5       5       2       5       5
  -0.18814861476198608            2       2       2       2       2       2
  -0.65012109994072101E-002       2       2       2       2       3       3
  -0.65012109994072005E-002       2       2       2       2       4       4
  -0.65012109994072101E-002       2       2       2       2       5       5
  -0.18490914485096038            2       2       3       2       2       3
  -0.67571852042671160E-002       2       2       3       3       3       3
  -0.20799219650877179E-003       2       2       3       3       4       4
  -0.20799219650877179E-003       2       2       3       3       5       5
  -0.63409053525310443E-002       2       2       3       4       4       3
  -0.63409053525310581E-002       2       2       3       5       5       3
  -0.18490914485096044            2       2       4       2       2       4
  -0.63409053525310443E-002       2       2       4       3       3       4
  -0.67571852042671177E-002       2       2       4       4       4       4
  -0.20799219650877187E-003       2       2       4       4       5       5
  -0.63409053525310486E-002       2       2       4       5       5       4
  -0.18490914485096047            2       2       5       2       2       5
  -0.63409053525310581E-002       2       2       5       3       3       5
  -0.63409053525310469E-002       2       2       5       4       4       5
  -0.67571852042671177E-002       2       2       5       5       5       5
  -0.18334933283616164            2       3       3       2       3       3
  -0.12382900228537282E-002       2       3       3       2       4       4
  -0.12382900228537258E-002       2       3       3       2       5       5
  -0.18087060202411204            2       3       4       2       3       4
  -0.18087060202411201            2       3       5       2       3       5
  -0.18334933283616167            2       4       4       2       4       4
  -0.12382900228537276E-002       2       4       4       2       5       5
  -0.18087060202411209            2       4       5       2       4       5
  -0.18334933283616162            2       5       5       2       5       5
  -0.18349170915724614            3       3       3       3       3       3
  -0.12496642705617572E-002       3       3       3       3       4       4
  -0.12496642705617557E-002       3       3       3       3       5       5
  -0.17848855995309235            3       3       4       3       3       4
  -0.12496642705617567E-002       3       3       4       4       4       4
  -0.25601970692180059E-004       3       3       4       4       5       5
  -0.11985496340366567E-002       3       3       4       5       5       4
  -0.17848855995309226            3       3       5       3       3       5
  -0.11985496340366577E-002       3       3       5       4       4       5
  -0.12496642705617559E-002       3       3       5       5       5       5
  -0.17848855995309237            3       4       4       3       4       4
  -0.11985496340366571E-002       3       4       4       3       5       5
  -0.17608953159931287            3       4       5       3       4       5
  -0.17848855995309232            3       5       5       3       5       5
  -0.18349170915724627            4       4       4       4       4       4
  -0.12496642705617563E-002       4       4       4       4       5       5
  -0.17848855995309237            4       4       5       4       4       5
  -0.12496642705617565E-002       4       4       5       5       5       5
  -0.17848855995309248            4       5       5       4       5       5
  -0.18349170915724614            5       5       5       5       5       5
