&FCI
 NORB=5,
 NELEC=3,
 MS2=1,
 ISYM=1,
 ORBSYM=1,1,1,1,1,
 ST=1,
 III=1,
 OCC=2,
 CLOSED=1,
 /
    1.6037544755280249            1       1       1       1
  -0.23411411877224769            2       1       1       1
  -0.12820872588071019            1       2       1       1
   0.39227186475404024            2       2       1       1
   0.38303021941705129            3       3       1       1
   0.38303021941705129            4       4       1       1
   0.38303021941705129            5       5       1       1
  -0.23411411877224769            1       1       2       1
   0.55567614965945034E-001       2       1       2       1
   0.32217293749175049E-001       1       2       2       1
   0.10792470815733316E-001       2       2       2       1
   0.16304087403281535E-001       3       3       2       1
   0.16304087403281552E-001       4       4       2       1
   0.16304087403281549E-001       5       5       2       1
   0.16745501200064131E-001       3       1       3       1
   0.20611753784655983E-001       3       2       3       1
   0.95464112829833636E-002       1       3       3       1
   0.19894061883188850E-001       2       3       3       1
   0.16745501200064128E-001       4       1       4       1
   0.20611753784655979E-001       4       2       4       1
   0.95464112829833601E-002       1       4       4       1
   0.19894061883188846E-001       2       4       4       1
   0.16745501200064128E-001       5       1       5       1
   0.20611753784655976E-001       5       2       5       1
   0.95464112829833584E-002       1       5       5       1
   0.19894061883188846E-001       2       5       5       1
  -0.12820872588071019            1       1       1       2
   0.32217293749175049E-001       2       1       1       2
   0.88669725324050687E-002       1       2       1       2
  -0.28883743794488600E-001       2       2       1       2
  -0.25275612720915563E-001       3       3       1       2
  -0.25275612720915577E-001       4       4       1       2
  -0.25275612720915584E-001       5       5       1       2
   0.39227186475404024            1       1       2       2
   0.10792470815733316E-001       2       1       2       2
  -0.28883743794488600E-001       1       2       2       2
   0.28013259146815755            2       2       2       2
   0.28314781890871893            3       3       2       2
   0.28314781890871898            4       4       2       2
   0.28314781890871893            5       5       2       2
   0.20611753784655983E-001       3       1       3       2
   0.62635946244720603E-001       3       2       3       2
   0.63125008233669939E-002       1       3       3       2
   0.59886555726664507E-001       2       3       3       2
   0.20611753784655979E-001       4       1       4       2
   0.62635946244720589E-001       4       2       4       2
   0.63125008233669878E-002       1       4       4       2
   0.59886555726664500E-001       2       4       4       2
   0.20611753784655976E-001       5       1       5       2
   0.62635946244720589E-001       5       2       5       2
   0.63125008233669904E-002       1       5       5       2
   0.59886555726664500E-001       2       5       5       2
   0.95464112829833636E-002       3       1       1       3
   0.63125008233669939E-002       3       2       1       3
   0.23473213659025967E-002       1       3       1       3
   0.55948089218998652E-002       2       3       1       3
   0.19894061883188850E-001       3       1       2       3
   0.59886555726664507E-001       3       2       2       3
   0.55948089218998652E-002       1       3       2       3
   0.57137165208608412E-001       2       3       2       3
   0.38303021941705129            1       1       3       3
   0.16304087403281535E-001       2       1       3       3
  -0.25275612720915563E-001       1       2       3       3
   0.28314781890871893            2       2       3       3
   0.30947707333886132            3       3       3       3
   0.27669600162924035            4       4       3       3
   0.27669600162924035            5       5       3       3
   0.16391937930700859E-001       4       3       4       3
   0.16391937930700859E-001       3       4       4       3
   0.16391937930700855E-001       5       3       5       3
   0.16391937930700855E-001       3       5       5       3
   0.95464112829833601E-002       4       1       1       4
   0.63125008233669878E-002       4       2       1       4
   0.23473213659025933E-002       1       4       1       4
   0.55948089218998600E-002       2       4       1       4
   0.19894061883188846E-001       4       1       2       4
   0.59886555726664500E-001       4       2       2       4
   0.55948089218998600E-002       1       4       2       4
   0.57137165208608412E-001       2       4       2       4
   0.16391937930700859E-001       4       3       3       4
   0.16391937930700859E-001       3       4       3       4
   0.38303021941705129            1       1       4       4
   0.16304087403281552E-001       2       1       4       4
  -0.25275612720915577E-001       1       2       4       4
   0.28314781890871898            2       2       4       4
   0.27669600162924035            3       3       4       4
   0.30947707333886132            4       4       4       4
   0.27669600162924035            5       5       4       4
   0.16391937930700855E-001       5       4       5       4
   0.16391937930700855E-001       4       5       5       4
   0.95464112829833584E-002       5       1       1       5
   0.63125008233669904E-002       5       2       1       5
   0.23473213659025898E-002       1       5       1       5
   0.55948089218998617E-002       2       5       1       5
   0.19894061883188846E-001       5       1       2       5
   0.59886555726664500E-001       5       2       2       5
   0.55948089218998617E-002       1       5       2       5
   0.57137165208608419E-001       2       5       2       5
   0.16391937930700855E-001       5       3       3       5
   0.16391937930700855E-001       3       5       3       5
   0.16391937930700855E-001       5       4       4       5
   0.16391937930700855E-001       4       5       4       5
   0.38303021941705129            1       1       5       5
   0.16304087403281549E-001       2       1       5       5
  -0.25275612720915584E-001       1       2       5       5
   0.28314781890871893            2       2       5       5
   0.27669600162924035            3       3       5       5
   0.27669600162924035            4       4       5       5
   0.30947707333886137            5       5       5       5
   -4.4427770031532505            1       1       0       0
   0.19862417077136255            1       2       0       0
   0.19862417077136255            2       1       0       0
  -0.95855882093728728            2       2       0       0
  -0.87998491872450368            3       3       0       0
  -0.87998491872450368            4       4       0       0
  -0.87998491872450368            5       5       0       0
    0.0000000000000000            0       0       0       0
