&FCI
 NORB=5,
 NELEC=3,
 MS2=1,
 ISYM=1,
 ORBSYM=1,1,1,1,1,
 ST=1,
 III=1,
 OCC=2,
 CLOSED=1,
 /
    1.6037817715594596            1       1       1       1
  -0.23417090608151037            2       1       1       1
  -0.12816734788302225            1       2       1       1
   0.39230156648924525            2       2       1       1
   0.38305589065811052            3       3       1       1
   0.38305589065811052            4       4       1       1
   0.38305589065811052            5       5       1       1
  -0.23417090608151037            1       1       2       1
   0.55589660389100320E-001       2       1       2       1
   0.32218833811033729E-001       1       2       2       1
   0.10862715131984172E-001       2       2       2       1
   0.16371682811242183E-001       3       3       2       1
   0.16371682811242183E-001       4       4       2       1
   0.16371682811242197E-001       5       5       2       1
   0.16738893899383739E-001       3       1       3       1
   0.20614506519583745E-001       3       2       3       1
   0.95462473679824300E-002       1       3       3       1
   0.19895723682702218E-001       2       3       3       1
   0.16738893899383725E-001       4       1       4       1
   0.20614506519583742E-001       4       2       4       1
   0.95462473679824213E-002       1       4       4       1
   0.19895723682702211E-001       2       4       4       1
   0.16738893899383721E-001       5       1       5       1
   0.20614506519583738E-001       5       2       5       1
   0.95462473679824179E-002       1       5       5       1
   0.19895723682702211E-001       2       5       5       1
  -0.12816734788302225            1       1       1       2
   0.32218833811033729E-001       2       1       1       2
   0.88480072329671366E-002       1       2       1       2
  -0.28966401891683206E-001       2       2       1       2
  -0.25354276466559703E-001       3       3       1       2
  -0.25354276466559689E-001       4       4       1       2
  -0.25354276466559682E-001       5       5       1       2
   0.39230156648924525            1       1       2       2
   0.10862715131984172E-001       2       1       2       2
  -0.28966401891683206E-001       1       2       2       2
   0.28012955768719450            2       2       2       2
   0.28314386278915249            3       3       2       2
   0.28314386278915249            4       4       2       2
   0.28314386278915249            5       5       2       2
   0.20614506519583745E-001       3       1       3       2
   0.62641025777868134E-001       3       2       3       2
   0.63094141725000240E-002       1       3       3       2
   0.59880445688154149E-001       2       3       3       2
   0.20614506519583742E-001       4       1       4       2
   0.62641025777868134E-001       4       2       4       2
   0.63094141725000222E-002       1       4       4       2
   0.59880445688154149E-001       2       4       4       2
   0.20614506519583738E-001       5       1       5       2
   0.62641025777868134E-001       5       2       5       2
   0.63094141725000179E-002       1       5       5       2
   0.59880445688154149E-001       2       5       5       2
   0.95462473679824300E-002       3       1       1       3
   0.63094141725000240E-002       3       2       1       3
   0.23536008365811212E-002       1       3       1       3
   0.55906313356185004E-002       2       3       1       3
   0.19895723682702218E-001       3       1       2       3
   0.59880445688154149E-001       3       2       2       3
   0.55906313356185004E-002       1       3       2       3
   0.57119865598440157E-001       2       3       2       3
   0.38305589065811052            1       1       3       3
   0.16371682811242183E-001       2       1       3       3
  -0.25354276466559703E-001       1       2       3       3
   0.28314386278915249            2       2       3       3
   0.30946148495859804            3       3       3       3
   0.27669667211924898            4       4       3       3
   0.27669667211924898            5       5       3       3
   0.16383805605890152E-001       4       3       4       3
   0.16383805605890152E-001       3       4       4       3
   0.16383805605890148E-001       5       3       5       3
   0.16383805605890148E-001       3       5       5       3
   0.95462473679824213E-002       4       1       1       4
   0.63094141725000222E-002       4       2       1       4
   0.23536008365811168E-002       1       4       1       4
   0.55906313356184970E-002       2       4       1       4
   0.19895723682702211E-001       4       1       2       4
   0.59880445688154149E-001       4       2       2       4
   0.55906313356184970E-002       1       4       2       4
   0.57119865598440157E-001       2       4       2       4
   0.16383805605890152E-001       4       3       3       4
   0.16383805605890152E-001       3       4       3       4
   0.38305589065811052            1       1       4       4
   0.16371682811242183E-001       2       1       4       4
  -0.25354276466559689E-001       1       2       4       4
   0.28314386278915249            2       2       4       4
   0.27669667211924898            3       3       4       4
   0.30946148495859804            4       4       4       4
   0.27669667211924898            5       5       4       4
   0.16383805605890148E-001       5       4       5       4
   0.16383805605890148E-001       4       5       5       4
   0.95462473679824179E-002       5       1       1       5
   0.63094141725000179E-002       5       2       1       5
   0.23536008365811151E-002       1       5       1       5
   0.55906313356184918E-002       2       5       1       5
   0.19895723682702211E-001       5       1       2       5
   0.59880445688154149E-001       5       2       2       5
   0.55906313356184918E-002       1       5       2       5
   0.57119865598440157E-001       2       5       2       5
   0.16383805605890148E-001       5       3       3       5
   0.16383805605890148E-001       3       5       3       5
   0.16383805605890148E-001       5       4       4       5
   0.16383805605890148E-001       4       5       4       5
   0.38305589065811052            1       1       5       5
   0.16371682811242197E-001       2       1       5       5
  -0.25354276466559682E-001       1       2       5       5
   0.28314386278915249            2       2       5       5
   0.27669667211924898            3       3       5       5
   0.27669667211924898            4       4       5       5
   0.30946148495859810            5       5       5       5
   -4.4427770031532505            1       1       0       0
   0.19862417077136255            1       2       0       0
   0.19862417077136255            2       1       0       0
  -0.95855882093728728            2       2       0       0
  -0.87998491872450368            3       3       0       0
  -0.87998491872450368            4       4       0       0
  -0.87998491872450368            5       5       0       0
    0.0000000000000000            0       0       0       0
