&FCI
 NORB=5,
 NELEC=3,
 MS2=1,
 ISYM=1,
 ORBSYM=1,1,1,1,1,
 ST=1,
 III=1,
 OCC=2,
 CLOSED=1,
 /
    1.6037212511999113            1       1       1       1
  -0.23424538462673494            2       1       1       1
  -0.12808319571311338            1       2       1       1
   0.39227549944680540            2       2       1       1
   0.38302992638116029            3       3       1       1
   0.38302992638116029            4       4       1       1
   0.38302992638116029            5       5       1       1
  -0.23424538462673494            1       1       2       1
   0.55609787512867756E-001       2       1       2       1
   0.32219119937765800E-001       1       2       2       1
   0.10719480545395572E-001       2       2       2       1
   0.16238181628630579E-001       3       3       2       1
   0.16238181628630610E-001       4       4       2       1
   0.16238181628630593E-001       5       5       2       1
   0.16735891092020672E-001       3       1       3       1
   0.20638398504342050E-001       3       2       3       1
   0.95472497135096635E-002       1       3       3       1
   0.19917830497875613E-001       2       3       3       1
   0.16735891092020668E-001       4       1       4       1
   0.20638398504342036E-001       4       2       4       1
   0.95472497135096618E-002       1       4       4       1
   0.19917830497875599E-001       2       4       4       1
   0.16735891092020668E-001       5       1       5       1
   0.20638398504342039E-001       5       2       5       1
   0.95472497135096600E-002       1       5       5       1
   0.19917830497875603E-001       2       5       5       1
  -0.12808319571311338            1       1       1       2
   0.32219119937765800E-001       2       1       1       2
   0.88284523626638474E-002       1       2       1       2
  -0.28835365285416307E-001       2       2       1       2
  -0.25231205289803962E-001       3       3       1       2
  -0.25231205289803989E-001       4       4       1       2
  -0.25231205289803993E-001       5       5       1       2
   0.39227549944680540            1       1       2       2
   0.10719480545395572E-001       2       1       2       2
  -0.28835365285416307E-001       1       2       2       2
   0.28011419613266159            2       2       2       2
   0.28312479156730125            3       3       2       2
   0.28312479156730125            4       4       2       2
   0.28312479156730125            5       5       2       2
   0.20638398504342050E-001       3       1       3       2
   0.62670204688601322E-001       3       2       3       2
   0.62925009046801454E-002       1       3       3       2
   0.59885264677013592E-001       2       3       3       2
   0.20638398504342036E-001       4       1       4       2
   0.62670204688601336E-001       4       2       4       2
   0.62925009046801419E-002       1       4       4       2
   0.59885264677013592E-001       2       4       4       2
   0.20638398504342039E-001       5       1       5       2
   0.62670204688601336E-001       5       2       5       2
   0.62925009046801393E-002       1       5       5       2
   0.59885264677013599E-001       2       5       5       2
   0.95472497135096635E-002       3       1       1       3
   0.62925009046801454E-002       3       2       1       3
   0.23586083349986563E-002       1       3       1       3
   0.55719328982137117E-002       2       3       1       3
   0.19917830497875613E-001       3       1       2       3
   0.59885264677013592E-001       3       2       2       3
   0.55719328982137117E-002       1       3       2       3
   0.57100324665425861E-001       2       3       2       3
   0.38302992638116029            1       1       3       3
   0.16238181628630579E-001       2       1       3       3
  -0.25231205289803962E-001       1       2       3       3
   0.28312479156730125            2       2       3       3
   0.30944569527292426            3       3       3       3
   0.27667144142995859            4       4       3       3
   0.27667144142995859            5       5       3       3
   0.16388509985262752E-001       4       3       4       3
   0.16388509985262752E-001       3       4       4       3
   0.16388509985262749E-001       5       3       5       3
   0.16388509985262749E-001       3       5       5       3
   0.95472497135096618E-002       4       1       1       4
   0.62925009046801419E-002       4       2       1       4
   0.23586083349986554E-002       1       4       1       4
   0.55719328982137082E-002       2       4       1       4
   0.19917830497875599E-001       4       1       2       4
   0.59885264677013592E-001       4       2       2       4
   0.55719328982137082E-002       1       4       2       4
   0.57100324665425861E-001       2       4       2       4
   0.16388509985262752E-001       4       3       3       4
   0.16388509985262752E-001       3       4       3       4
   0.38302992638116029            1       1       4       4
   0.16238181628630610E-001       2       1       4       4
  -0.25231205289803989E-001       1       2       4       4
   0.28312479156730125            2       2       4       4
   0.27667144142995859            3       3       4       4
   0.30944569527292426            4       4       4       4
   0.27667144142995859            5       5       4       4
   0.16388509985262749E-001       5       4       5       4
   0.16388509985262749E-001       4       5       5       4
   0.95472497135096600E-002       5       1       1       5
   0.62925009046801393E-002       5       2       1       5
   0.23586083349986511E-002       1       5       1       5
   0.55719328982137065E-002       2       5       1       5
   0.19917830497875603E-001       5       1       2       5
   0.59885264677013599E-001       5       2       2       5
   0.55719328982137065E-002       1       5       2       5
   0.57100324665425861E-001       2       5       2       5
   0.16388509985262749E-001       5       3       3       5
   0.16388509985262749E-001       3       5       3       5
   0.16388509985262749E-001       5       4       4       5
   0.16388509985262749E-001       4       5       4       5
   0.38302992638116029            1       1       5       5
   0.16238181628630593E-001       2       1       5       5
  -0.25231205289803993E-001       1       2       5       5
   0.28312479156730125            2       2       5       5
   0.27667144142995859            3       3       5       5
   0.27667144142995859            4       4       5       5
   0.30944569527292431            5       5       5       5
   -4.4427770031532505            1       1       0       0
   0.19862417077136255            1       2       0       0
   0.19862417077136255            2       1       0       0
  -0.95855882093728728            2       2       0       0
  -0.87998491872450368            3       3       0       0
  -0.87998491872450368            4       4       0       0
  -0.87998491872450368            5       5       0       0
    0.0000000000000000            0       0       0       0
