&FCI
 NORB=5,
 NELEC=3,
 MS2=1,
 ISYM=1,
 ORBSYM=1,1,1,1,1,
 ST=1,
 III=1,
 OCC=2,
 CLOSED=1,
 /
    1.6036855875433718            1       1       1       1
  -0.23443357422685523            2       1       1       1
  -0.12789558007416565            1       2       1       1
   0.39219019936913696            2       2       1       1
   0.38294781084152096            3       3       1       1
   0.38294781084152096            4       4       1       1
   0.38294781084152096            5       5       1       1
  -0.23443357422685523            1       1       2       1
   0.55724084723546667E-001       2       1       2       1
   0.32223050664478475E-001       1       2       2       1
   0.11218605401212545E-001       2       2       2       1
   0.16720700422955068E-001       3       3       2       1
   0.16720700422955107E-001       4       4       2       1
   0.16720700422955096E-001       5       5       2       1
   0.16701244603304254E-001       3       1       3       1
   0.20598919665453245E-001       3       2       3       1
   0.95476944020709172E-002       1       3       3       1
   0.19882407096823901E-001       2       3       3       1
   0.16701244603304254E-001       4       1       4       1
   0.20598919665453252E-001       4       2       4       1
   0.95476944020709189E-002       1       4       4       1
   0.19882407096823908E-001       2       4       4       1
   0.16701244603304251E-001       5       1       5       1
   0.20598919665453255E-001       5       2       5       1
   0.95476944020709241E-002       1       5       5       1
   0.19882407096823911E-001       2       5       5       1
  -0.12789558007416565            1       1       1       2
   0.32223050664478475E-001       2       1       1       2
   0.87220166054102870E-002       1       2       1       2
  -0.29286137603041287E-001       2       2       1       2
  -0.25664732858369409E-001       3       3       1       2
  -0.25664732858369416E-001       4       4       1       2
  -0.25664732858369420E-001       5       5       1       2
   0.39219019936913696            1       1       2       2
   0.11218605401212545E-001       2       1       2       2
  -0.29286137603041287E-001       1       2       2       2
   0.28007284538094090            2       2       2       2
   0.28309250550565562            3       3       2       2
   0.28309250550565562            4       4       2       2
   0.28309250550565562            5       5       2       2
   0.20598919665453245E-001       3       1       3       2
   0.62642671006245196E-001       3       2       3       2
   0.63266937277772798E-002       1       3       3       2
   0.59876022630585363E-001       2       3       3       2
   0.20598919665453252E-001       4       1       4       2
   0.62642671006245196E-001       4       2       4       2
   0.63266937277772798E-002       1       4       4       2
   0.59876022630585363E-001       2       4       4       2
   0.20598919665453255E-001       5       1       5       2
   0.62642671006245196E-001       5       2       5       2
   0.63266937277772738E-002       1       5       5       2
   0.59876022630585363E-001       2       5       5       2
   0.95476944020709172E-002       3       1       1       3
   0.63266937277772798E-002       3       2       1       3
   0.23941442008375783E-002       1       3       1       3
   0.56101811591479402E-002       2       3       1       3
   0.19882407096823901E-001       3       1       2       3
   0.59876022630585363E-001       3       2       2       3
   0.56101811591479402E-002       1       3       2       3
   0.57109374254925543E-001       2       3       2       3
   0.38294781084152096            1       1       3       3
   0.16720700422955068E-001       2       1       3       3
  -0.25664732858369409E-001       1       2       3       3
   0.28309250550565562            2       2       3       3
   0.30941290903917906            3       3       3       3
   0.27665265400462036            4       4       3       3
   0.27665265400462036            5       5       3       3
   0.16381542468658510E-001       4       3       4       3
   0.16381542468658510E-001       3       4       4       3
   0.16381542468658507E-001       5       3       5       3
   0.16381542468658507E-001       3       5       5       3
   0.95476944020709189E-002       4       1       1       4
   0.63266937277772798E-002       4       2       1       4
   0.23941442008375844E-002       1       4       1       4
   0.56101811591479384E-002       2       4       1       4
   0.19882407096823908E-001       4       1       2       4
   0.59876022630585363E-001       4       2       2       4
   0.56101811591479384E-002       1       4       2       4
   0.57109374254925536E-001       2       4       2       4
   0.16381542468658510E-001       4       3       3       4
   0.16381542468658510E-001       3       4       3       4
   0.38294781084152096            1       1       4       4
   0.16720700422955107E-001       2       1       4       4
  -0.25664732858369416E-001       1       2       4       4
   0.28309250550565562            2       2       4       4
   0.27665265400462036            3       3       4       4
   0.30941290903917906            4       4       4       4
   0.27665265400462036            5       5       4       4
   0.16381542468658507E-001       5       4       5       4
   0.16381542468658507E-001       4       5       5       4
   0.95476944020709241E-002       5       1       1       5
   0.63266937277772738E-002       5       2       1       5
   0.23941442008375991E-002       1       5       1       5
   0.56101811591479332E-002       2       5       1       5
   0.19882407096823911E-001       5       1       2       5
   0.59876022630585363E-001       5       2       2       5
   0.56101811591479332E-002       1       5       2       5
   0.57109374254925536E-001       2       5       2       5
   0.16381542468658507E-001       5       3       3       5
   0.16381542468658507E-001       3       5       3       5
   0.16381542468658507E-001       5       4       4       5
   0.16381542468658507E-001       4       5       4       5
   0.38294781084152096            1       1       5       5
   0.16720700422955096E-001       2       1       5       5
  -0.25664732858369420E-001       1       2       5       5
   0.28309250550565562            2       2       5       5
   0.27665265400462036            3       3       5       5
   0.27665265400462036            4       4       5       5
   0.30941290903917912            5       5       5       5
   -4.4427770031532505            1       1       0       0
   0.19862417077136255            1       2       0       0
   0.19862417077136255            2       1       0       0
  -0.95855882093728728            2       2       0       0
  -0.87998491872450368            3       3       0       0
  -0.87998491872450368            4       4       0       0
  -0.87998491872450368            5       5       0       0
    0.0000000000000000            0       0       0       0
