&FCI
 NORB=5,
 NELEC=3,
 MS2=1,
 ISYM=1,
 ORBSYM=1,1,1,1,1,
 ST=1,
 III=1,
 OCC=2,
 CLOSED=1,
 /
    1.6039396585083618            1       1       1       1
  -0.23397727168787694            2       1       1       1
  -0.12835639804354795            1       2       1       1
   0.39230698095064326            2       2       1       1
   0.38307275138949182            3       3       1       1
   0.38307275138949187            4       4       1       1
   0.38307275138949187            5       5       1       1
  -0.23397727168787694            1       1       2       1
   0.55471538267100232E-001       2       1       2       1
   0.32215322311006100E-001       1       2       2       1
   0.10631052432966765E-001       2       2       2       1
   0.16138229655108416E-001       3       3       2       1
   0.16138229655108461E-001       4       4       2       1
   0.16138229655108451E-001       5       5       2       1
   0.16739714482636302E-001       3       1       3       1
   0.20626486491473937E-001       3       2       3       1
   0.95505964786287145E-002       1       3       3       1
   0.19907581311786833E-001       2       3       3       1
   0.16739714482636309E-001       4       1       4       1
   0.20626486491473937E-001       4       2       4       1
   0.95505964786287197E-002       1       4       4       1
   0.19907581311786830E-001       2       4       4       1
   0.16739714482636312E-001       5       1       5       1
   0.20626486491473937E-001       5       2       5       1
   0.95505964786287215E-002       1       5       5       1
   0.19907581311786830E-001       2       5       5       1
  -0.12835639804354795            1       1       1       2
   0.32215322311006100E-001       2       1       1       2
   0.89591063549119762E-002       1       2       1       2
  -0.28724956321269174E-001       2       2       1       2
  -0.25114916423761562E-001       3       3       1       2
  -0.25114916423761569E-001       4       4       1       2
  -0.25114916423761569E-001       5       5       1       2
   0.39230698095064326            1       1       2       2
   0.10631052432966765E-001       2       1       2       2
  -0.28724956321269174E-001       1       2       2       2
   0.28009341827818290            2       2       2       2
   0.28311300422414998            3       3       2       2
   0.28311300422414998            4       4       2       2
   0.28311300422414998            5       5       2       2
   0.20626486491473937E-001       3       1       3       2
   0.62684835543101905E-001       3       2       3       2
   0.63170827410953343E-002       1       3       3       2
   0.59922429524037091E-001       2       3       3       2
   0.20626486491473937E-001       4       1       4       2
   0.62684835543101905E-001       4       2       4       2
   0.63170827410953386E-002       1       4       4       2
   0.59922429524037091E-001       2       4       4       2
   0.20626486491473937E-001       5       1       5       2
   0.62684835543101905E-001       5       2       5       2
   0.63170827410953404E-002       1       5       5       2
   0.59922429524037091E-001       2       5       5       2
   0.95505964786287145E-002       3       1       1       3
   0.63170827410953343E-002       3       2       1       3
   0.23614784746211282E-002       1       3       1       3
   0.55981775614082283E-002       2       3       1       3
   0.19907581311786833E-001       3       1       2       3
   0.59922429524037091E-001       3       2       2       3
   0.55981775614082283E-002       1       3       2       3
   0.57160023504972277E-001       2       3       2       3
   0.38307275138949182            1       1       3       3
   0.16138229655108416E-001       2       1       3       3
  -0.25114916423761562E-001       1       2       3       3
   0.28311300422414998            2       2       3       3
   0.30945156619181402            3       3       3       3
   0.27666242828962939            4       4       3       3
   0.27666242828962939            5       5       3       3
   0.16395949640741703E-001       4       3       4       3
   0.16395949640741703E-001       3       4       4       3
   0.16395949640741699E-001       5       3       5       3
   0.16395949640741699E-001       3       5       5       3
   0.95505964786287197E-002       4       1       1       4
   0.63170827410953386E-002       4       2       1       4
   0.23614784746211308E-002       1       4       1       4
   0.55981775614082317E-002       2       4       1       4
   0.19907581311786830E-001       4       1       2       4
   0.59922429524037091E-001       4       2       2       4
   0.55981775614082317E-002       1       4       2       4
   0.57160023504972277E-001       2       4       2       4
   0.16395949640741703E-001       4       3       3       4
   0.16395949640741699E-001       3       4       3       4
   0.38307275138949187            1       1       4       4
   0.16138229655108461E-001       2       1       4       4
  -0.25114916423761569E-001       1       2       4       4
   0.28311300422414998            2       2       4       4
   0.27666242828962939            3       3       4       4
   0.30945156619181402            4       4       4       4
   0.27666242828962939            5       5       4       4
   0.16395949640741699E-001       5       4       5       4
   0.16395949640741699E-001       4       5       5       4
   0.95505964786287215E-002       5       1       1       5
   0.63170827410953404E-002       5       2       1       5
   0.23614784746211290E-002       1       5       1       5
   0.55981775614082335E-002       2       5       1       5
   0.19907581311786830E-001       5       1       2       5
   0.59922429524037091E-001       5       2       2       5
   0.55981775614082335E-002       1       5       2       5
   0.57160023504972277E-001       2       5       2       5
   0.16395949640741699E-001       5       3       3       5
   0.16395949640741699E-001       3       5       3       5
   0.16395949640741699E-001       5       4       4       5
   0.16395949640741699E-001       4       5       4       5
   0.38307275138949187            1       1       5       5
   0.16138229655108451E-001       2       1       5       5
  -0.25114916423761569E-001       1       2       5       5
   0.28311300422414998            2       2       5       5
   0.27666242828962939            3       3       5       5
   0.27666242828962939            4       4       5       5
   0.30945156619181408            5       5       5       5
   -4.4427770031532505            1       1       0       0
   0.19862417077136255            1       2       0       0
   0.19862417077136255            2       1       0       0
  -0.95855882093728728            2       2       0       0
  -0.87998491872450368            3       3       0       0
  -0.87998491872450368            4       4       0       0
  -0.87998491872450368            5       5       0       0
    0.0000000000000000            0       0       0       0
