&FCI
 NORB=5,
 NELEC=3,
 MS2=1,
 ISYM=1,
 ORBSYM=1,1,1,1,1,
 ST=1,
 III=1,
 OCC=2,
 CLOSED=1,
 /
    1.6037049032651742            1       1       1       1
  -0.23423686299943175            2       1       1       1
  -0.12807853978096828            1       2       1       1
   0.39226589624472979            2       2       1       1
   0.38302317578895395            3       3       1       1
   0.38302317578895395            4       4       1       1
   0.38302317578895395            5       5       1       1
  -0.23423686299943175            1       1       2       1
   0.55604494621598902E-001       2       1       2       1
   0.32219220562896292E-001       1       2       2       1
   0.10765586551528605E-001       2       2       2       1
   0.16280513427592232E-001       3       3       2       1
   0.16280513427592187E-001       4       4       2       1
   0.16280513427592194E-001       5       5       2       1
   0.16737070548285854E-001       3       1       3       1
   0.20652603505548747E-001       3       2       3       1
   0.95500115610291213E-002       1       3       3       1
   0.19931423591324104E-001       2       3       3       1
   0.16737070548285861E-001       4       1       4       1
   0.20652603505548740E-001       4       2       4       1
   0.95500115610291265E-002       1       4       4       1
   0.19931423591324098E-001       2       4       4       1
   0.16737070548285861E-001       5       1       5       1
   0.20652603505548740E-001       5       2       5       1
   0.95500115610291248E-002       1       5       5       1
   0.19931423591324098E-001       2       5       5       1
  -0.12807853978096828            1       1       1       2
   0.32219220562896292E-001       2       1       1       2
   0.88339465041936925E-002       1       2       1       2
  -0.28872577955851700E-001       2       2       1       2
  -0.25264255620185059E-001       3       3       1       2
  -0.25264255620185045E-001       4       4       1       2
  -0.25264255620185028E-001       5       5       1       2
   0.39226589624472979            1       1       2       2
   0.10765586551528605E-001       2       1       2       2
  -0.28872577955851700E-001       1       2       2       2
   0.28006166630113088            2       2       2       2
   0.28307737004307187            3       3       2       2
   0.28307737004307187            4       4       2       2
   0.28307737004307187            5       5       2       2
   0.20652603505548747E-001       3       1       3       2
   0.62726178525322807E-001       3       2       3       2
   0.62943195190285689E-002       1       3       3       2
   0.59920141292258214E-001       2       3       3       2
   0.20652603505548740E-001       4       1       4       2
   0.62726178525322793E-001       4       2       4       2
   0.62943195190285706E-002       1       4       4       2
   0.59920141292258207E-001       2       4       4       2
   0.20652603505548740E-001       5       1       5       2
   0.62726178525322793E-001       5       2       5       2
   0.62943195190285741E-002       1       5       5       2
   0.59920141292258207E-001       2       5       5       2
   0.95500115610291213E-002       3       1       1       3
   0.62943195190285689E-002       3       2       1       3
   0.23629525737723879E-002       1       3       1       3
   0.55731396048039269E-002       2       3       1       3
   0.19931423591324104E-001       3       1       2       3
   0.59920141292258214E-001       3       2       2       3
   0.55731396048039269E-002       1       3       2       3
   0.57114104059193621E-001       2       3       2       3
   0.38302317578895395            1       1       3       3
   0.16280513427592232E-001       2       1       3       3
  -0.25264255620185059E-001       1       2       3       3
   0.28307737004307187            2       2       3       3
   0.30940645333320971            3       3       3       3
   0.27662751168679012            4       4       3       3
   0.27662751168679012            5       5       3       3
   0.16390848390018184E-001       4       3       4       3
   0.16390848390018184E-001       3       4       4       3
   0.16390848390018180E-001       5       3       5       3
   0.16390848390018180E-001       3       5       5       3
   0.95500115610291265E-002       4       1       1       4
   0.62943195190285706E-002       4       2       1       4
   0.23629525737723896E-002       1       4       1       4
   0.55731396048039287E-002       2       4       1       4
   0.19931423591324098E-001       4       1       2       4
   0.59920141292258207E-001       4       2       2       4
   0.55731396048039287E-002       1       4       2       4
   0.57114104059193614E-001       2       4       2       4
   0.16390848390018184E-001       4       3       3       4
   0.16390848390018184E-001       3       4       3       4
   0.38302317578895395            1       1       4       4
   0.16280513427592187E-001       2       1       4       4
  -0.25264255620185045E-001       1       2       4       4
   0.28307737004307187            2       2       4       4
   0.27662751168679012            3       3       4       4
   0.30940645333320971            4       4       4       4
   0.27662751168679006            5       5       4       4
   0.16390848390018180E-001       5       4       5       4
   0.16390848390018180E-001       4       5       5       4
   0.95500115610291248E-002       5       1       1       5
   0.62943195190285741E-002       5       2       1       5
   0.23629525737723896E-002       1       5       1       5
   0.55731396048039322E-002       2       5       1       5
   0.19931423591324098E-001       5       1       2       5
   0.59920141292258207E-001       5       2       2       5
   0.55731396048039322E-002       1       5       2       5
   0.57114104059193614E-001       2       5       2       5
   0.16390848390018180E-001       5       3       3       5
   0.16390848390018184E-001       3       5       3       5
   0.16390848390018180E-001       5       4       4       5
   0.16390848390018180E-001       4       5       4       5
   0.38302317578895395            1       1       5       5
   0.16280513427592194E-001       2       1       5       5
  -0.25264255620185028E-001       1       2       5       5
   0.28307737004307187            2       2       5       5
   0.27662751168679012            3       3       5       5
   0.27662751168679006            4       4       5       5
   0.30940645333320976            5       5       5       5
   -4.4427770031532505            1       1       0       0
   0.19862417077136255            1       2       0       0
   0.19862417077136255            2       1       0       0
  -0.95855882093728728            2       2       0       0
  -0.87998491872450368            3       3       0       0
  -0.87998491872450368            4       4       0       0
  -0.87998491872450368            5       5       0       0
    0.0000000000000000            0       0       0       0
