&FCI
 NORB=5,
 NELEC=3,
 MS2=1,
 ISYM=1,
 ORBSYM=1,1,1,1,1,
 ST=1,
 III=1,
 OCC=2,
 CLOSED=1,
 /
    1.6036458501964479            1       1       1       1
  -0.23423842457974564            2       1       1       1
  -0.12805799956080513            1       2       1       1
   0.39220212567092883            2       2       1       1
   0.38296448267169958            3       3       1       1
   0.38296448267169958            4       4       1       1
   0.38296448267169958            5       5       1       1
  -0.23423842457974564            1       1       2       1
   0.55595723340849432E-001       2       1       2       1
   0.32216403970391147E-001       1       2       2       1
   0.10656306896143972E-001       2       2       2       1
   0.16175523311913624E-001       3       3       2       1
   0.16175523311913617E-001       4       4       2       1
   0.16175523311913624E-001       5       5       2       1
   0.16750298653550089E-001       3       1       3       1
   0.20632909237194293E-001       3       2       3       1
   0.95481146220967959E-002       1       3       3       1
   0.19913453390142631E-001       2       3       3       1
   0.16750298653550093E-001       4       1       4       1
   0.20632909237194297E-001       4       2       4       1
   0.95481146220967993E-002       1       4       4       1
   0.19913453390142635E-001       2       4       4       1
   0.16750298653550093E-001       5       1       5       1
   0.20632909237194297E-001       5       2       5       1
   0.95481146220968011E-002       1       5       5       1
   0.19913453390142635E-001       2       5       5       1
  -0.12805799956080513            1       1       1       2
   0.32216403970391147E-001       2       1       1       2
   0.88370845999328519E-002       1       2       1       2
  -0.28729893926251485E-001       2       2       1       2
  -0.25129659451637414E-001       3       3       1       2
  -0.25129659451637448E-001       4       4       1       2
  -0.25129659451637441E-001       5       5       1       2
   0.39220212567092883            1       1       2       2
   0.10656306896143972E-001       2       1       2       2
  -0.28729893926251485E-001       1       2       2       2
   0.28013013306728629            2       2       2       2
   0.28314531975116308            3       3       2       2
   0.28314531975116308            4       4       2       2
   0.28314531975116308            5       5       2       2
   0.20632909237194293E-001       3       1       3       2
   0.62676072832361845E-001       3       2       3       2
   0.63015471114157744E-002       1       3       3       2
   0.59914526089973198E-001       2       3       3       2
   0.20632909237194297E-001       4       1       4       2
   0.62676072832361845E-001       4       2       4       2
   0.63015471114157779E-002       1       4       4       2
   0.59914526089973191E-001       2       4       4       2
   0.20632909237194297E-001       5       1       5       2
   0.62676072832361845E-001       5       2       5       2
   0.63015471114157839E-002       1       5       5       2
   0.59914526089973191E-001       2       5       5       2
   0.95481146220967959E-002       3       1       1       3
   0.63015471114157744E-002       3       2       1       3
   0.23459305906435015E-002       1       3       1       3
   0.55820912643641130E-002       2       3       1       3
   0.19913453390142631E-001       3       1       2       3
   0.59914526089973198E-001       3       2       2       3
   0.55820912643641130E-002       1       3       2       3
   0.57152979347584544E-001       2       3       2       3
   0.38296448267169958            1       1       3       3
   0.16175523311913624E-001       2       1       3       3
  -0.25129659451637414E-001       1       2       3       3
   0.28314531975116308            2       2       3       3
   0.30948844016055743            3       3       3       3
   0.27668680195064821            4       4       3       3
   0.27668680195064821            5       5       3       3
   0.16402196087638640E-001       4       3       4       3
   0.16402196087638640E-001       3       4       4       3
   0.16402196087638633E-001       5       3       5       3
   0.16402196087638633E-001       3       5       5       3
   0.95481146220967993E-002       4       1       1       4
   0.63015471114157779E-002       4       2       1       4
   0.23459305906435041E-002       1       4       1       4
   0.55820912643641182E-002       2       4       1       4
   0.19913453390142635E-001       4       1       2       4
   0.59914526089973191E-001       4       2       2       4
   0.55820912643641182E-002       1       4       2       4
   0.57152979347584544E-001       2       4       2       4
   0.16402196087638640E-001       4       3       3       4
   0.16402196087638637E-001       3       4       3       4
   0.38296448267169958            1       1       4       4
   0.16175523311913617E-001       2       1       4       4
  -0.25129659451637448E-001       1       2       4       4
   0.28314531975116308            2       2       4       4
   0.27668680195064821            3       3       4       4
   0.30948844016055743            4       4       4       4
   0.27668680195064821            5       5       4       4
   0.16402196087638633E-001       5       4       5       4
   0.16402196087638633E-001       4       5       5       4
   0.95481146220968011E-002       5       1       1       5
   0.63015471114157839E-002       5       2       1       5
   0.23459305906435085E-002       1       5       1       5
   0.55820912643641234E-002       2       5       1       5
   0.19913453390142635E-001       5       1       2       5
   0.59914526089973191E-001       5       2       2       5
   0.55820912643641234E-002       1       5       2       5
   0.57152979347584544E-001       2       5       2       5
   0.16402196087638633E-001       5       3       3       5
   0.16402196087638633E-001       3       5       3       5
   0.16402196087638633E-001       5       4       4       5
   0.16402196087638633E-001       4       5       4       5
   0.38296448267169958            1       1       5       5
   0.16175523311913624E-001       2       1       5       5
  -0.25129659451637441E-001       1       2       5       5
   0.28314531975116308            2       2       5       5
   0.27668680195064821            3       3       5       5
   0.27668680195064821            4       4       5       5
   0.30948844016055749            5       5       5       5
   -4.4427770031532505            1       1       0       0
   0.19862417077136255            1       2       0       0
   0.19862417077136255            2       1       0       0
  -0.95855882093728728            2       2       0       0
  -0.87998491872450368            3       3       0       0
  -0.87998491872450368            4       4       0       0
  -0.87998491872450368            5       5       0       0
    0.0000000000000000            0       0       0       0
