&FCI
 NORB=5,
 NELEC=3,
 MS2=1,
 ISYM=1,
 ORBSYM=1,1,1,1,1,
 ST=1,
 III=1,
 OCC=2,
 CLOSED=1,
 /
    1.6037205102848793            1       1       1       1
  -0.23425325892390556            2       1       1       1
  -0.12809047292650577            1       2       1       1
   0.39228316560654031            2       2       1       1
   0.38303320957383091            3       3       1       1
   0.38303320957383091            4       4       1       1
   0.38303320957383091            5       5       1       1
  -0.23425325892390556            1       1       2       1
   0.55641774700221525E-001       2       1       2       1
   0.32221842680142859E-001       1       2       2       1
   0.11155470817991162E-001       2       2       2       1
   0.16653075243782747E-001       3       3       2       1
   0.16653075243782754E-001       4       4       2       1
   0.16653075243782761E-001       5       5       2       1
   0.16746852236679960E-001       3       1       3       1
   0.20629618531420417E-001       3       2       3       1
   0.95468381074287796E-002       1       3       3       1
   0.19909732209993373E-001       2       3       3       1
   0.16746852236679960E-001       4       1       4       1
   0.20629618531420410E-001       4       2       4       1
   0.95468381074287761E-002       1       4       4       1
   0.19909732209993366E-001       2       4       4       1
   0.16746852236679963E-001       5       1       5       1
   0.20629618531420410E-001       5       2       5       1
   0.95468381074287744E-002       1       5       5       1
   0.19909732209993366E-001       2       5       5       1
  -0.12809047292650577            1       1       1       2
   0.32221842680142859E-001       2       1       1       2
   0.88019106600641973E-002       1       2       1       2
  -0.29258432919621602E-001       2       2       1       2
  -0.25632339883780518E-001       3       3       1       2
  -0.25632339883780535E-001       4       4       1       2
  -0.25632339883780525E-001       5       5       1       2
   0.39228316560654031            1       1       2       2
   0.11155470817991162E-001       2       1       2       2
  -0.29258432919621602E-001       1       2       2       2
   0.28004636854303649            2       2       2       2
   0.28306516605607018            3       3       2       2
   0.28306516605607018            4       4       2       2
   0.28306516605607018            5       5       2       2
   0.20629618531420417E-001       3       1       3       2
   0.62661174298469582E-001       3       2       3       2
   0.62993931205171513E-002       1       3       3       2
   0.59884867022979106E-001       2       3       3       2
   0.20629618531420410E-001       4       1       4       2
   0.62661174298469569E-001       4       2       4       2
   0.62993931205171522E-002       1       4       4       2
   0.59884867022979106E-001       2       4       4       2
   0.20629618531420410E-001       5       1       5       2
   0.62661174298469569E-001       5       2       5       2
   0.62993931205171461E-002       1       5       5       2
   0.59884867022979106E-001       2       5       5       2
   0.95468381074287796E-002       3       1       1       3
   0.62993931205171513E-002       3       2       1       3
   0.23468239781775976E-002       1       3       1       3
   0.55795067990901098E-002       2       3       1       3
   0.19909732209993373E-001       3       1       2       3
   0.59884867022979106E-001       3       2       2       3
   0.55795067990901098E-002       1       3       2       3
   0.57108559747488637E-001       2       3       2       3
   0.38303320957383091            1       1       3       3
   0.16653075243782747E-001       2       1       3       3
  -0.25632339883780518E-001       1       2       3       3
   0.28306516605607018            2       2       3       3
   0.30938139624529798            3       3       3       3
   0.27662550817828430            4       4       3       3
   0.27662550817828430            5       5       3       3
   0.16379343016276623E-001       4       3       4       3
   0.16379343016276623E-001       3       4       4       3
   0.16379343016276620E-001       5       3       5       3
   0.16379343016276620E-001       3       5       5       3
   0.95468381074287761E-002       4       1       1       4
   0.62993931205171522E-002       4       2       1       4
   0.23468239781775915E-002       1       4       1       4
   0.55795067990901098E-002       2       4       1       4
   0.19909732209993366E-001       4       1       2       4
   0.59884867022979106E-001       4       2       2       4
   0.55795067990901098E-002       1       4       2       4
   0.57108559747488644E-001       2       4       2       4
   0.16379343016276623E-001       4       3       3       4
   0.16379343016276623E-001       3       4       3       4
   0.38303320957383091            1       1       4       4
   0.16653075243782754E-001       2       1       4       4
  -0.25632339883780535E-001       1       2       4       4
   0.28306516605607018            2       2       4       4
   0.27662550817828430            3       3       4       4
   0.30938139624529798            4       4       4       4
   0.27662550817828430            5       5       4       4
   0.16379343016276620E-001       5       4       5       4
   0.16379343016276620E-001       4       5       5       4
   0.95468381074287744E-002       5       1       1       5
   0.62993931205171461E-002       5       2       1       5
   0.23468239781775863E-002       1       5       1       5
   0.55795067990901046E-002       2       5       1       5
   0.19909732209993366E-001       5       1       2       5
   0.59884867022979106E-001       5       2       2       5
   0.55795067990901046E-002       1       5       2       5
   0.57108559747488637E-001       2       5       2       5
   0.16379343016276620E-001       5       3       3       5
   0.16379343016276620E-001       3       5       3       5
   0.16379343016276620E-001       5       4       4       5
   0.16379343016276620E-001       4       5       4       5
   0.38303320957383091            1       1       5       5
   0.16653075243782761E-001       2       1       5       5
  -0.25632339883780525E-001       1       2       5       5
   0.28306516605607018            2       2       5       5
   0.27662550817828430            3       3       5       5
   0.27662550817828430            4       4       5       5
   0.30938139624529803            5       5       5       5
   -4.4427770031532505            1       1       0       0
   0.19862417077136255            1       2       0       0
   0.19862417077136255            2       1       0       0
  -0.95855882093728728            2       2       0       0
  -0.87998491872450368            3       3       0       0
  -0.87998491872450368            4       4       0       0
  -0.87998491872450368            5       5       0       0
    0.0000000000000000            0       0       0       0
