&FCI
 NORB=5,
 NELEC=3,
 MS2=1,
 ISYM=1,
 ORBSYM=1,1,1,1,1,
 ST=1,
 III=1,
 OCC=2,
 CLOSED=1,
 /
    1.6037103426035020            1       1       1       1
  -0.23419577296289976            2       1       1       1
  -0.12811761880956882            1       2       1       1
   0.39223413950944980            2       2       1       1
   0.38299441980138638            3       3       1       1
   0.38299441980138638            4       4       1       1
   0.38299441980138638            5       5       1       1
  -0.23419577296289976            1       1       2       1
   0.55617883873974969E-001       2       1       2       1
   0.32218243194008879E-001       1       2       2       1
   0.10848935377587011E-001       2       2       2       1
   0.16364077330821451E-001       3       3       2       1
   0.16364077330821486E-001       4       4       2       1
   0.16364077330821482E-001       5       5       2       1
   0.16755232820120328E-001       3       1       3       1
   0.20651719221823680E-001       3       2       3       1
   0.95485820965272011E-002       1       3       3       1
   0.19929691730945387E-001       2       3       3       1
   0.16755232820120331E-001       4       1       4       1
   0.20651719221823697E-001       4       2       4       1
   0.95485820965272028E-002       1       4       4       1
   0.19929691730945401E-001       2       4       4       1
   0.16755232820120335E-001       5       1       5       1
   0.20651719221823697E-001       5       2       5       1
   0.95485820965272063E-002       1       5       5       1
   0.19929691730945404E-001       2       5       5       1
  -0.12811761880956882            1       1       1       2
   0.32218243194008879E-001       2       1       1       2
   0.88186025140427927E-002       1       2       1       2
  -0.28934082509249257E-001       2       2       1       2
  -0.25328292152616366E-001       3       3       1       2
  -0.25328292152616325E-001       4       4       1       2
  -0.25328292152616318E-001       5       5       1       2
   0.39223413950944980            1       1       2       2
   0.10848935377587011E-001       2       1       2       2
  -0.28934082509249257E-001       1       2       2       2
   0.28015683745228681            2       2       2       2
   0.28316945346292227            3       3       2       2
   0.28316945346292227            4       4       2       2
   0.28316945346292227            5       5       2       2
   0.20651719221823680E-001       3       1       3       2
   0.62668401768996407E-001       3       2       3       2
   0.62798327828746496E-002       1       3       3       2
   0.59900542393242343E-001       2       3       3       2
   0.20651719221823697E-001       4       1       4       2
   0.62668401768996407E-001       4       2       4       2
   0.62798327828746470E-002       1       4       4       2
   0.59900542393242336E-001       2       4       4       2
   0.20651719221823697E-001       5       1       5       2
   0.62668401768996407E-001       5       2       5       2
   0.62798327828746470E-002       1       5       5       2
   0.59900542393242336E-001       2       5       5       2
   0.95485820965272011E-002       3       1       1       3
   0.62798327828746496E-002       3       2       1       3
   0.23419313729340753E-002       1       3       1       3
   0.55578052919963601E-002       2       3       1       3
   0.19929691730945387E-001       3       1       2       3
   0.59900542393242343E-001       3       2       2       3
   0.55578052919963601E-002       1       3       2       3
   0.57132683017488271E-001       2       3       2       3
   0.38299441980138638            1       1       3       3
   0.16364077330821451E-001       2       1       3       3
  -0.25328292152616366E-001       1       2       3       3
   0.28316945346292227            2       2       3       3
   0.30951032430804082            3       3       3       3
   0.27670881390828106            4       4       3       3
   0.27670881390828106            5       5       3       3
   0.16402115317045756E-001       4       3       4       3
   0.16402115317045756E-001       3       4       4       3
   0.16402115317045753E-001       5       3       5       3
   0.16402115317045753E-001       3       5       5       3
   0.95485820965272028E-002       4       1       1       4
   0.62798327828746470E-002       4       2       1       4
   0.23419313729340745E-002       1       4       1       4
   0.55578052919963566E-002       2       4       1       4
   0.19929691730945401E-001       4       1       2       4
   0.59900542393242336E-001       4       2       2       4
   0.55578052919963566E-002       1       4       2       4
   0.57132683017488264E-001       2       4       2       4
   0.16402115317045756E-001       4       3       3       4
   0.16402115317045756E-001       3       4       3       4
   0.38299441980138638            1       1       4       4
   0.16364077330821486E-001       2       1       4       4
  -0.25328292152616325E-001       1       2       4       4
   0.28316945346292227            2       2       4       4
   0.27670881390828106            3       3       4       4
   0.30951032430804082            4       4       4       4
   0.27670881390828106            5       5       4       4
   0.16402115317045749E-001       5       4       5       4
   0.16402115317045753E-001       4       5       5       4
   0.95485820965272063E-002       5       1       1       5
   0.62798327828746470E-002       5       2       1       5
   0.23419313729340762E-002       1       5       1       5
   0.55578052919963566E-002       2       5       1       5
   0.19929691730945404E-001       5       1       2       5
   0.59900542393242336E-001       5       2       2       5
   0.55578052919963566E-002       1       5       2       5
   0.57132683017488264E-001       2       5       2       5
   0.16402115317045753E-001       5       3       3       5
   0.16402115317045753E-001       3       5       3       5
   0.16402115317045753E-001       5       4       4       5
   0.16402115317045753E-001       4       5       4       5
   0.38299441980138638            1       1       5       5
   0.16364077330821482E-001       2       1       5       5
  -0.25328292152616318E-001       1       2       5       5
   0.28316945346292227            2       2       5       5
   0.27670881390828106            3       3       5       5
   0.27670881390828106            4       4       5       5
   0.30951032430804087            5       5       5       5
   -4.4427770031532505            1       1       0       0
   0.19862417077136255            1       2       0       0
   0.19862417077136255            2       1       0       0
  -0.95855882093728728            2       2       0       0
  -0.87998491872450368            3       3       0       0
  -0.87998491872450368            4       4       0       0
  -0.87998491872450368            5       5       0       0
    0.0000000000000000            0       0       0       0
