&FCI
 NORB=5,
 NELEC=3,
 MS2=1,
 ISYM=1,
 ORBSYM=1,1,1,1,1,
 ST=1,
 III=1,
 OCC=2,
 CLOSED=1,
 /
    1.6037175495177265            1       1       1       1
  -0.23423733942636327            2       1       1       1
  -0.12807500383305076            1       2       1       1
   0.39227257743576238            2       2       1       1
   0.38303100993366818            3       3       1       1
   0.38303100993366823            4       4       1       1
   0.38303100993366818            5       5       1       1
  -0.23423733942636327            1       1       2       1
   0.55597856210833234E-001       2       1       2       1
   0.32223298935697565E-001       1       2       2       1
   0.10954761268469126E-001       2       2       2       1
   0.16456288813369063E-001       3       3       2       1
   0.16456288813369069E-001       4       4       2       1
   0.16456288813369063E-001       5       5       2       1
   0.16726014342135970E-001       3       1       3       1
   0.20574948737026269E-001       3       2       3       1
   0.95534345372380869E-002       1       3       3       1
   0.19862773401853107E-001       2       3       3       1
   0.16726014342135970E-001       4       1       4       1
   0.20574948737026269E-001       4       2       4       1
   0.95534345372380869E-002       1       4       4       1
   0.19862773401853107E-001       2       4       4       1
   0.16726014342135970E-001       5       1       5       1
   0.20574948737026262E-001       5       2       5       1
   0.95534345372380765E-002       1       5       5       1
   0.19862773401853103E-001       2       5       5       1
  -0.12807500383305076            1       1       1       2
   0.32223298935697565E-001       2       1       1       2
   0.88487416605618971E-002       1       2       1       2
  -0.29010915445233043E-001       2       2       1       2
  -0.25388333729772214E-001       3       3       1       2
  -0.25388333729772193E-001       4       4       1       2
  -0.25388333729772190E-001       5       5       1       2
   0.39227257743576238            1       1       2       2
   0.10954761268469126E-001       2       1       2       2
  -0.29010915445233043E-001       1       2       2       2
   0.28016833633689880            2       2       2       2
   0.28318996688437365            3       3       2       2
   0.28318996688437365            4       4       2       2
   0.28318996688437365            5       5       2       2
   0.20574948737026269E-001       3       1       3       2
   0.62677304494410863E-001       3       2       3       2
   0.63783239426545915E-002       1       3       3       2
   0.59959922249791422E-001       2       3       3       2
   0.20574948737026269E-001       4       1       4       2
   0.62677304494410863E-001       4       2       4       2
   0.63783239426545924E-002       1       4       4       2
   0.59959922249791422E-001       2       4       4       2
   0.20574948737026262E-001       5       1       5       2
   0.62677304494410863E-001       5       2       5       2
   0.63783239426545933E-002       1       5       5       2
   0.59959922249791422E-001       2       5       5       2
   0.95534345372380869E-002       3       1       1       3
   0.63783239426545915E-002       3       2       1       3
   0.23808547323402023E-002       1       3       1       3
   0.56661486074814308E-002       2       3       1       3
   0.19862773401853107E-001       3       1       2       3
   0.59959922249791422E-001       3       2       2       3
   0.56661486074814308E-002       1       3       2       3
   0.57242540005171968E-001       2       3       2       3
   0.38303100993366818            1       1       3       3
   0.16456288813369063E-001       2       1       3       3
  -0.25388333729772214E-001       1       2       3       3
   0.28318996688437365            2       2       3       3
   0.30956573771438389            3       3       3       3
   0.27672549850757366            4       4       3       3
   0.27672549850757366            5       5       3       3
   0.16421489751810566E-001       4       3       4       3
   0.16421489751810566E-001       3       4       4       3
   0.16421489751810563E-001       5       3       5       3
   0.16421489751810563E-001       3       5       5       3
   0.95534345372380869E-002       4       1       1       4
   0.63783239426545924E-002       4       2       1       4
   0.23808547323402023E-002       1       4       1       4
   0.56661486074814343E-002       2       4       1       4
   0.19862773401853107E-001       4       1       2       4
   0.59959922249791422E-001       4       2       2       4
   0.56661486074814343E-002       1       4       2       4
   0.57242540005171968E-001       2       4       2       4
   0.16421489751810566E-001       4       3       3       4
   0.16421489751810566E-001       3       4       3       4
   0.38303100993366823            1       1       4       4
   0.16456288813369069E-001       2       1       4       4
  -0.25388333729772193E-001       1       2       4       4
   0.28318996688437365            2       2       4       4
   0.27672549850757366            3       3       4       4
   0.30956573771438389            4       4       4       4
   0.27672549850757366            5       5       4       4
   0.16421489751810563E-001       5       4       5       4
   0.16421489751810563E-001       4       5       5       4
   0.95534345372380765E-002       5       1       1       5
   0.63783239426545933E-002       5       2       1       5
   0.23808547323401815E-002       1       5       1       5
   0.56661486074814343E-002       2       5       1       5
   0.19862773401853103E-001       5       1       2       5
   0.59959922249791422E-001       5       2       2       5
   0.56661486074814343E-002       1       5       2       5
   0.57242540005171975E-001       2       5       2       5
   0.16421489751810563E-001       5       3       3       5
   0.16421489751810559E-001       3       5       3       5
   0.16421489751810563E-001       5       4       4       5
   0.16421489751810563E-001       4       5       4       5
   0.38303100993366818            1       1       5       5
   0.16456288813369063E-001       2       1       5       5
  -0.25388333729772190E-001       1       2       5       5
   0.28318996688437365            2       2       5       5
   0.27672549850757366            3       3       5       5
   0.27672549850757366            4       4       5       5
   0.30956573771438395            5       5       5       5
   -4.4427770031532505            1       1       0       0
   0.19862417077136255            1       2       0       0
   0.19862417077136255            2       1       0       0
  -0.95855882093728728            2       2       0       0
  -0.87998491872450368            3       3       0       0
  -0.87998491872450368            4       4       0       0
  -0.87998491872450368            5       5       0       0
    0.0000000000000000            0       0       0       0
