           5
  -0.19760142863044203E-001       1       1       1       1       1       1
   0.32913187239143088E-002       1       1       1       1       1       2
  -0.70645784841059803E-003       1       1       1       1       2       2
  -0.27640888475223585E-004       1       1       1       1       3       3
  -0.27640888475223568E-004       1       1       1       1       4       4
  -0.27640888475223514E-004       1       1       1       1       5       5
   0.17662732457807611E-003       1       1       1       2       2       2
  -0.10565377676640192E-004       1       1       1       2       3       3
  -0.10565377676640174E-004       1       1       1       2       4       4
  -0.10565377676640179E-004       1       1       1       2       5       5
   0.59681631017671124E-002       1       1       2       1       1       2
  -0.18758062145275937E-002       1       1       2       1       2       2
   0.26689132329729627E-005       1       1       2       1       3       3
   0.26689132329728179E-005       1       1       2       1       4       4
   0.26689132329728903E-005       1       1       2       1       5       5
   0.46486452182639302E-003       1       1       2       2       2       2
  -0.19607929067233222E-004       1       1       2       2       3       3
  -0.19607929067233232E-004       1       1       2       2       4       4
  -0.19607929067233222E-004       1       1       2       2       5       5
  -0.71813441433030210E-004       1       1       2       3       3       2
  -0.71813441433030210E-004       1       1       2       4       4       2
  -0.71813441433030183E-004       1       1       2       5       5       2
   0.58862740364196108E-002       1       1       3       1       1       3
  -0.18820644654864512E-002       1       1       3       1       2       3
   0.47455179212639782E-003       1       1       3       2       2       3
  -0.80463628764887831E-004       1       1       3       3       3       3
  -0.47471731223829848E-005       1       1       3       3       4       4
  -0.47471731223829865E-005       1       1       3       3       5       5
  -0.70966672611188776E-004       1       1       3       4       4       3
  -0.70966672611188776E-004       1       1       3       5       5       3
   0.58862740364196151E-002       1       1       4       1       1       4
  -0.18820644654864525E-002       1       1       4       1       2       4
   0.47455179212639847E-003       1       1       4       2       2       4
  -0.70966672611188830E-004       1       1       4       3       3       4
  -0.80463628764887777E-004       1       1       4       4       4       4
  -0.47471731223829865E-005       1       1       4       4       5       5
  -0.70966672611188803E-004       1       1       4       5       5       4
   0.58862740364196177E-002       1       1       5       1       1       5
  -0.18820644654864529E-002       1       1       5       1       2       5
   0.47455179212639793E-003       1       1       5       2       2       5
  -0.70966672611188830E-004       1       1       5       3       3       5
  -0.70966672611188803E-004       1       1       5       4       4       5
  -0.80463628764887722E-004       1       1       5       5       5       5
  -0.57583117617946511E-002       1       2       2       1       2       2
  -0.93091396714164347E-004       1       2       2       1       3       3
  -0.93091396714164456E-004       1       2       2       1       4       4
  -0.93091396714164252E-004       1       2       2       1       5       5
   0.85954080006324135E-003       1       2       2       2       2       2
  -0.68727442124418007E-005       1       2       2       2       3       3
  -0.68727442124418507E-005       1       2       2       2       4       4
  -0.68727442124418379E-005       1       2       2       2       5       5
  -0.72245982048560687E-004       1       2       2       3       2       3
  -0.72245982048560619E-004       1       2       2       4       2       4
  -0.72245982048560673E-004       1       2       2       5       2       5
  -0.59086674327590589E-002       1       2       3       1       2       3
   0.90843307645893830E-003       1       2       3       2       2       3
  -0.84133520510033555E-004       1       2       3       3       3       3
  -0.53277553203675807E-005       1       2       3       3       4       4
  -0.53277553203675765E-005       1       2       3       3       5       5
  -0.53277553203675739E-005       1       2       3       4       3       4
  -0.73471470820504818E-004       1       2       3       4       4       3
  -0.53277553203675765E-005       1       2       3       5       3       5
  -0.73471470820504859E-004       1       2       3       5       5       3
  -0.59086674327590580E-002       1       2       4       1       2       4
   0.90843307645893710E-003       1       2       4       2       2       4
  -0.73471470820504926E-004       1       2       4       3       3       4
  -0.84133520510033474E-004       1       2       4       4       4       4
  -0.53277553203675782E-005       1       2       4       4       5       5
  -0.53277553203675799E-005       1       2       4       5       4       5
  -0.73471470820504845E-004       1       2       4       5       5       4
  -0.59086674327590571E-002       1       2       5       1       2       5
   0.90843307645893797E-003       1       2       5       2       2       5
  -0.73471470820504926E-004       1       2       5       3       3       5
  -0.73471470820504845E-004       1       2       5       4       4       5
  -0.84133520510033488E-004       1       2       5       5       5       5
  -0.60196420906207214E-002       1       3       3       1       3       3
   0.28395474686166017E-004       1       3       3       1       4       4
   0.28395474686165993E-004       1       3       3       1       5       5
   0.95052220533529800E-003       1       3       3       2       3       3
  -0.59551933709504782E-005       1       3       3       2       4       4
  -0.59551933709504773E-005       1       3       3       2       5       5
  -0.60765134981397373E-002       1       3       4       1       3       4
   0.96244422127099850E-003       1       3       4       2       3       4
  -0.60765134981397382E-002       1       3       5       1       3       5
   0.96244422127099655E-003       1       3       5       2       3       5
  -0.60196420906207318E-002       1       4       4       1       4       4
   0.28395474686165976E-004       1       4       4       1       5       5
   0.95052220533529703E-003       1       4       4       2       4       4
  -0.59551933709504748E-005       1       4       4       2       5       5
  -0.60765134981397382E-002       1       4       5       1       4       5
   0.96244422127099850E-003       1       4       5       2       4       5
  -0.60196420906207283E-002       1       5       5       1       5       5
   0.95052220533529790E-003       1       5       5       2       5       5
  -0.13247479426964936E-002       2       2       2       2       2       2
  -0.43907285261828698E-005       2       2       2       2       3       3
  -0.43907285261829673E-005       2       2       2       2       4       4
  -0.43907285261829063E-005       2       2       2       2       5       5
  -0.11918815123549524E-002       2       2       3       2       2       3
  -0.34139718835390334E-004       2       2       3       3       3       3
  -0.15231482870835019E-004       2       2       3       3       4       4
  -0.15231482870835019E-004       2       2       3       3       5       5
  -0.36293688950864811E-005       2       2       3       4       4       3
  -0.36293688950864722E-005       2       2       3       5       5       3
  -0.11918815123549520E-002       2       2       4       2       2       4
  -0.36293688950863638E-005       2       2       4       3       3       4
  -0.34139718835390341E-004       2       2       4       4       4       4
  -0.15231482870835006E-004       2       2       4       4       5       5
  -0.36293688950864362E-005       2       2       4       5       5       4
  -0.11918815123549515E-002       2       2       5       2       2       5
  -0.36293688950864180E-005       2       2       5       3       3       5
  -0.36293688950864904E-005       2       2       5       4       4       5
  -0.34139718835390314E-004       2       2       5       5       5       5
  -0.10593123698491263E-002       2       3       3       2       3       3
  -0.43038630869143269E-005       2       3       3       2       4       4
  -0.43038630869143354E-005       2       3       3       2       5       5
  -0.10506907692535081E-002       2       3       4       2       3       4
  -0.10506907692535083E-002       2       3       5       2       3       5
  -0.10593123698491255E-002       2       4       4       2       4       4
  -0.43038630869143303E-005       2       4       4       2       5       5
  -0.10506907692535087E-002       2       4       5       2       4       5
  -0.10593123698491261E-002       2       5       5       2       5       5
  -0.93695418357479581E-003       3       3       3       3       3       3
  -0.77393693260995610E-005       3       3       3       3       4       4
  -0.77393693260995711E-005       3       3       3       3       5       5
  -0.90595125462744597E-003       3       3       4       3       3       4
  -0.77393693260995576E-005       3       3       4       4       4       4
  -0.39608293230696507E-005       3       3       4       4       5       5
   0.21253810621692432E-006       3       3       4       5       5       4
  -0.90595125462744619E-003       3       3       5       3       3       5
   0.21253810621692996E-006       3       3       5       4       4       5
  -0.77393693260995610E-005       3       3       5       5       5       5
  -0.90595125462744586E-003       3       4       4       3       4       4
   0.21253810621691302E-006       3       4       4       3       5       5
  -0.90638190836266324E-003       3       4       5       3       4       5
  -0.90595125462744619E-003       3       5       5       3       5       5
  -0.93695418357479581E-003       4       4       4       4       4       4
  -0.77393693260995559E-005       4       4       4       4       5       5
  -0.90595125462744619E-003       4       4       5       4       4       5
  -0.77393693260995559E-005       4       4       5       5       5       5
  -0.90595125462744641E-003       4       5       5       4       5       5
  -0.93695418357479603E-003       5       5       5       5       5       5
