           5
  -0.19886036318850029E-001       1       1       1       1       1       1
   0.32996593540871935E-002       1       1       1       1       1       2
  -0.70609724762561038E-003       1       1       1       1       2       2
  -0.28271084204498078E-004       1       1       1       1       3       3
  -0.28271084204497993E-004       1       1       1       1       4       4
  -0.28271084204497912E-004       1       1       1       1       5       5
   0.17659368129807097E-003       1       1       1       2       2       2
  -0.10455610723313083E-004       1       1       1       2       3       3
  -0.10455610723313082E-004       1       1       1       2       4       4
  -0.10455610723313071E-004       1       1       1       2       5       5
   0.59972657068047630E-002       1       1       2       1       1       2
  -0.18727608416301295E-002       1       1       2       1       2       2
   0.12790189518908279E-005       1       1       2       1       3       3
   0.12790189518909183E-005       1       1       2       1       4       4
   0.12790189518907917E-005       1       1       2       1       5       5
   0.46438129850209699E-003       1       1       2       2       2       2
  -0.19336549255106308E-004       1       1       2       2       3       3
  -0.19336549255106274E-004       1       1       2       2       4       4
  -0.19336549255106240E-004       1       1       2       2       5       5
  -0.71624964447872873E-004       1       1       2       3       3       2
  -0.71624964447872887E-004       1       1       2       4       4       2
  -0.71624964447872873E-004       1       1       2       5       5       2
   0.59090951057513448E-002       1       1       3       1       1       3
  -0.18784795979741276E-002       1       1       3       1       2       3
   0.47410813923993566E-003       1       1       3       2       2       3
  -0.80149362631041279E-004       1       1       3       3       3       3
  -0.46527994493565108E-005       1       1       3       3       4       4
  -0.46527994493565091E-005       1       1       3       3       5       5
  -0.70841220213807294E-004       1       1       3       4       4       3
  -0.70841220213807308E-004       1       1       3       5       5       3
   0.59090951057513483E-002       1       1       4       1       1       4
  -0.18784795979741274E-002       1       1       4       1       2       4
   0.47410813923993652E-003       1       1       4       2       2       4
  -0.70841220213807294E-004       1       1       4       3       3       4
  -0.80149362631041387E-004       1       1       4       4       4       4
  -0.46527994493565125E-005       1       1       4       4       5       5
  -0.70841220213807308E-004       1       1       4       5       5       4
   0.59090951057513448E-002       1       1       5       1       1       5
  -0.18784795979741274E-002       1       1       5       1       2       5
   0.47410813923993712E-003       1       1       5       2       2       5
  -0.70841220213807308E-004       1       1       5       3       3       5
  -0.70841220213807240E-004       1       1       5       4       4       5
  -0.80149362631041387E-004       1       1       5       5       5       5
  -0.57309730774561017E-002       1       2       2       1       2       2
  -0.96254789792474873E-004       1       2       2       1       3       3
  -0.96254789792474913E-004       1       2       2       1       4       4
  -0.96254789792474819E-004       1       2       2       1       5       5
   0.86124932936514401E-003       1       2       2       2       2       2
  -0.63035223544449077E-005       1       2       2       2       3       3
  -0.63035223544449145E-005       1       2       2       2       4       4
  -0.63035223544449348E-005       1       2       2       2       5       5
  -0.72135778115746776E-004       1       2       2       3       2       3
  -0.72135778115746694E-004       1       2       2       4       2       4
  -0.72135778115746762E-004       1       2       2       5       2       5
  -0.58796894257061184E-002       1       2       3       1       2       3
   0.90998685927010678E-003       1       2       3       2       2       3
  -0.83703834140828548E-004       1       2       3       3       3       3
  -0.51145365549034599E-005       1       2       3       3       4       4
  -0.51145365549034540E-005       1       2       3       3       5       5
  -0.51145365549034591E-005       1       2       3       4       3       4
  -0.73468254489943572E-004       1       2       3       4       4       3
  -0.51145365549034591E-005       1       2       3       5       3       5
  -0.73468254489943586E-004       1       2       3       5       5       3
  -0.58796894257061253E-002       1       2       4       1       2       4
   0.90998685927010645E-003       1       2       4       2       2       4
  -0.73468254489943586E-004       1       2       4       3       3       4
  -0.83703834140828561E-004       1       2       4       4       4       4
  -0.51145365549034624E-005       1       2       4       4       5       5
  -0.51145365549034658E-005       1       2       4       5       4       5
  -0.73468254489943640E-004       1       2       4       5       5       4
  -0.58796894257061218E-002       1       2       5       1       2       5
   0.90998685927010602E-003       1       2       5       2       2       5
  -0.73468254489943559E-004       1       2       5       3       3       5
  -0.73468254489943559E-004       1       2       5       4       4       5
  -0.83703834140828615E-004       1       2       5       5       5       5
  -0.59895912175125018E-002       1       3       3       1       3       3
   0.28168738671334500E-004       1       3       3       1       4       4
   0.28168738671334432E-004       1       3       3       1       5       5
   0.95219887184542530E-003       1       3       3       2       3       3
  -0.57970786942271132E-005       1       3       3       2       4       4
  -0.57970786942271124E-005       1       3       3       2       5       5
  -0.60460076741710514E-002       1       3       4       1       3       4
   0.96380450351252591E-003       1       3       4       2       3       4
  -0.60460076741710531E-002       1       3       5       1       3       5
   0.96380450351252645E-003       1       3       5       2       3       5
  -0.59895912175124974E-002       1       4       4       1       4       4
   0.28168738671334435E-004       1       4       4       1       5       5
   0.95219887184542584E-003       1       4       4       2       4       4
  -0.57970786942271115E-005       1       4       4       2       5       5
  -0.60460076741710445E-002       1       4       5       1       4       5
   0.96380450351252569E-003       1       4       5       2       4       5
  -0.59895912175124948E-002       1       5       5       1       5       5
   0.95219887184542628E-003       1       5       5       2       5       5
  -0.12946612085560074E-002       2       2       2       2       2       2
  -0.51658305538142815E-005       2       2       2       2       3       3
  -0.51658305538143111E-005       2       2       2       2       4       4
  -0.51658305538143086E-005       2       2       2       2       5       5
  -0.11611543517051680E-002       2       2       3       2       2       3
  -0.33714494319123391E-004       2       2       3       3       3       3
  -0.14424770080004184E-004       2       2       3       3       4       4
  -0.14424770080004191E-004       2       2       3       3       5       5
  -0.48174806460654421E-005       2       2       3       4       4       3
  -0.48174806460654421E-005       2       2       3       5       5       3
  -0.11611543517051682E-002       2       2       4       2       2       4
  -0.48174806460653879E-005       2       2       4       3       3       4
  -0.33714494319123438E-004       2       2       4       4       4       4
  -0.14424770080004199E-004       2       2       4       4       5       5
  -0.48174806460654336E-005       2       2       4       5       5       4
  -0.11611543517051695E-002       2       2       5       2       2       5
  -0.48174806460653972E-005       2       2       5       3       3       5
  -0.48174806460654336E-005       2       2       5       4       4       5
  -0.33714494319123438E-004       2       2       5       5       5       5
  -0.10281104408612718E-002       2       3       3       2       3       3
  -0.44202450479376469E-005       2       3       3       2       4       4
  -0.44202450479376681E-005       2       3       3       2       5       5
  -0.10192551992833357E-002       2       3       4       2       3       4
  -0.10192551992833357E-002       2       3       5       2       3       5
  -0.10281104408612718E-002       2       4       4       2       4       4
  -0.44202450479376715E-005       2       4       4       2       5       5
  -0.10192551992833350E-002       2       4       5       2       4       5
  -0.10281104408612724E-002       2       5       5       2       5       5
  -0.90480363381748204E-003       3       3       3       3       3       3
  -0.76581988370742608E-005       3       3       3       3       4       4
  -0.76581988370742896E-005       3       3       3       3       5       5
  -0.87412434248599702E-003       3       3       4       3       3       4
  -0.76581988370742608E-005       3       3       4       4       4       4
  -0.37728869523916448E-005       3       3       4       4       5       5
  -0.83390366816349363E-007       3       3       4       5       5       4
  -0.87412434248599746E-003       3       3       5       3       3       5
  -0.83390366816325076E-007       3       3       5       4       4       5
  -0.76581988370742896E-005       3       3       5       5       5       5
  -0.87412434248599670E-003       3       4       4       3       4       4
  -0.83390366816348238E-007       3       4       4       3       5       5
  -0.87396165585016511E-003       3       4       5       3       4       5
  -0.87412434248599767E-003       3       5       5       3       5       5
  -0.90480363381748139E-003       4       4       4       4       4       4
  -0.76581988370742896E-005       4       4       4       4       5       5
  -0.87412434248599724E-003       4       4       5       4       4       5
  -0.76581988370742896E-005       4       4       5       5       5       5
  -0.87412434248599767E-003       4       5       5       4       5       5
  -0.90480363381748312E-003       5       5       5       5       5       5
