           5
  -0.19915644819169083E-001       1       1       1       1       1       1
   0.33083617168550745E-002       1       1       1       1       1       2
  -0.70725064896804920E-003       1       1       1       1       2       2
  -0.27575393962344294E-004       1       1       1       1       3       3
  -0.27575393962344233E-004       1       1       1       1       4       4
  -0.27575393962344253E-004       1       1       1       1       5       5
   0.17620811667728710E-003       1       1       1       2       2       2
  -0.10604242938935779E-004       1       1       1       2       3       3
  -0.10604242938935798E-004       1       1       1       2       4       4
  -0.10604242938935789E-004       1       1       1       2       5       5
   0.60151306041541733E-002       1       1       2       1       1       2
  -0.18815621478887878E-002       1       1       2       1       2       2
   0.43158022177308625E-005       1       1       2       1       3       3
   0.43158022177309532E-005       1       1       2       1       4       4
   0.43158022177307177E-005       1       1       2       1       5       5
   0.46388276155545909E-003       1       1       2       2       2       2
  -0.19860054085275046E-004       1       1       2       2       3       3
  -0.19860054085275026E-004       1       1       2       2       4       4
  -0.19860054085275009E-004       1       1       2       2       5       5
  -0.72160225612162565E-004       1       1       2       3       3       2
  -0.72160225612162524E-004       1       1       2       4       4       2
  -0.72160225612162470E-004       1       1       2       5       5       2
   0.59281332453811515E-002       1       1       3       1       1       3
  -0.18866795423243424E-002       1       1       3       1       2       3
   0.47337229726513959E-003       1       1       3       2       2       3
  -0.80786266589834960E-004       1       1       3       3       3       3
  -0.47352502681071368E-005       1       1       3       3       4       4
  -0.47352502681071419E-005       1       1       3       3       5       5
  -0.71313164664682266E-004       1       1       3       4       4       3
  -0.71313164664682266E-004       1       1       3       5       5       3
   0.59281332453811550E-002       1       1       4       1       1       4
  -0.18866795423243422E-002       1       1       4       1       2       4
   0.47337229726514041E-003       1       1       4       2       2       4
  -0.71313164664682334E-004       1       1       4       3       3       4
  -0.80786266589834865E-004       1       1       4       4       4       4
  -0.47352502681071435E-005       1       1       4       4       5       5
  -0.71313164664682280E-004       1       1       4       5       5       4
   0.59281332453811585E-002       1       1       5       1       1       5
  -0.18866795423243422E-002       1       1       5       1       2       5
   0.47337229726513981E-003       1       1       5       2       2       5
  -0.71313164664682348E-004       1       1       5       3       3       5
  -0.71313164664682280E-004       1       1       5       4       4       5
  -0.80786266589834865E-004       1       1       5       5       5       5
  -0.57981436509373001E-002       1       2       2       1       2       2
  -0.86848607660291950E-004       1       2       2       1       3       3
  -0.86848607660291815E-004       1       2       2       1       4       4
  -0.86848607660291923E-004       1       2       2       1       5       5
   0.85639549963881343E-003       1       2       2       2       2       2
  -0.75669048015702822E-005       1       2       2       2       3       3
  -0.75669048015703118E-005       1       2       2       2       4       4
  -0.75669048015703338E-005       1       2       2       2       5       5
  -0.73320881696661803E-004       1       2       2       3       2       3
  -0.73320881696661762E-004       1       2       2       4       2       4
  -0.73320881696661857E-004       1       2       2       5       2       5
  -0.59455171925000896E-002       1       2       3       1       2       3
   0.90461907032733874E-003       1       2       3       2       2       3
  -0.85044456507421607E-004       1       2       3       3       3       3
  -0.52472356460969423E-005       1       2       3       3       4       4
  -0.52472356460969491E-005       1       2       3       3       5       5
  -0.52472356460969550E-005       1       2       3       4       3       4
  -0.74543267036516496E-004       1       2       3       4       4       3
  -0.52472356460969550E-005       1       2       3       5       3       5
  -0.74543267036516591E-004       1       2       3       5       5       3
  -0.59455171925000966E-002       1       2       4       1       2       4
   0.90461907032734113E-003       1       2       4       2       2       4
  -0.74543267036516537E-004       1       2       4       3       3       4
  -0.85044456507421607E-004       1       2       4       4       4       4
  -0.52472356460969559E-005       1       2       4       4       5       5
  -0.52472356460969542E-005       1       2       4       5       4       5
  -0.74543267036516564E-004       1       2       4       5       5       4
  -0.59455171925000948E-002       1       2       5       1       2       5
   0.90461907032734102E-003       1       2       5       2       2       5
  -0.74543267036516537E-004       1       2       5       3       3       5
  -0.74543267036516483E-004       1       2       5       4       4       5
  -0.85044456507421702E-004       1       2       5       5       5       5
  -0.60523132306056363E-002       1       3       3       1       3       3
   0.29274144866425626E-004       1       3       3       1       4       4
   0.29274144866425582E-004       1       3       3       1       5       5
   0.94594261697383722E-003       1       3       3       2       3       3
  -0.60450124328029075E-005       1       3       3       2       4       4
  -0.60450124328029126E-005       1       3       3       2       5       5
  -0.61109405206503271E-002       1       3       4       1       3       4
   0.95804419223422075E-003       1       3       4       2       3       4
  -0.61109405206503254E-002       1       3       5       1       3       5
   0.95804419223421999E-003       1       3       5       2       3       5
  -0.60523132306056302E-002       1       4       4       1       4       4
   0.29274144866425572E-004       1       4       4       1       5       5
   0.94594261697383624E-003       1       4       4       2       4       4
  -0.60450124328029092E-005       1       4       4       2       5       5
  -0.61109405206503237E-002       1       4       5       1       4       5
   0.95804419223422031E-003       1       4       5       2       4       5
  -0.60523132306056267E-002       1       5       5       1       5       5
   0.94594261697383624E-003       1       5       5       2       5       5
  -0.13391769021191971E-002       2       2       2       2       2       2
  -0.54864055925454736E-005       2       2       2       2       3       3
  -0.54864055925455371E-005       2       2       2       2       4       4
  -0.54864055925456820E-005       2       2       2       2       5       5
  -0.12095757065220634E-002       2       2       3       2       2       3
  -0.35290923353443655E-004       2       2       3       3       3       3
  -0.15381610838013072E-004       2       2       3       3       4       4
  -0.15381610838013072E-004       2       2       3       3       5       5
  -0.44784758031449460E-005       2       2       3       4       4       3
  -0.44784758031451272E-005       2       2       3       5       5       3
  -0.12095757065220631E-002       2       2       4       2       2       4
  -0.44784758031449282E-005       2       2       4       3       3       4
  -0.35290923353443702E-004       2       2       4       4       4       4
  -0.15381610838013065E-004       2       2       4       4       5       5
  -0.44784758031451001E-005       2       2       4       5       5       4
  -0.12095757065220636E-002       2       2       5       2       2       5
  -0.44784758031449460E-005       2       2       5       3       3       5
  -0.44784758031450002E-005       2       2       5       4       4       5
  -0.35290923353443837E-004       2       2       5       5       5       5
  -0.10806765405950995E-002       2       3       3       2       3       3
  -0.46705920976641681E-005       2       3       3       2       4       4
  -0.46705920976642215E-005       2       3       3       2       5       5
  -0.10713201409199482E-002       2       3       4       2       3       4
  -0.10713201409199493E-002       2       3       5       2       3       5
  -0.10806765405951000E-002       2       4       4       2       4       4
  -0.46705920976642181E-005       2       4       4       2       5       5
  -0.10713201409199499E-002       2       4       5       2       4       5
  -0.10806765405951013E-002       2       5       5       2       5       5
  -0.96236045935542945E-003       3       3       3       3       3       3
  -0.81160803107747709E-005       3       3       3       3       4       4
  -0.81160803107748200E-005       3       3       3       3       5       5
  -0.92984842802521959E-003       3       3       4       3       3       4
  -0.81160803107747726E-005       3       3       4       4       4       4
  -0.40339952024556131E-005       3       3       4       4       5       5
  -0.18396197762404094E-007       3       3       4       5       5       4
  -0.92984842802522002E-003       3       3       5       3       3       5
  -0.18396197762351015E-007       3       3       5       4       4       5
  -0.81160803107748370E-005       3       3       5       5       5       5
  -0.92984842802522046E-003       3       4       4       3       4       4
  -0.18396197762410870E-007       3       4       4       3       5       5
  -0.92981554105002842E-003       3       4       5       3       4       5
  -0.92984842802522143E-003       3       5       5       3       5       5
  -0.96236045935543064E-003       4       4       4       4       4       4
  -0.81160803107748234E-005       4       4       4       4       5       5
  -0.92984842802522046E-003       4       4       5       4       4       5
  -0.81160803107748302E-005       4       4       5       5       5       5
  -0.92984842802522122E-003       4       5       5       4       5       5
  -0.96236045935543216E-003       5       5       5       5       5       5
