           5
  -0.19856208928426173E-001       1       1       1       1       1       1
   0.32900178543672958E-002       1       1       1       1       1       2
  -0.70179930866458100E-003       1       1       1       1       2       2
  -0.27803326104782939E-004       1       1       1       1       3       3
  -0.27803326104782756E-004       1       1       1       1       4       4
  -0.27803326104782715E-004       1       1       1       1       5       5
   0.17497669547858423E-003       1       1       1       2       2       2
  -0.10607286187759741E-004       1       1       1       2       3       3
  -0.10607286187759719E-004       1       1       1       2       4       4
  -0.10607286187759733E-004       1       1       1       2       5       5
   0.59769533135005251E-002       1       1       2       1       1       2
  -0.18583809953364094E-002       1       1       2       1       2       2
   0.33246702657723794E-005       1       1       2       1       3       3
   0.33246702657724336E-005       1       1       2       1       4       4
   0.33246702657722528E-005       1       1       2       1       5       5
   0.46022600037175058E-003       1       1       2       2       2       2
  -0.19766254480448785E-004       1       1       2       2       3       3
  -0.19766254480448758E-004       1       1       2       2       4       4
  -0.19766254480448761E-004       1       1       2       2       5       5
  -0.71620881493236852E-004       1       1       2       3       3       2
  -0.71620881493236879E-004       1       1       2       4       4       2
  -0.71620881493236879E-004       1       1       2       5       5       2
   0.58873200424193793E-002       1       1       3       1       1       3
  -0.18635614902653332E-002       1       1       3       1       2       3
   0.46971140168195966E-003       1       1       3       2       2       3
  -0.80355427116537165E-004       1       1       3       3       3       3
  -0.47767919977419215E-005       1       1       3       3       4       4
  -0.47767919977419232E-005       1       1       3       3       5       5
  -0.70799232744570793E-004       1       1       3       4       4       3
  -0.70799232744570847E-004       1       1       3       5       5       3
   0.58873200424193767E-002       1       1       4       1       1       4
  -0.18635614902653319E-002       1       1       4       1       2       4
   0.46971140168196009E-003       1       1       4       2       2       4
  -0.70799232744570928E-004       1       1       4       3       3       4
  -0.80355427116537246E-004       1       1       4       4       4       4
  -0.47767919977419266E-005       1       1       4       4       5       5
  -0.70799232744570928E-004       1       1       4       5       5       4
   0.58873200424193767E-002       1       1       5       1       1       5
  -0.18635614902653319E-002       1       1       5       1       2       5
   0.46971140168196014E-003       1       1       5       2       2       5
  -0.70799232744570928E-004       1       1       5       3       3       5
  -0.70799232744570847E-004       1       1       5       4       4       5
  -0.80355427116537192E-004       1       1       5       5       5       5
  -0.56721203086622894E-002       1       2       2       1       2       2
  -0.92082581682709436E-004       1       2       2       1       3       3
  -0.92082581682709395E-004       1       2       2       1       4       4
  -0.92082581682709382E-004       1       2       2       1       5       5
   0.85578265912573254E-003       1       2       2       2       2       2
  -0.71133474244262433E-005       1       2       2       2       3       3
  -0.71133474244262357E-005       1       2       2       2       4       4
  -0.71133474244262433E-005       1       2       2       2       5       5
  -0.71787967273667002E-004       1       2       2       3       2       3
  -0.71787967273667002E-004       1       2       2       4       2       4
  -0.71787967273667002E-004       1       2       2       5       2       5
  -0.58189601863023153E-002       1       2       3       1       2       3
   0.90377256636208240E-003       1       2       3       2       2       3
  -0.83827471474343164E-004       1       2       3       3       3       3
  -0.53923349060045115E-005       1       2       3       3       4       4
  -0.53923349060045158E-005       1       2       3       3       5       5
  -0.53923349060045132E-005       1       2       3       4       3       4
  -0.73036209530221268E-004       1       2       3       4       4       3
  -0.53923349060045200E-005       1       2       3       5       3       5
  -0.73036209530221214E-004       1       2       3       5       5       3
  -0.58189601863023171E-002       1       2       4       1       2       4
   0.90377256636208218E-003       1       2       4       2       2       4
  -0.73036209530221200E-004       1       2       4       3       3       4
  -0.83827471474343150E-004       1       2       4       4       4       4
  -0.53923349060045200E-005       1       2       4       4       5       5
  -0.53923349060045217E-005       1       2       4       5       4       5
  -0.73036209530221200E-004       1       2       4       5       5       4
  -0.58189601863023171E-002       1       2       5       1       2       5
   0.90377256636208132E-003       1       2       5       2       2       5
  -0.73036209530221187E-004       1       2       5       3       3       5
  -0.73036209530221254E-004       1       2       5       4       4       5
  -0.83827471474343232E-004       1       2       5       5       5       5
  -0.59247579941424464E-002       1       3       3       1       3       3
   0.29803658492504152E-004       1       3       3       1       4       4
   0.29803658492504094E-004       1       3       3       1       5       5
   0.94472952301297250E-003       1       3       3       2       3       3
  -0.61517074509126209E-005       1       3       3       2       4       4
  -0.61517074509126226E-005       1       3       3       2       5       5
  -0.59844477656151454E-002       1       3       4       1       3       4
   0.95704481447241290E-003       1       3       4       2       3       4
  -0.59844477656151428E-002       1       3       5       1       3       5
   0.95704481447241388E-003       1       3       5       2       3       5
  -0.59247579941424360E-002       1       4       4       1       4       4
   0.29803658492504074E-004       1       4       4       1       5       5
   0.94472952301297120E-003       1       4       4       2       4       4
  -0.61517074509126192E-005       1       4       4       2       5       5
  -0.59844477656151463E-002       1       4       5       1       4       5
   0.95704481447241355E-003       1       4       5       2       4       5
  -0.59247579941424378E-002       1       5       5       1       5       5
   0.94472952301297066E-003       1       5       5       2       5       5
  -0.12840843384293826E-002       2       2       2       2       2       2
  -0.33280886646116987E-005       2       2       2       2       3       3
  -0.33280886646116017E-005       2       2       2       2       4       4
  -0.33280886646116466E-005       2       2       2       2       5       5
  -0.11500913723442611E-002       2       2       3       2       2       3
  -0.33828225213999219E-004       2       2       3       3       3       3
  -0.15701402134584273E-004       2       2       3       3       4       4
  -0.15701402134584266E-004       2       2       3       3       5       5
  -0.23768040176903580E-005       2       2       3       4       4       3
  -0.23768040176904664E-005       2       2       3       5       5       3
  -0.11500913723442602E-002       2       2       4       2       2       4
  -0.23768040176904847E-005       2       2       4       3       3       4
  -0.33828225213999212E-004       2       2       4       4       4       4
  -0.15701402134584263E-004       2       2       4       4       5       5
  -0.23768040176904664E-005       2       2       4       5       5       4
  -0.11500913723442602E-002       2       2       5       2       2       5
  -0.23768040176904575E-005       2       2       5       3       3       5
  -0.23768040176903940E-005       2       2       5       4       4       5
  -0.33828225213999253E-004       2       2       5       5       5       5
  -0.10175240616553975E-002       2       3       3       2       3       3
  -0.49314683296930321E-005       2       3       3       2       4       4
  -0.49314683296930618E-005       2       3       3       2       5       5
  -0.10076449323664638E-002       2       3       4       2       3       4
  -0.10076449323664638E-002       2       3       5       2       3       5
  -0.10175240616553977E-002       2       4       4       2       4       4
  -0.49314683296930558E-005       2       4       4       2       5       5
  -0.10076449323664649E-002       2       4       5       2       4       5
  -0.10175240616553984E-002       2       5       5       2       5       5
  -0.89642936419969852E-003       3       3       3       3       3       3
  -0.84441279718897117E-005       3       3       3       3       4       4
  -0.84441279718897489E-005       3       3       3       3       5       5
  -0.86260267131283157E-003       3       3       4       3       3       4
  -0.84441279718897066E-005       3       3       4       4       4       4
  -0.41338684283581405E-005       3       3       4       4       5       5
  -0.14537341258839146E-006       3       3       4       5       5       4
  -0.86260267131283157E-003       3       3       5       3       3       5
  -0.14537341258835644E-006       3       3       5       4       4       5
  -0.84441279718897269E-005       3       3       5       5       5       5
  -0.86260267131283179E-003       3       4       4       3       4       4
  -0.14537341258837394E-006       3       4       4       3       5       5
  -0.86231577933249589E-003       3       4       5       3       4       5
  -0.86260267131283200E-003       3       5       5       3       5       5
  -0.89642936419969863E-003       4       4       4       4       4       4
  -0.84441279718897337E-005       4       4       4       4       5       5
  -0.86260267131283157E-003       4       4       5       4       4       5
  -0.84441279718897252E-005       4       4       5       5       5       5
  -0.86260267131283189E-003       4       5       5       4       5       5
  -0.89642936419969906E-003       5       5       5       5       5       5
