           5
  -0.20001983328538885E-001       1       1       1       1       1       1
   0.33185340596717482E-002       1       1       1       1       1       2
  -0.70738700929447217E-003       1       1       1       1       2       2
  -0.27023187646107842E-004       1       1       1       1       3       3
  -0.27023187646107754E-004       1       1       1       1       4       4
  -0.27023187646107720E-004       1       1       1       1       5       5
   0.17608539471695458E-003       1       1       1       2       2       2
  -0.10619269950019867E-004       1       1       1       2       3       3
  -0.10619269950019908E-004       1       1       1       2       4       4
  -0.10619269950019909E-004       1       1       1       2       5       5
   0.60678624210429681E-002       1       1       2       1       1       2
  -0.18810126069003477E-002       1       1       2       1       2       2
   0.34335924842994387E-005       1       1       2       1       3       3
   0.34335924842994209E-005       1       1       2       1       4       4
   0.34335924842994387E-005       1       1       2       1       5       5
   0.46435631206713274E-003       1       1       2       2       2       2
  -0.19747950366987461E-004       1       1       2       2       3       3
  -0.19747950366987454E-004       1       1       2       2       4       4
  -0.19747950366987410E-004       1       1       2       2       5       5
  -0.71674682175769519E-004       1       1       2       3       3       2
  -0.71674682175769573E-004       1       1       2       4       4       2
  -0.71674682175769573E-004       1       1       2       5       5       2
   0.59765788486335000E-002       1       1       3       1       1       3
  -0.18855478972250386E-002       1       1       3       1       2       3
   0.47374236460256231E-003       1       1       3       2       2       3
  -0.80305447324856665E-004       1       1       3       3       3       3
  -0.47365275527184198E-005       1       1       3       3       4       4
  -0.47365275527184198E-005       1       1       3       3       5       5
  -0.70829791168607268E-004       1       1       3       4       4       3
  -0.70829791168607268E-004       1       1       3       5       5       3
   0.59765788486335000E-002       1       1       4       1       1       4
  -0.18855478972250356E-002       1       1       4       1       2       4
   0.47374236460256307E-003       1       1       4       2       2       4
  -0.70829791168607254E-004       1       1       4       3       3       4
  -0.80305447324856624E-004       1       1       4       4       4       4
  -0.47365275527184223E-005       1       1       4       4       5       5
  -0.70829791168607308E-004       1       1       4       5       5       4
   0.59765788486335000E-002       1       1       5       1       1       5
  -0.18855478972250369E-002       1       1       5       1       2       5
   0.47374236460256334E-003       1       1       5       2       2       5
  -0.70829791168607240E-004       1       1       5       3       3       5
  -0.70829791168607335E-004       1       1       5       4       4       5
  -0.80305447324856651E-004       1       1       5       5       5       5
  -0.57665643493646996E-002       1       2       2       1       2       2
  -0.91687075793258420E-004       1       2       2       1       3       3
  -0.91687075793258366E-004       1       2       2       1       4       4
  -0.91687075793258407E-004       1       2       2       1       5       5
   0.86376376973320917E-003       1       2       2       2       2       2
  -0.70187027563955064E-005       1       2       2       2       3       3
  -0.70187027563955175E-005       1       2       2       2       4       4
  -0.70187027563955242E-005       1       2       2       2       5       5
  -0.73158181534109014E-004       1       2       2       3       2       3
  -0.73158181534108946E-004       1       2       2       4       2       4
  -0.73158181534109027E-004       1       2       2       5       2       5
  -0.59122510337848693E-002       1       2       3       1       2       3
   0.91176138570164085E-003       1       2       3       2       2       3
  -0.85024061711195633E-004       1       2       3       3       3       3
  -0.53435054530952081E-005       1       2       3       3       4       4
  -0.53435054530952056E-005       1       2       3       3       5       5
  -0.53435054530952081E-005       1       2       3       4       3       4
  -0.74330400413946847E-004       1       2       3       4       4       3
  -0.53435054530952039E-005       1       2       3       5       3       5
  -0.74330400413946955E-004       1       2       3       5       5       3
  -0.59122510337848658E-002       1       2       4       1       2       4
   0.91176138570163922E-003       1       2       4       2       2       4
  -0.74330400413946915E-004       1       2       4       3       3       4
  -0.85024061711195647E-004       1       2       4       4       4       4
  -0.53435054530952039E-005       1       2       4       4       5       5
  -0.53435054530952022E-005       1       2       4       5       4       5
  -0.74330400413946955E-004       1       2       4       5       5       4
  -0.59122510337848650E-002       1       2       5       1       2       5
   0.91176138570163965E-003       1       2       5       2       2       5
  -0.74330400413946901E-004       1       2       5       3       3       5
  -0.74330400413946847E-004       1       2       5       4       4       5
  -0.85024061711195688E-004       1       2       5       5       5       5
  -0.60159890546489930E-002       1       3       3       1       3       3
   0.30382834875910238E-004       1       3       3       1       4       4
   0.30382834875910184E-004       1       3       3       1       5       5
   0.95265014248947918E-003       1       3       3       2       3       3
  -0.62033211313451211E-005       1       3       3       2       4       4
  -0.62033211313451177E-005       1       3       3       2       5       5
  -0.60768376253410600E-002       1       3       4       1       3       4
   0.96506877900395588E-003       1       3       4       2       3       4
  -0.60768376253410583E-002       1       3       5       1       3       5
   0.96506877900395696E-003       1       3       5       2       3       5
  -0.60159890546489904E-002       1       4       4       1       4       4
   0.30382834875910235E-004       1       4       4       1       5       5
   0.95265014248947712E-003       1       4       4       2       4       4
  -0.62033211313451194E-005       1       4       4       2       5       5
  -0.60768376253410600E-002       1       4       5       1       4       5
   0.96506877900395566E-003       1       4       5       2       4       5
  -0.60159890546489878E-002       1       5       5       1       5       5
   0.95265014248947799E-003       1       5       5       2       5       5
  -0.12968338686750185E-002       2       2       2       2       2       2
  -0.71259521963360924E-005       2       2       2       2       3       3
  -0.71259521963359992E-005       2       2       2       2       4       4
  -0.71259521963360924E-005       2       2       2       2       5       5
  -0.11643171487236864E-002       2       2       3       2       2       3
  -0.37025102102367284E-004       2       2       3       3       3       3
  -0.15497087642333431E-004       2       2       3       3       4       4
  -0.15497087642333431E-004       2       2       3       3       5       5
  -0.59814342055356123E-005       2       2       3       4       4       3
  -0.59814342055356936E-005       2       2       3       5       5       3
  -0.11643171487236864E-002       2       2       4       2       2       4
  -0.59814342055357029E-005       2       2       4       3       3       4
  -0.37025102102367243E-004       2       2       4       4       4       4
  -0.15497087642333441E-004       2       2       4       4       5       5
  -0.59814342055357207E-005       2       2       4       5       5       4
  -0.11643171487236870E-002       2       2       5       2       2       5
  -0.59814342055356851E-005       2       2       5       3       3       5
  -0.59814342055356123E-005       2       2       5       4       4       5
  -0.37025102102367304E-004       2       2       5       5       5       5
  -0.10327864837732033E-002       2       3       3       2       3       3
  -0.47364620770270202E-005       2       3       3       2       4       4
  -0.47364620770270465E-005       2       3       3       2       5       5
  -0.10232971182562967E-002       2       3       4       2       3       4
  -0.10232971182562970E-002       2       3       5       2       3       5
  -0.10327864837732040E-002       2       4       4       2       4       4
  -0.47364620770270363E-005       2       4       4       2       5       5
  -0.10232971182562967E-002       2       4       5       2       4       5
  -0.10327864837732046E-002       2       5       5       2       5       5
  -0.91238161046895022E-003       3       3       3       3       3       3
  -0.82814697146964265E-005       3       3       3       3       4       4
  -0.82814697146964469E-005       3       3       3       3       5       5
  -0.87920518991953126E-003       3       3       4       3       3       4
  -0.82814697146964164E-005       3       3       4       4       4       4
  -0.41824079389000214E-005       3       3       4       4       5       5
   0.11437730559509626E-006       3       3       4       5       5       4
  -0.87920518991953126E-003       3       3       5       3       3       5
   0.11437730559512563E-006       3       3       5       4       4       5
  -0.82814697146964367E-005       3       3       5       5       5       5
  -0.87920518991953158E-003       3       4       4       3       4       4
   0.11437730559510247E-006       3       4       4       3       5       5
  -0.87943737638692190E-003       3       4       5       3       4       5
  -0.87920518991953223E-003       3       5       5       3       5       5
  -0.91238161046895108E-003       4       4       4       4       4       4
  -0.82814697146964367E-005       4       4       4       4       5       5
  -0.87920518991953180E-003       4       4       5       4       4       5
  -0.82814697146964350E-005       4       4       5       5       5       5
  -0.87920518991953245E-003       4       5       5       4       5       5
  -0.91238161046895195E-003       5       5       5       5       5       5
