           5
  -0.19899179200816561E-001       1       1       1       1       1       1
   0.33103039038197787E-002       1       1       1       1       1       2
  -0.70762922914796621E-003       1       1       1       1       2       2
  -0.27201153641134984E-004       1       1       1       1       3       3
  -0.27201153641134977E-004       1       1       1       1       4       4
  -0.27201153641134865E-004       1       1       1       1       5       5
   0.17631746864970579E-003       1       1       1       2       2       2
  -0.10701802382036608E-004       1       1       1       2       3       3
  -0.10701802382036640E-004       1       1       1       2       4       4
  -0.10701802382036666E-004       1       1       1       2       5       5
   0.60343437289529372E-002       1       1       2       1       1       2
  -0.18842259920426752E-002       1       1       2       1       2       2
   0.32204757878993265E-005       1       1       2       1       3       3
   0.32204757878993443E-005       1       1       2       1       4       4
   0.32204757878993625E-005       1       1       2       1       5       5
   0.46468321288981561E-003       1       1       2       2       2       2
  -0.20018754856542034E-004       1       1       2       2       3       3
  -0.20018754856542047E-004       1       1       2       2       4       4
  -0.20018754856542027E-004       1       1       2       2       5       5
  -0.72469364245812860E-004       1       1       2       3       3       2
  -0.72469364245812847E-004       1       1       2       4       4       2
  -0.72469364245812820E-004       1       1       2       5       5       2
   0.59481238535444396E-002       1       1       3       1       1       3
  -0.18892246425516665E-002       1       1       3       1       2       3
   0.47414830624795264E-003       1       1       3       2       2       3
  -0.81186323579847519E-004       1       1       3       3       3       3
  -0.48012384473276740E-005       1       1       3       3       4       4
  -0.48012384473276773E-005       1       1       3       3       5       5
  -0.71581243202206493E-004       1       1       3       4       4       3
  -0.71581243202206452E-004       1       1       3       5       5       3
   0.59481238535444344E-002       1       1       4       1       1       4
  -0.18892246425516650E-002       1       1       4       1       2       4
   0.47414830624795281E-003       1       1       4       2       2       4
  -0.71581243202206534E-004       1       1       4       3       3       4
  -0.81186323579847478E-004       1       1       4       4       4       4
  -0.48012384473276799E-005       1       1       4       4       5       5
  -0.71581243202206466E-004       1       1       4       5       5       4
   0.59481238535444335E-002       1       1       5       1       1       5
  -0.18892246425516658E-002       1       1       5       1       2       5
   0.47414830624795281E-003       1       1       5       2       2       5
  -0.71581243202206534E-004       1       1       5       3       3       5
  -0.71581243202206506E-004       1       1       5       4       4       5
  -0.81186323579847465E-004       1       1       5       5       5       5
  -0.58367114214428403E-002       1       2       2       1       2       2
  -0.95765212172417482E-004       1       2       2       1       3       3
  -0.95765212172417333E-004       1       2       2       1       4       4
  -0.95765212172417211E-004       1       2       2       1       5       5
   0.86243260641669008E-003       1       2       2       2       2       2
  -0.74460435007721673E-005       1       2       2       2       3       3
  -0.74460435007722113E-005       1       2       2       2       4       4
  -0.74460435007722190E-005       1       2       2       2       5       5
  -0.75340570148423977E-004       1       2       2       3       2       3
  -0.75340570148423990E-004       1       2       2       4       2       4
  -0.75340570148423936E-004       1       2       2       5       2       5
  -0.59815456608607953E-002       1       2       3       1       2       3
   0.91047074901686982E-003       1       2       3       2       2       3
  -0.87417566935651969E-004       1       2       3       3       3       3
  -0.54993948258968609E-005       1       2       3       3       4       4
  -0.54993948258968643E-005       1       2       3       3       5       5
  -0.54993948258968685E-005       1       2       3       4       3       4
  -0.76412174396369619E-004       1       2       3       4       4       3
  -0.54993948258968702E-005       1       2       3       5       3       5
  -0.76412174396369592E-004       1       2       3       5       5       3
  -0.59815456608607910E-002       1       2       4       1       2       4
   0.91047074901687026E-003       1       2       4       2       2       4
  -0.76412174396369673E-004       1       2       4       3       3       4
  -0.87417566935651887E-004       1       2       4       4       4       4
  -0.54993948258968669E-005       1       2       4       4       5       5
  -0.54993948258968643E-005       1       2       4       5       4       5
  -0.76412174396369619E-004       1       2       4       5       5       4
  -0.59815456608607910E-002       1       2       5       1       2       5
   0.91047074901687113E-003       1       2       5       2       2       5
  -0.76412174396369673E-004       1       2       5       3       3       5
  -0.76412174396369646E-004       1       2       5       4       4       5
  -0.87417566935651874E-004       1       2       5       5       5       5
  -0.60856881179583372E-002       1       3       3       1       3       3
   0.29405281339074705E-004       1       3       3       1       4       4
   0.29405281339074684E-004       1       3       3       1       5       5
   0.95146828160796451E-003       1       3       3       2       3       3
  -0.61565745589740480E-005       1       3       3       2       4       4
  -0.61565745589740412E-005       1       3       3       2       5       5
  -0.61445762021292288E-002       1       3       4       1       3       4
   0.96379309545402826E-003       1       3       4       2       3       4
  -0.61445762021292306E-002       1       3       5       1       3       5
   0.96379309545402685E-003       1       3       5       2       3       5
  -0.60856881179583346E-002       1       4       4       1       4       4
   0.29405281339074691E-004       1       4       4       1       5       5
   0.95146828160796537E-003       1       4       4       2       4       4
  -0.61565745589740420E-005       1       4       4       2       5       5
  -0.61445762021292297E-002       1       4       5       1       4       5
   0.96379309545402587E-003       1       4       5       2       4       5
  -0.60856881179583312E-002       1       5       5       1       5       5
   0.95146828160796548E-003       1       5       5       2       5       5
  -0.13121110414557890E-002       2       2       2       2       2       2
  -0.12855973574981072E-004       2       2       2       2       3       3
  -0.12855973574981091E-004       2       2       2       2       4       4
  -0.12855973574981106E-004       2       2       2       2       5       5
  -0.11839121017147344E-002       2       2       3       2       2       3
  -0.43150787595633451E-004       2       2       3       3       3       3
  -0.15717348979831509E-004       2       2       3       3       4       4
  -0.15717348979831509E-004       2       2       3       3       5       5
  -0.11668529718166770E-004       2       2       3       4       4       3
  -0.11668529718166752E-004       2       2       3       5       5       3
  -0.11839121017147339E-002       2       2       4       2       2       4
  -0.11668529718166752E-004       2       2       4       3       3       4
  -0.43150787595633519E-004       2       2       4       4       4       4
  -0.15717348979831515E-004       2       2       4       4       5       5
  -0.11668529718166779E-004       2       2       4       5       5       4
  -0.11839121017147339E-002       2       2       5       2       2       5
  -0.11668529718166752E-004       2       2       5       3       3       5
  -0.11668529718166825E-004       2       2       5       4       4       5
  -0.43150787595633506E-004       2       2       5       5       5       5
  -0.10555976040516641E-002       2       3       3       2       3       3
  -0.41859148739958135E-005       2       3       3       2       4       4
  -0.41859148739958305E-005       2       3       3       2       5       5
  -0.10472101933091094E-002       2       3       4       2       3       4
  -0.10472101933091094E-002       2       3       5       2       3       5
  -0.10555976040516652E-002       2       4       4       2       4       4
  -0.41859148739958305E-005       2       4       4       2       5       5
  -0.10472101933091098E-002       2       4       5       2       4       5
  -0.10555976040516654E-002       2       5       5       2       5       5
  -0.93752975193046959E-003       3       3       3       3       3       3
  -0.77676553605428880E-005       3       3       3       3       4       4
  -0.77676553605429050E-005       3       3       3       3       5       5
  -0.90640981989345364E-003       3       3       4       3       3       4
  -0.77676553605428829E-005       3       3       4       4       4       4
  -0.41191864192276675E-005       3       3       4       4       5       5
   0.50087765934207966E-006       3       3       4       5       5       4
  -0.90640981989345353E-003       3       3       5       3       3       5
   0.50087765934208643E-006       3       3       5       4       4       5
  -0.77676553605428914E-005       3       3       5       5       5       5
  -0.90640981989345310E-003       3       4       4       3       4       4
   0.50087765934207574E-006       3       4       4       3       5       5
  -0.90741558952493588E-003       3       4       5       3       4       5
  -0.90640981989345299E-003       3       5       5       3       5       5
  -0.93752975193046959E-003       4       4       4       4       4       4
  -0.77676553605428965E-005       4       4       4       4       5       5
  -0.90640981989345321E-003       4       4       5       4       4       5
  -0.77676553605428897E-005       4       4       5       5       5       5
  -0.90640981989345342E-003       4       5       5       4       5       5
  -0.93752975193046916E-003       5       5       5       5       5       5
