           5
  -0.19885415267911252E-001       1       1       1       1       1       1
   0.32976847925941313E-002       1       1       1       1       1       2
  -0.70429542362479038E-003       1       1       1       1       2       2
  -0.27452224130164607E-004       1       1       1       1       3       3
  -0.27452224130164553E-004       1       1       1       1       4       4
  -0.27452224130164515E-004       1       1       1       1       5       5
   0.17547588566001871E-003       1       1       1       2       2       2
  -0.10627967891002147E-004       1       1       1       2       3       3
  -0.10627967891002135E-004       1       1       1       2       4       4
  -0.10627967891002094E-004       1       1       1       2       5       5
   0.59864480020380209E-002       1       1       2       1       1       2
  -0.18770365647697521E-002       1       1       2       1       2       2
   0.39040326708309693E-005       1       1       2       1       3       3
   0.39040326708309338E-005       1       1       2       1       4       4
   0.39040326708309151E-005       1       1       2       1       5       5
   0.46242326200929935E-003       1       1       2       2       2       2
  -0.19971833954322028E-004       1       1       2       2       3       3
  -0.19971833954322034E-004       1       1       2       2       4       4
  -0.19971833954322072E-004       1       1       2       2       5       5
  -0.72302713779670948E-004       1       1       2       3       3       2
  -0.72302713779670921E-004       1       1       2       4       4       2
  -0.72302713779670840E-004       1       1       2       5       5       2
   0.58980561026482159E-002       1       1       3       1       1       3
  -0.18816969790048273E-002       1       1       3       1       2       3
   0.47184313091281065E-003       1       1       3       2       2       3
  -0.80943705355940594E-004       1       1       3       3       3       3
  -0.47509175824956559E-005       1       1       3       3       4       4
  -0.47509175824956550E-005       1       1       3       3       5       5
  -0.71439269932408719E-004       1       1       3       4       4       3
  -0.71439269932408719E-004       1       1       3       5       5       3
   0.58980561026482168E-002       1       1       4       1       1       4
  -0.18816969790048251E-002       1       1       4       1       2       4
   0.47184313091281125E-003       1       1       4       2       2       4
  -0.71439269932408773E-004       1       1       4       3       3       4
  -0.80943705355940716E-004       1       1       4       4       4       4
  -0.47509175824956576E-005       1       1       4       4       5       5
  -0.71439269932408692E-004       1       1       4       5       5       4
   0.58980561026482194E-002       1       1       5       1       1       5
  -0.18816969790048260E-002       1       1       5       1       2       5
   0.47184313091281195E-003       1       1       5       2       2       5
  -0.71439269932408787E-004       1       1       5       3       3       5
  -0.71439269932408760E-004       1       1       5       4       4       5
  -0.80943705355940662E-004       1       1       5       5       5       5
  -0.58351955891231769E-002       1       2       2       1       2       2
  -0.91060546963374887E-004       1       2       2       1       3       3
  -0.91060546963374914E-004       1       2       2       1       4       4
  -0.91060546963374778E-004       1       2       2       1       5       5
   0.85598295397352553E-003       1       2       2       2       2       2
  -0.77537894010479355E-005       1       2       2       2       3       3
  -0.77537894010479541E-005       1       2       2       2       4       4
  -0.77537894010479456E-005       1       2       2       2       5       5
  -0.74985535074761938E-004       1       2       2       3       2       3
  -0.74985535074762019E-004       1       2       2       4       2       4
  -0.74985535074761992E-004       1       2       2       5       2       5
  -0.59797380283402417E-002       1       2       3       1       2       3
   0.90380695622392876E-003       1       2       3       2       2       3
  -0.86860666469093013E-004       1       2       3       3       3       3
  -0.53821664146837913E-005       1       2       3       3       4       4
  -0.53821664146837854E-005       1       2       3       3       5       5
  -0.53821664146837896E-005       1       2       3       4       3       4
  -0.76089693575089095E-004       1       2       3       4       4       3
  -0.53821664146837922E-005       1       2       3       5       3       5
  -0.76089693575089067E-004       1       2       3       5       5       3
  -0.59797380283402365E-002       1       2       4       1       2       4
   0.90380695622392887E-003       1       2       4       2       2       4
  -0.76089693575089040E-004       1       2       4       3       3       4
  -0.86860666469093067E-004       1       2       4       4       4       4
  -0.53821664146837828E-005       1       2       4       4       5       5
  -0.53821664146837930E-005       1       2       4       5       4       5
  -0.76089693575089040E-004       1       2       4       5       5       4
  -0.59797380283402399E-002       1       2       5       1       2       5
   0.90380695622393082E-003       1       2       5       2       2       5
  -0.76089693575089067E-004       1       2       5       3       3       5
  -0.76089693575089095E-004       1       2       5       4       4       5
  -0.86860666469093054E-004       1       2       5       5       5       5
  -0.60827211377406168E-002       1       3       3       1       3       3
   0.30052576936197932E-004       1       3       3       1       4       4
   0.30052576936197875E-004       1       3       3       1       5       5
   0.94463410025683655E-003       1       3       3       2       3       3
  -0.61346269912178262E-005       1       3       3       2       4       4
  -0.61346269912178262E-005       1       3       3       2       5       5
  -0.61429057460140463E-002       1       3       4       1       3       4
   0.95691511857004378E-003       1       3       4       2       3       4
  -0.61429057460140463E-002       1       3       5       1       3       5
   0.95691511857004324E-003       1       3       5       2       3       5
  -0.60827211377406177E-002       1       4       4       1       4       4
   0.30052576936197875E-004       1       4       4       1       5       5
   0.94463410025683611E-003       1       4       4       2       4       4
  -0.61346269912178212E-005       1       4       4       2       5       5
  -0.61429057460140437E-002       1       4       5       1       4       5
   0.95691511857004497E-003       1       4       5       2       4       5
  -0.60827211377406185E-002       1       5       5       1       5       5
   0.94463410025683752E-003       1       5       5       2       5       5
  -0.13292906264647125E-002       2       2       2       2       2       2
  -0.11893366929360874E-004       2       2       2       2       3       3
  -0.11893366929361017E-004       2       2       2       2       4       4
  -0.11893366929360935E-004       2       2       2       2       5       5
  -0.12030470173303132E-002       2       2       3       2       2       3
  -0.42107693380079246E-004       2       2       3       3       3       3
  -0.15729832441036090E-004       2       2       3       3       4       4
  -0.15729832441036094E-004       2       2       3       3       5       5
  -0.10599659820494372E-004       2       2       3       4       4       3
  -0.10599659820494318E-004       2       2       3       5       5       3
  -0.12030470173303132E-002       2       2       4       2       2       4
  -0.10599659820494328E-004       2       2       4       3       3       4
  -0.42107693380079348E-004       2       2       4       4       4       4
  -0.15729832441036077E-004       2       2       4       4       5       5
  -0.10599659820494291E-004       2       2       4       5       5       4
  -0.12030470173303132E-002       2       2       5       2       2       5
  -0.10599659820494283E-004       2       2       5       3       3       5
  -0.10599659820494355E-004       2       2       5       4       4       5
  -0.42107693380079260E-004       2       2       5       5       5       5
  -0.10765160420050332E-002       2       3       3       2       3       3
  -0.40900845213685890E-005       2       3       3       2       4       4
  -0.40900845213686068E-005       2       3       3       2       5       5
  -0.10683205314825431E-002       2       3       4       2       3       4
  -0.10683205314825429E-002       2       3       5       2       3       5
  -0.10765160420050327E-002       2       4       4       2       4       4
  -0.40900845213686144E-005       2       4       4       2       5       5
  -0.10683205314825424E-002       2       4       5       2       4       5
  -0.10765160420050321E-002       2       5       5       2       5       5
  -0.95987419471541089E-003       3       3       3       3       3       3
  -0.76280092597054060E-005       3       3       3       3       4       4
  -0.76280092597054220E-005       3       3       3       3       5       5
  -0.92931382405938364E-003       3       3       4       3       3       4
  -0.76280092597054093E-005       3       3       4       4       4       4
  -0.41252918082546885E-005       3       3       4       4       5       5
   0.65295103321335920E-006       3       3       4       5       5       4
  -0.92931382405938385E-003       3       3       5       3       3       5
   0.65295103321338292E-006       3       3       5       4       4       5
  -0.76280092597054263E-005       3       3       5       5       5       5
  -0.92931382405938320E-003       3       4       4       3       4       4
   0.65295103321335412E-006       3       4       4       3       5       5
  -0.93062367469391955E-003       3       4       5       3       4       5
  -0.92931382405938309E-003       3       5       5       3       5       5
  -0.95987419471541089E-003       4       4       4       4       4       4
  -0.76280092597054254E-005       4       4       4       4       5       5
  -0.92931382405938320E-003       4       4       5       4       4       5
  -0.76280092597054348E-005       4       4       5       5       5       5
  -0.92931382405938320E-003       4       5       5       4       5       5
  -0.95987419471541078E-003       5       5       5       5       5       5
