           5
  -0.19942311092116687E-001       1       1       1       1       1       1
   0.33185063155132168E-002       1       1       1       1       1       2
  -0.71057117267371659E-003       1       1       1       1       2       2
  -0.27390158517074379E-004       1       1       1       1       3       3
  -0.27390158517074325E-004       1       1       1       1       4       4
  -0.27390158517074396E-004       1       1       1       1       5       5
   0.17721370747142163E-003       1       1       1       2       2       2
  -0.10711589301061726E-004       1       1       1       2       3       3
  -0.10711589301061685E-004       1       1       1       2       4       4
  -0.10711589301061699E-004       1       1       1       2       5       5
   0.60353715787973897E-002       1       1       2       1       1       2
  -0.18949031585416280E-002       1       1       2       1       2       2
   0.26122812297151329E-005       1       1       2       1       3       3
   0.26122812297152778E-005       1       1       2       1       4       4
   0.26122812297153498E-005       1       1       2       1       5       5
   0.46765130243954322E-003       1       1       2       2       2       2
  -0.19884638207541104E-004       1       1       2       2       3       3
  -0.19884638207541077E-004       1       1       2       2       4       4
  -0.19884638207541087E-004       1       1       2       2       5       5
  -0.72731517155588541E-004       1       1       2       3       3       2
  -0.72731517155588541E-004       1       1       2       4       4       2
  -0.72731517155588568E-004       1       1       2       5       5       2
   0.59502987853879436E-002       1       1       3       1       1       3
  -0.19001059272043975E-002       1       1       3       1       2       3
   0.47716795958260253E-003       1       1       3       2       2       3
  -0.81401721594377338E-004       1       1       3       3       3       3
  -0.47662183824971729E-005       1       1       3       3       4       4
  -0.47662183824971746E-005       1       1       3       3       5       5
  -0.71866683801328026E-004       1       1       3       4       4       3
  -0.71866683801327999E-004       1       1       3       5       5       3
   0.59502987853879471E-002       1       1       4       1       1       4
  -0.19001059272043953E-002       1       1       4       1       2       4
   0.47716795958260215E-003       1       1       4       2       2       4
  -0.71866683801328026E-004       1       1       4       3       3       4
  -0.81401721594377365E-004       1       1       4       4       4       4
  -0.47662183824971729E-005       1       1       4       4       5       5
  -0.71866683801328080E-004       1       1       4       5       5       4
   0.59502987853879462E-002       1       1       5       1       1       5
  -0.19001059272043949E-002       1       1       5       1       2       5
   0.47716795958260215E-003       1       1       5       2       2       5
  -0.71866683801327999E-004       1       1       5       3       3       5
  -0.71866683801328053E-004       1       1       5       4       4       5
  -0.81401721594377393E-004       1       1       5       5       5       5
  -0.58699004260743971E-002       1       2       2       1       2       2
  -0.94971305178618171E-004       1       2       2       1       3       3
  -0.94971305178618307E-004       1       2       2       1       4       4
  -0.94971305178618307E-004       1       2       2       1       5       5
   0.86507691258690079E-003       1       2       2       2       2       2
  -0.72451238281500476E-005       1       2       2       2       3       3
  -0.72451238281500340E-005       1       2       2       2       4       4
  -0.72451238281500323E-005       1       2       2       2       5       5
  -0.75031587632620874E-004       1       2       2       3       2       3
  -0.75031587632620942E-004       1       2       2       4       2       4
  -0.75031587632620942E-004       1       2       2       5       2       5
  -0.60177779404746766E-002       1       2       3       1       2       3
   0.91370778135428275E-003       1       2       3       2       2       3
  -0.86885093793664397E-004       1       2       3       3       3       3
  -0.53359485829345665E-005       1       2       3       3       4       4
  -0.53359485829345631E-005       1       2       3       3       5       5
  -0.53359485829345724E-005       1       2       3       4       3       4
  -0.76206611731772166E-004       1       2       3       4       4       3
  -0.53359485829345749E-005       1       2       3       5       3       5
  -0.76206611731772166E-004       1       2       3       5       5       3
  -0.60177779404746740E-002       1       2       4       1       2       4
   0.91370778135428155E-003       1       2       4       2       2       4
  -0.76206611731772166E-004       1       2       4       3       3       4
  -0.86885093793664397E-004       1       2       4       4       4       4
  -0.53359485829345690E-005       1       2       4       4       5       5
  -0.53359485829345698E-005       1       2       4       5       4       5
  -0.76206611731772221E-004       1       2       4       5       5       4
  -0.60177779404746758E-002       1       2       5       1       2       5
   0.91370778135428145E-003       1       2       5       2       2       5
  -0.76206611731772166E-004       1       2       5       3       3       5
  -0.76206611731772180E-004       1       2       5       4       4       5
  -0.86885093793664383E-004       1       2       5       5       5       5
  -0.61259243066757851E-002       1       3       3       1       3       3
   0.28549054862036193E-004       1       3       3       1       4       4
   0.28549054862036169E-004       1       3       3       1       5       5
   0.95545196739542045E-003       1       3       3       2       3       3
  -0.60202329478557495E-005       1       3       3       2       4       4
  -0.60202329478557495E-005       1       3       3       2       5       5
  -0.61831017730624525E-002       1       3       4       1       3       4
   0.96750411203681884E-003       1       3       4       2       3       4
  -0.61831017730624490E-002       1       3       5       1       3       5
   0.96750411203681786E-003       1       3       5       2       3       5
  -0.61259243066757885E-002       1       4       4       1       4       4
   0.28549054862036193E-004       1       4       4       1       5       5
   0.95545196739542024E-003       1       4       4       2       4       4
  -0.60202329478557580E-005       1       4       4       2       5       5
  -0.61831017730624507E-002       1       4       5       1       4       5
   0.96750411203681537E-003       1       4       5       2       4       5
  -0.61259243066757868E-002       1       5       5       1       5       5
   0.95545196739542002E-003       1       5       5       2       5       5
  -0.13412727555742422E-002       2       2       2       2       2       2
  -0.11441274536228475E-004       2       2       2       2       3       3
  -0.11441274536228477E-004       2       2       2       2       4       4
  -0.11441274536228489E-004       2       2       2       2       5       5
  -0.12119996202262673E-002       2       2       3       2       2       3
  -0.40906223079030025E-004       2       2       3       3       3       3
  -0.15139340499088764E-004       2       2       3       3       4       4
  -0.15139340499088772E-004       2       2       3       3       5       5
  -0.10579984118815897E-004       2       2       3       4       4       3
  -0.10579984118815915E-004       2       2       3       5       5       3
  -0.12119996202262662E-002       2       2       4       2       2       4
  -0.10579984118815897E-004       2       2       4       3       3       4
  -0.40906223079030059E-004       2       2       4       4       4       4
  -0.15139340499088762E-004       2       2       4       4       5       5
  -0.10579984118815924E-004       2       2       4       5       5       4
  -0.12119996202262660E-002       2       2       5       2       2       5
  -0.10579984118815888E-004       2       2       5       3       3       5
  -0.10579984118815942E-004       2       2       5       4       4       5
  -0.40906223079030032E-004       2       2       5       5       5       5
  -0.10827130197716090E-002       2       3       3       2       3       3
  -0.42781843183177933E-005       2       3       3       2       4       4
  -0.42781843183178110E-005       2       3       3       2       5       5
  -0.10741427487410335E-002       2       3       4       2       3       4
  -0.10741427487410340E-002       2       3       5       2       3       5
  -0.10827130197716079E-002       2       4       4       2       4       4
  -0.42781843183178077E-005       2       4       4       2       5       5
  -0.10741427487410335E-002       2       4       5       2       4       5
  -0.10827130197716087E-002       2       5       5       2       5       5
  -0.96344761296718166E-003       3       3       3       3       3       3
  -0.77444087046369867E-005       3       3       3       3       4       4
  -0.77444087046370104E-005       3       3       3       3       5       5
  -0.93242442700900276E-003       3       3       4       3       3       4
  -0.77444087046369952E-005       3       3       4       4       4       4
  -0.39713175667967632E-005       3       3       4       4       5       5
   0.22807593020942479E-006       3       3       4       5       5       4
  -0.93242442700900308E-003       3       3       5       3       3       5
   0.22807593020945131E-006       3       3       5       4       4       5
  -0.77444087046370240E-005       3       3       5       5       5       5
  -0.93242442700900308E-003       3       4       4       3       4       4
   0.22807593020941801E-006       3       4       4       3       5       5
  -0.93288587921845731E-003       3       4       5       3       4       5
  -0.93242442700900330E-003       3       5       5       3       5       5
  -0.96344761296718166E-003       4       4       4       4       4       4
  -0.77444087046370172E-005       4       4       4       4       5       5
  -0.93242442700900319E-003       4       4       5       4       4       5
  -0.77444087046370274E-005       4       4       5       5       5       5
  -0.93242442700900330E-003       4       5       5       4       5       5
  -0.96344761296718231E-003       5       5       5       5       5       5
