           5
  -0.19829727668764868E-001       1       1       1       1       1       1
   0.32903864488477695E-002       1       1       1       1       1       2
  -0.70292398039023248E-003       1       1       1       1       2       2
  -0.27770225022726804E-004       1       1       1       1       3       3
  -0.27770225022726892E-004       1       1       1       1       4       4
  -0.27770225022726787E-004       1       1       1       1       5       5
   0.17534209365719042E-003       1       1       1       2       2       2
  -0.10570787062407217E-004       1       1       1       2       3       3
  -0.10570787062407184E-004       1       1       1       2       4       4
  -0.10570787062407209E-004       1       1       1       2       5       5
   0.59643202395758058E-002       1       1       2       1       1       2
  -0.18657318097777778E-002       1       1       2       1       2       2
   0.28095931994237288E-005       1       1       2       1       3       3
   0.28095931994239097E-005       1       1       2       1       4       4
   0.28095931994239097E-005       1       1       2       1       5       5
   0.46174934480980410E-003       1       1       2       2       2       2
  -0.19743408961865478E-004       1       1       2       2       3       3
  -0.19743408961865458E-004       1       1       2       2       4       4
  -0.19743408961865495E-004       1       1       2       2       5       5
  -0.71801358143412224E-004       1       1       2       3       3       2
  -0.71801358143412156E-004       1       1       2       4       4       2
  -0.71801358143412170E-004       1       1       2       5       5       2
   0.58775122825521116E-002       1       1       3       1       1       3
  -0.18709594544456406E-002       1       1       3       1       2       3
   0.47124018352727199E-003       1       1       3       2       2       3
  -0.80493444211633328E-004       1       1       3       3       3       3
  -0.47694047169233364E-005       1       1       3       3       4       4
  -0.47694047169233347E-005       1       1       3       3       5       5
  -0.70952053652435679E-004       1       1       3       4       4       3
  -0.70952053652435706E-004       1       1       3       5       5       3
   0.58775122825521151E-002       1       1       4       1       1       4
  -0.18709594544456414E-002       1       1       4       1       2       4
   0.47124018352727242E-003       1       1       4       2       2       4
  -0.70952053652435746E-004       1       1       4       3       3       4
  -0.80493444211633287E-004       1       1       4       4       4       4
  -0.47694047169233364E-005       1       1       4       4       5       5
  -0.70952053652435679E-004       1       1       4       5       5       4
   0.58775122825521151E-002       1       1       5       1       1       5
  -0.18709594544456410E-002       1       1       5       1       2       5
   0.47124018352727285E-003       1       1       5       2       2       5
  -0.70952053652435746E-004       1       1       5       3       3       5
  -0.70952053652435692E-004       1       1       5       4       4       5
  -0.80493444211633328E-004       1       1       5       5       5       5
  -0.57485449905640817E-002       1       2       2       1       2       2
  -0.93506676588083203E-004       1       2       2       1       3       3
  -0.93506676588083244E-004       1       2       2       1       4       4
  -0.93506676588083189E-004       1       2       2       1       5       5
   0.85871153397693945E-003       1       2       2       2       2       2
  -0.73074628974428978E-005       1       2       2       2       3       3
  -0.73074628974429308E-005       1       2       2       2       4       4
  -0.73074628974429282E-005       1       2       2       2       5       5
  -0.73298902918616734E-004       1       2       2       3       2       3
  -0.73298902918616694E-004       1       2       2       4       2       4
  -0.73298902918616748E-004       1       2       2       5       2       5
  -0.58947732519986718E-002       1       2       3       1       2       3
   0.90677446710782611E-003       1       2       3       2       2       3
  -0.85289662799757355E-004       1       2       3       3       3       3
  -0.54146161514193428E-005       1       2       3       3       4       4
  -0.54146161514193428E-005       1       2       3       3       5       5
  -0.54146161514193428E-005       1       2       3       4       3       4
  -0.74453957764081653E-004       1       2       3       4       4       3
  -0.54146161514193411E-005       1       2       3       5       3       5
  -0.74453957764081708E-004       1       2       3       5       5       3
  -0.58947732519986683E-002       1       2       4       1       2       4
   0.90677446710782470E-003       1       2       4       2       2       4
  -0.74453957764081626E-004       1       2       4       3       3       4
  -0.85289662799757383E-004       1       2       4       4       4       4
  -0.54146161514193445E-005       1       2       4       4       5       5
  -0.54146161514193478E-005       1       2       4       5       4       5
  -0.74453957764081708E-004       1       2       4       5       5       4
  -0.58947732519986709E-002       1       2       5       1       2       5
   0.90677446710782296E-003       1       2       5       2       2       5
  -0.74453957764081653E-004       1       2       5       3       3       5
  -0.74453957764081694E-004       1       2       5       4       4       5
  -0.85289662799757437E-004       1       2       5       5       5       5
  -0.60005556051498377E-002       1       3       3       1       3       3
   0.29264549976476209E-004       1       3       3       1       4       4
   0.29264549976476161E-004       1       3       3       1       5       5
   0.94784523196121098E-003       1       3       3       2       3       3
  -0.61171154674939004E-005       1       3       3       2       4       4
  -0.61171154674938970E-005       1       3       3       2       5       5
  -0.60591647853421695E-002       1       3       4       1       3       4
   0.96009125463036426E-003       1       3       4       2       3       4
  -0.60591647853421695E-002       1       3       5       1       3       5
   0.96009125463036296E-003       1       3       5       2       3       5
  -0.60005556051498420E-002       1       4       4       1       4       4
   0.29264549976476182E-004       1       4       4       1       5       5
   0.94784523196121055E-003       1       4       4       2       4       4
  -0.61171154674939013E-005       1       4       4       2       5       5
  -0.60591647853421695E-002       1       4       5       1       4       5
   0.96009125463036122E-003       1       4       5       2       4       5
  -0.60005556051498377E-002       1       5       5       1       5       5
   0.94784523196121001E-003       1       5       5       2       5       5
  -0.12797018565665944E-002       2       2       2       2       2       2
  -0.90615807017064712E-005       2       2       2       2       3       3
  -0.90615807017064949E-005       2       2       2       2       4       4
  -0.90615807017065237E-005       2       2       2       2       5       5
  -0.11496467420373277E-002       2       2       3       2       2       3
  -0.39206934963220943E-004       2       2       3       3       3       3
  -0.15580636177420873E-004       2       2       3       3       4       4
  -0.15580636177420859E-004       2       2       3       3       5       5
  -0.79987465901209250E-005       2       2       3       4       4       3
  -0.79987465901209876E-005       2       2       3       5       5       3
  -0.11496467420373281E-002       2       2       4       2       2       4
  -0.79987465901208894E-005       2       2       4       3       3       4
  -0.39206934963220970E-004       2       2       4       4       4       4
  -0.15580636177420856E-004       2       2       4       4       5       5
  -0.79987465901209436E-005       2       2       4       5       5       4
  -0.11496467420373277E-002       2       2       5       2       2       5
  -0.79987465901210063E-005       2       2       5       3       3       5
  -0.79987465901210147E-005       2       2       5       4       4       5
  -0.39206934963221011E-004       2       2       5       5       5       5
  -0.10200076997778076E-002       2       3       3       2       3       3
  -0.44308088160770196E-005       2       3       3       2       4       4
  -0.44308088160770086E-005       2       3       3       2       5       5
  -0.10111307645267972E-002       2       3       4       2       3       4
  -0.10111307645267972E-002       2       3       5       2       3       5
  -0.10200076997778072E-002       2       4       4       2       4       4
  -0.44308088160770112E-005       2       4       4       2       5       5
  -0.10111307645267967E-002       2       4       5       2       4       5
  -0.10200076997778078E-002       2       5       5       2       5       5
  -0.90095114353893127E-003       3       3       3       3       3       3
  -0.79555140521892204E-005       3       3       3       3       4       4
  -0.79555140521892137E-005       3       3       3       3       5       5
  -0.86908064316045062E-003       3       3       4       3       3       4
  -0.79555140521892272E-005       3       3       4       4       4       4
  -0.40736894304437322E-005       3       3       4       4       5       5
   0.22214693679403999E-006       3       3       4       5       5       4
  -0.86908064316045062E-003       3       3       5       3       3       5
   0.22214693679403660E-006       3       3       5       4       4       5
  -0.79555140521892120E-005       3       3       5       5       5       5
  -0.86908064316045029E-003       3       4       4       3       4       4
   0.22214693679404846E-006       3       4       4       3       5       5
  -0.86952914644017245E-003       3       4       5       3       4       5
  -0.86908064316045062E-003       3       5       5       3       5       5
  -0.90095114353893214E-003       4       4       4       4       4       4
  -0.79555140521892069E-005       4       4       4       4       5       5
  -0.86908064316045062E-003       4       4       5       4       4       5
  -0.79555140521892103E-005       4       4       5       5       5       5
  -0.86908064316045105E-003       4       5       5       4       5       5
  -0.90095114353893268E-003       5       5       5       5       5       5
