           5
  -0.19817574581260967E-001       1       1       1       1       1       1
   0.32950708866981830E-002       1       1       1       1       1       2
  -0.70559572440502462E-003       1       1       1       1       2       2
  -0.27779743107354838E-004       1       1       1       1       3       3
  -0.27779743107354784E-004       1       1       1       1       4       4
  -0.27779743107354804E-004       1       1       1       1       5       5
   0.17621738034711974E-003       1       1       1       2       2       2
  -0.10645924614502815E-004       1       1       1       2       3       3
  -0.10645924614502801E-004       1       1       1       2       4       4
  -0.10645924614502784E-004       1       1       1       2       5       5
   0.59822898693099981E-002       1       1       2       1       1       2
  -0.18752961723527651E-002       1       1       2       1       2       2
   0.22880287296897358E-005       1       1       2       1       3       3
   0.22880287296892302E-005       1       1       2       1       4       4
   0.22880287296890853E-005       1       1       2       1       5       5
   0.46391039893641710E-003       1       1       2       2       2       2
  -0.19801174909269745E-004       1       1       2       2       3       3
  -0.19801174909269728E-004       1       1       2       2       4       4
  -0.19801174909269735E-004       1       1       2       2       5       5
  -0.72285785926850025E-004       1       1       2       3       3       2
  -0.72285785926850025E-004       1       1       2       4       4       2
  -0.72285785926849970E-004       1       1       2       5       5       2
   0.58974483842799512E-002       1       1       3       1       1       3
  -0.18809043141471910E-002       1       1       3       1       2       3
   0.47351459245935715E-003       1       1       3       2       2       3
  -0.81013343253451275E-004       1       1       3       3       3       3
  -0.47917497736638140E-005       1       1       3       3       4       4
  -0.47917497736638123E-005       1       1       3       3       5       5
  -0.71427261244021118E-004       1       1       3       4       4       3
  -0.71427261244021105E-004       1       1       3       5       5       3
   0.58974483842799495E-002       1       1       4       1       1       4
  -0.18809043141471936E-002       1       1       4       1       2       4
   0.47351459245935726E-003       1       1       4       2       2       4
  -0.71427261244021105E-004       1       1       4       3       3       4
  -0.81013343253451248E-004       1       1       4       4       4       4
  -0.47917497736638132E-005       1       1       4       4       5       5
  -0.71427261244021064E-004       1       1       4       5       5       4
   0.58974483842799547E-002       1       1       5       1       1       5
  -0.18809043141471940E-002       1       1       5       1       2       5
   0.47351459245935633E-003       1       1       5       2       2       5
  -0.71427261244021091E-004       1       1       5       3       3       5
  -0.71427261244021105E-004       1       1       5       4       4       5
  -0.81013343253451248E-004       1       1       5       5       5       5
  -0.57850432161443248E-002       1       2       2       1       2       2
  -0.95517446620466806E-004       1       2       2       1       3       3
  -0.95517446620466671E-004       1       2       2       1       4       4
  -0.95517446620466698E-004       1       2       2       1       5       5
   0.86028222653861098E-003       1       2       2       2       2       2
  -0.70694957501413578E-005       1       2       2       2       3       3
  -0.70694957501413620E-005       1       2       2       2       4       4
  -0.70694957501413671E-005       1       2       2       2       5       5
  -0.74167400190710482E-004       1       2       2       3       2       3
  -0.74167400190710387E-004       1       2       2       4       2       4
  -0.74167400190710482E-004       1       2       2       5       2       5
  -0.59323903546791810E-002       1       2       3       1       2       3
   0.90867907850307114E-003       1       2       3       2       2       3
  -0.86174298805104715E-004       1       2       3       3       3       3
  -0.54224182028807962E-005       1       2       3       3       4       4
  -0.54224182028807962E-005       1       2       3       3       5       5
  -0.54224182028807937E-005       1       2       3       4       3       4
  -0.75322908021547595E-004       1       2       3       4       4       3
  -0.54224182028807979E-005       1       2       3       5       3       5
  -0.75322908021547677E-004       1       2       3       5       5       3
  -0.59323903546791863E-002       1       2       4       1       2       4
   0.90867907850307255E-003       1       2       4       2       2       4
  -0.75322908021547649E-004       1       2       4       3       3       4
  -0.86174298805104647E-004       1       2       4       4       4       4
  -0.54224182028807937E-005       1       2       4       4       5       5
  -0.54224182028807962E-005       1       2       4       5       4       5
  -0.75322908021547731E-004       1       2       4       5       5       4
  -0.59323903546791845E-002       1       2       5       1       2       5
   0.90867907850307071E-003       1       2       5       2       2       5
  -0.75322908021547704E-004       1       2       5       3       3       5
  -0.75322908021547636E-004       1       2       5       4       4       5
  -0.86174298805104756E-004       1       2       5       5       5       5
  -0.60390520326899701E-002       1       3       3       1       3       3
   0.29432019021502813E-004       1       3       3       1       4       4
   0.29432019021502722E-004       1       3       3       1       5       5
   0.95008613947453592E-003       1       3       3       2       3       3
  -0.61218755616095964E-005       1       3       3       2       4       4
  -0.61218755616095922E-005       1       3       3       2       5       5
  -0.60979952976674941E-002       1       3       4       1       3       4
   0.96234157040633590E-003       1       3       4       2       3       4
  -0.60979952976674915E-002       1       3       5       1       3       5
   0.96234157040633699E-003       1       3       5       2       3       5
  -0.60390520326899840E-002       1       4       4       1       4       4
   0.29432019021502769E-004       1       4       4       1       5       5
   0.95008613947453733E-003       1       4       4       2       4       4
  -0.61218755616095897E-005       1       4       4       2       5       5
  -0.60979952976675045E-002       1       4       5       1       4       5
   0.96234157040633829E-003       1       4       5       2       4       5
  -0.60390520326899805E-002       1       5       5       1       5       5
   0.95008613947453636E-003       1       5       5       2       5       5
  -0.13043982294186449E-002       2       2       2       2       2       2
  -0.10232455461506637E-004       2       2       2       2       3       3
  -0.10232455461506637E-004       2       2       2       2       4       4
  -0.10232455461506763E-004       2       2       2       2       5       5
  -0.11743329677200104E-002       2       2       3       2       2       3
  -0.40090349801423251E-004       2       2       3       3       3       3
  -0.15411107746042579E-004       2       2       3       3       4       4
  -0.15411107746042583E-004       2       2       3       3       5       5
  -0.92200940784567540E-005       2       2       3       4       4       3
  -0.92200940784568438E-005       2       2       3       5       5       3
  -0.11743329677200097E-002       2       2       4       2       2       4
  -0.92200940784568082E-005       2       2       4       3       3       4
  -0.40090349801423176E-004       2       2       4       4       4       4
  -0.15411107746042579E-004       2       2       4       4       5       5
  -0.92200940784568539E-005       2       2       4       5       5       4
  -0.11743329677200097E-002       2       2       5       2       2       5
  -0.92200940784567625E-005       2       2       5       3       3       5
  -0.92200940784567625E-005       2       2       5       4       4       5
  -0.40090349801423346E-004       2       2       5       5       5       5
  -0.10444249392365665E-002       2       3       3       2       3       3
  -0.43046966310608727E-005       2       3       3       2       4       4
  -0.43046966310608972E-005       2       3       3       2       5       5
  -0.10357998739015020E-002       2       3       4       2       3       4
  -0.10357998739015024E-002       2       3       5       2       3       5
  -0.10444249392365659E-002       2       4       4       2       4       4
  -0.43046966310608981E-005       2       4       4       2       5       5
  -0.10357998739015022E-002       2       4       5       2       4       5
  -0.10444249392365667E-002       2       5       5       2       5       5
  -0.92489458390902345E-003       3       3       3       3       3       3
  -0.78495757256187060E-005       3       3       3       3       4       4
  -0.78495757256187382E-005       3       3       3       3       5       5
  -0.89344707077211529E-003       3       3       4       3       3       4
  -0.78495757256186976E-005       3       3       4       4       4       4
  -0.41044984678760869E-005       3       3       4       4       5       5
   0.38965135077599174E-006       3       3       4       5       5       4
  -0.89344707077211518E-003       3       3       5       3       3       5
   0.38965135077603186E-006       3       3       5       4       4       5
  -0.78495757256187297E-005       3       3       5       5       5       5
  -0.89344707077211594E-003       3       4       4       3       4       4
   0.38965135077599798E-006       3       4       4       3       5       5
  -0.89423035409405115E-003       3       4       5       3       4       5
  -0.89344707077211648E-003       3       5       5       3       5       5
  -0.92489458390902443E-003       4       4       4       4       4       4
  -0.78495757256187314E-005       4       4       4       4       5       5
  -0.89344707077211680E-003       4       4       5       4       4       5
  -0.78495757256187297E-005       4       4       5       5       5       5
  -0.89344707077211702E-003       4       5       5       4       5       5
  -0.92489458390902540E-003       5       5       5       5       5       5
