&FCI
 NORB=5,
 NELEC=4,
 MS2=0,
 ISYM=1,
 ORBSYM=1,1,1,1,1,
 ST=1,
 III=1,
 OCC=2,
 CLOSED=2,
 /
    2.2095672990321966            1       1       1       1
  -0.34920883196617392            2       1       1       1
  -0.15014565518188319            1       2       1       1
   0.56642935447840370            2       2       1       1
   0.55669961551241998            3       3       1       1
   0.55669961551241998            4       4       1       1
   0.55669961551241987            5       5       1       1
  -0.34920883196617392            1       1       2       1
   0.82183029861249798E-001       2       1       2       1
   0.45804687318149975E-001       1       2       2       1
   0.49259047062673120E-002       2       2       2       1
   0.12331146245075836E-001       3       3       2       1
   0.12331146245075832E-001       4       4       2       1
   0.12331146245075832E-001       5       5       2       1
   0.26983774034615764E-001       3       1       3       1
   0.35898890075245590E-001       3       2       3       1
   0.15347053661667054E-001       1       3       3       1
   0.34425726410175897E-001       2       3       3       1
   0.26983774034615764E-001       4       1       4       1
   0.35898890075245576E-001       4       2       4       1
   0.15347053661667057E-001       1       4       4       1
   0.34425726410175883E-001       2       4       4       1
   0.26983774034615750E-001       5       1       5       1
   0.35898890075245576E-001       5       2       5       1
   0.15347053661667050E-001       1       5       5       1
   0.34425726410175876E-001       2       5       5       1
  -0.15014565518188319            1       1       1       2
   0.45804687318149975E-001       2       1       1       2
   0.94263447750501453E-002       1       2       1       2
  -0.33059386668169870E-001       2       2       1       2
  -0.27248019220391162E-001       3       3       1       2
  -0.27248019220391169E-001       4       4       1       2
  -0.27248019220391172E-001       5       5       1       2
   0.56642935447840370            1       1       2       2
   0.49259047062673120E-002       2       1       2       2
  -0.33059386668169870E-001       1       2       2       2
   0.39851767115961889            2       2       2       2
   0.40348913170230777            3       3       2       2
   0.40348913170230777            4       4       2       2
   0.40348913170230777            5       5       2       2
   0.35898890075245590E-001       3       1       3       2
   0.90619206863917057E-001       3       2       3       2
   0.47751181754837543E-002       1       3       3       2
   0.83329168464420636E-001       2       3       3       2
   0.35898890075245576E-001       4       1       4       2
   0.90619206863917057E-001       4       2       4       2
   0.47751181754837821E-002       1       4       4       2
   0.83329168464420636E-001       2       4       4       2
   0.35898890075245576E-001       5       1       5       2
   0.90619206863917029E-001       5       2       5       2
   0.47751181754837925E-002       1       5       5       2
   0.83329168464420622E-001       2       5       5       2
   0.15347053661667054E-001       3       1       1       3
   0.47751181754837543E-002       3       2       1       3
   0.37103332887183441E-002       1       3       1       3
   0.33019545104140922E-002       2       3       1       3
   0.34425726410175897E-001       3       1       2       3
   0.83329168464420636E-001       3       2       2       3
   0.33019545104140922E-002       1       3       2       3
   0.76039130064924229E-001       2       3       2       3
   0.55669961551241998            1       1       3       3
   0.12331146245075836E-001       2       1       3       3
  -0.27248019220391162E-001       1       2       3       3
   0.40348913170230777            2       2       3       3
   0.44111728646407733            3       3       3       3
   0.39568243322481245            4       4       3       3
   0.39568243322481245            5       5       3       3
   0.22719741680419479E-001       4       3       4       3
   0.22719741680419476E-001       3       4       4       3
   0.22719741680419462E-001       5       3       5       3
   0.22719741680419462E-001       3       5       5       3
   0.15347053661667057E-001       4       1       1       4
   0.47751181754837821E-002       4       2       1       4
   0.37103332887183510E-002       1       4       1       4
   0.33019545104141165E-002       2       4       1       4
   0.34425726410175883E-001       4       1       2       4
   0.83329168464420636E-001       4       2       2       4
   0.33019545104141165E-002       1       4       2       4
   0.76039130064924229E-001       2       4       2       4
   0.22719741680419476E-001       4       3       3       4
   0.22719741680419476E-001       3       4       3       4
   0.55669961551241998            1       1       4       4
   0.12331146245075832E-001       2       1       4       4
  -0.27248019220391169E-001       1       2       4       4
   0.40348913170230777            2       2       4       4
   0.39568243322481245            3       3       4       4
   0.44111728646407733            4       4       4       4
   0.39568243322481245            5       5       4       4
   0.22719741680419462E-001       5       4       5       4
   0.22719741680419465E-001       4       5       5       4
   0.15347053661667050E-001       5       1       1       5
   0.47751181754837925E-002       5       2       1       5
   0.37103332887183510E-002       1       5       1       5
   0.33019545104141304E-002       2       5       1       5
   0.34425726410175876E-001       5       1       2       5
   0.83329168464420622E-001       5       2       2       5
   0.33019545104141304E-002       1       5       2       5
   0.76039130064924215E-001       2       5       2       5
   0.22719741680419462E-001       5       3       3       5
   0.22719741680419465E-001       3       5       3       5
   0.22719741680419465E-001       5       4       4       5
   0.22719741680419465E-001       4       5       4       5
   0.55669961551241987            1       1       5       5
   0.12331146245075832E-001       2       1       5       5
  -0.27248019220391172E-001       1       2       5       5
   0.40348913170230777            2       2       5       5
   0.39568243322481245            3       3       5       5
   0.39568243322481245            4       4       5       5
   0.44111728646407738            5       5       5       5
   -7.9386904782583461            1       1       0       0
   0.27373827558496483            1       2       0       0
   0.27373827558496483            2       1       0       0
   -1.7707398690821512            2       2       0       0
   -1.6387199825711352            3       3       0       0
   -1.6387199825711352            4       4       0       0
   -1.6387199825711352            5       5       0       0
    0.0000000000000000            0       0       0       0
