&FCI
 NORB=5,
 NELEC=4,
 MS2=0,
 ISYM=1,
 ORBSYM=1,1,1,1,1,
 ST=1,
 III=1,
 OCC=2,
 CLOSED=2,
 /
    2.2122404735503274            1       1       1       1
  -0.34587533290220401            2       1       1       1
  -0.15394671303243410            1       2       1       1
   0.56692000142346877            2       2       1       1
   0.55722787962272990            3       3       1       1
   0.55722787962272990            4       4       1       1
   0.55722787962272990            5       5       1       1
  -0.34587533290220401            1       1       2       1
   0.80825122418222400E-001       2       1       2       1
   0.45807397058206217E-001       1       2       2       1
   0.38916668870676244E-002       2       2       2       1
   0.11263371120818360E-001       3       3       2       1
   0.11263371120818357E-001       4       4       2       1
   0.11263371120818370E-001       5       5       2       1
   0.26950953501641429E-001       3       1       3       1
   0.35693115533742159E-001       3       2       3       1
   0.15357853437695508E-001       1       3       3       1
   0.34242467428932027E-001       2       3       3       1
   0.26950953501641433E-001       4       1       4       1
   0.35693115533742145E-001       4       2       4       1
   0.15357853437695509E-001       1       4       4       1
   0.34242467428932014E-001       2       4       4       1
   0.26950953501641433E-001       5       1       5       1
   0.35693115533742131E-001       5       2       5       1
   0.15357853437695509E-001       1       5       5       1
   0.34242467428931986E-001       2       5       5       1
  -0.15394671303243410            1       1       1       2
   0.45807397058206217E-001       2       1       1       2
   0.10789671698190034E-001       1       2       1       2
  -0.32069172543737895E-001       2       2       1       2
  -0.26252306795563174E-001       3       3       1       2
  -0.26252306795563157E-001       4       4       1       2
  -0.26252306795563167E-001       5       5       1       2
   0.56692000142346877            1       1       2       2
   0.38916668870676244E-002       2       1       2       2
  -0.32069172543737895E-001       1       2       2       2
   0.39871902864009406            2       2       2       2
   0.40370021919769999            3       3       2       2
   0.40370021919770005            4       4       2       2
   0.40370021919770005            5       5       2       2
   0.35693115533742159E-001       3       1       3       2
   0.90688097154620492E-001       3       2       3       2
   0.50368877341846231E-002       1       3       3       2
   0.83419720313658408E-001       2       3       3       2
   0.35693115533742145E-001       4       1       4       2
   0.90688097154620492E-001       4       2       4       2
   0.50368877341846266E-002       1       4       4       2
   0.83419720313658421E-001       2       4       4       2
   0.35693115533742131E-001       5       1       5       2
   0.90688097154620478E-001       5       2       5       2
   0.50368877341846353E-002       1       5       5       2
   0.83419720313658408E-001       2       5       5       2
   0.15357853437695508E-001       3       1       1       3
   0.50368877341846231E-002       3       2       1       3
   0.37647533737495843E-002       1       3       1       3
   0.35862396293745193E-002       2       3       1       3
   0.34242467428932027E-001       3       1       2       3
   0.83419720313658408E-001       3       2       2       3
   0.35862396293745193E-002       1       3       2       3
   0.76151343472696337E-001       2       3       2       3
   0.55722787962272990            1       1       3       3
   0.11263371120818360E-001       2       1       3       3
  -0.26252306795563174E-001       1       2       3       3
   0.40370021919769999            2       2       3       3
   0.44136929857221269            3       3       3       3
   0.39587977337256497            4       4       3       3
   0.39587977337256497            5       5       3       3
   0.22747104881687328E-001       4       3       4       3
   0.22747104881687328E-001       3       4       4       3
   0.22747104881687314E-001       5       3       5       3
   0.22747104881687318E-001       3       5       5       3
   0.15357853437695509E-001       4       1       1       4
   0.50368877341846266E-002       4       2       1       4
   0.37647533737495843E-002       1       4       1       4
   0.35862396293745227E-002       2       4       1       4
   0.34242467428932014E-001       4       1       2       4
   0.83419720313658421E-001       4       2       2       4
   0.35862396293745227E-002       1       4       2       4
   0.76151343472696351E-001       2       4       2       4
   0.22747104881687328E-001       4       3       3       4
   0.22747104881687324E-001       3       4       3       4
   0.55722787962272990            1       1       4       4
   0.11263371120818357E-001       2       1       4       4
  -0.26252306795563157E-001       1       2       4       4
   0.40370021919770005            2       2       4       4
   0.39587977337256497            3       3       4       4
   0.44136929857221269            4       4       4       4
   0.39587977337256497            5       5       4       4
   0.22747104881687314E-001       5       4       5       4
   0.22747104881687318E-001       4       5       5       4
   0.15357853437695509E-001       5       1       1       5
   0.50368877341846353E-002       5       2       1       5
   0.37647533737495877E-002       1       5       1       5
   0.35862396293745331E-002       2       5       1       5
   0.34242467428931986E-001       5       1       2       5
   0.83419720313658408E-001       5       2       2       5
   0.35862396293745331E-002       1       5       2       5
   0.76151343472696351E-001       2       5       2       5
   0.22747104881687318E-001       5       3       3       5
   0.22747104881687321E-001       3       5       3       5
   0.22747104881687318E-001       5       4       4       5
   0.22747104881687324E-001       4       5       4       5
   0.55722787962272990            1       1       5       5
   0.11263371120818370E-001       2       1       5       5
  -0.26252306795563167E-001       1       2       5       5
   0.40370021919770005            2       2       5       5
   0.39587977337256497            3       3       5       5
   0.39587977337256497            4       4       5       5
   0.44136929857221274            5       5       5       5
   -7.9386904782583461            1       1       0       0
   0.27373827558496483            1       2       0       0
   0.27373827558496483            2       1       0       0
   -1.7707398690821512            2       2       0       0
   -1.6387199825711352            3       3       0       0
   -1.6387199825711352            4       4       0       0
   -1.6387199825711352            5       5       0       0
    0.0000000000000000            0       0       0       0
