&FCI
 NORB=5,
 NELEC=4,
 MS2=0,
 ISYM=1,
 ORBSYM=1,1,1,1,1,
 ST=1,
 III=1,
 OCC=2,
 CLOSED=2,
 /
    2.2106789090895091            1       1       1       1
  -0.34797113032093613            2       1       1       1
  -0.15147969187246496            1       2       1       1
   0.56652019113548424            2       2       1       1
   0.55683984545227971            3       3       1       1
   0.55683984545227971            4       4       1       1
   0.55683984545227971            5       5       1       1
  -0.34797113032093613            1       1       2       1
   0.81290690497445528E-001       2       1       2       1
   0.45778141774198290E-001       1       2       2       1
   0.40845276038114862E-002       2       2       2       1
   0.11402341287734617E-001       3       3       2       1
   0.11402341287734617E-001       4       4       2       1
   0.11402341287734617E-001       5       5       2       1
   0.26959007969877588E-001       3       1       3       1
   0.36093628057806859E-001       3       2       3       1
   0.15356084301449625E-001       1       3       3       1
   0.34601014323877230E-001       2       3       3       1
   0.26959007969877588E-001       4       1       4       1
   0.36093628057806859E-001       4       2       4       1
   0.15356084301449625E-001       1       4       4       1
   0.34601014323877223E-001       2       4       4       1
   0.26959007969877588E-001       5       1       5       1
   0.36093628057806859E-001       5       2       5       1
   0.15356084301449621E-001       1       5       5       1
   0.34601014323877223E-001       2       5       5       1
  -0.15147969187246496            1       1       1       2
   0.45778141774198290E-001       2       1       1       2
   0.10265593050951059E-001       1       2       1       2
  -0.32276866125736985E-001       2       2       1       2
  -0.26408288415558468E-001       3       3       1       2
  -0.26408288415558485E-001       4       4       1       2
  -0.26408288415558510E-001       5       5       1       2
   0.56652019113548424            1       1       2       2
   0.40845276038114862E-002       2       1       2       2
  -0.32276866125736985E-001       1       2       2       2
   0.39816087500113662            2       2       2       2
   0.40314978861626771            3       3       2       2
   0.40314978861626771            4       4       2       2
   0.40314978861626771            5       5       2       2
   0.36093628057806859E-001       3       1       3       2
   0.90864178094807901E-001       3       2       3       2
   0.46016105638411776E-002       1       3       3       2
   0.83166761974287087E-001       2       3       3       2
   0.36093628057806859E-001       4       1       4       2
   0.90864178094807901E-001       4       2       4       2
   0.46016105638411846E-002       1       4       4       2
   0.83166761974287073E-001       2       4       4       2
   0.36093628057806859E-001       5       1       5       2
   0.90864178094807901E-001       5       2       5       2
   0.46016105638411950E-002       1       5       5       2
   0.83166761974287073E-001       2       5       5       2
   0.15356084301449625E-001       3       1       1       3
   0.46016105638411776E-002       3       2       1       3
   0.37531606330216630E-002       1       3       1       3
   0.31089968299115797E-002       2       3       1       3
   0.34601014323877230E-001       3       1       2       3
   0.83166761974287087E-001       3       2       2       3
   0.31089968299115797E-002       1       3       2       3
   0.75469345853766273E-001       2       3       2       3
   0.55683984545227971            1       1       3       3
   0.11402341287734617E-001       2       1       3       3
  -0.26408288415558468E-001       1       2       3       3
   0.40314978861626771            2       2       3       3
   0.44074423902022947            3       3       3       3
   0.39537786609620451            4       4       3       3
   0.39537786609620451            5       5       3       3
   0.22685453951127636E-001       4       3       4       3
   0.22685453951127636E-001       3       4       4       3
   0.22685453951127636E-001       5       3       5       3
   0.22685453951127640E-001       3       5       5       3
   0.15356084301449625E-001       4       1       1       4
   0.46016105638411846E-002       4       2       1       4
   0.37531606330216596E-002       1       4       1       4
   0.31089968299115867E-002       2       4       1       4
   0.34601014323877223E-001       4       1       2       4
   0.83166761974287073E-001       4       2       2       4
   0.31089968299115867E-002       1       4       2       4
   0.75469345853766259E-001       2       4       2       4
   0.22685453951127636E-001       4       3       3       4
   0.22685453951127640E-001       3       4       3       4
   0.55683984545227971            1       1       4       4
   0.11402341287734617E-001       2       1       4       4
  -0.26408288415558485E-001       1       2       4       4
   0.40314978861626771            2       2       4       4
   0.39537786609620451            3       3       4       4
   0.44074423902022947            4       4       4       4
   0.39537786609620451            5       5       4       4
   0.22685453951127640E-001       5       4       5       4
   0.22685453951127643E-001       4       5       5       4
   0.15356084301449621E-001       5       1       1       5
   0.46016105638411950E-002       5       2       1       5
   0.37531606330216544E-002       1       5       1       5
   0.31089968299115971E-002       2       5       1       5
   0.34601014323877223E-001       5       1       2       5
   0.83166761974287073E-001       5       2       2       5
   0.31089968299115971E-002       1       5       2       5
   0.75469345853766245E-001       2       5       2       5
   0.22685453951127640E-001       5       3       3       5
   0.22685453951127643E-001       3       5       3       5
   0.22685453951127643E-001       5       4       4       5
   0.22685453951127643E-001       4       5       4       5
   0.55683984545227971            1       1       5       5
   0.11402341287734617E-001       2       1       5       5
  -0.26408288415558510E-001       1       2       5       5
   0.40314978861626771            2       2       5       5
   0.39537786609620451            3       3       5       5
   0.39537786609620451            4       4       5       5
   0.44074423902022952            5       5       5       5
   -7.9386904782583461            1       1       0       0
   0.27373827558496483            1       2       0       0
   0.27373827558496483            2       1       0       0
   -1.7707398690821512            2       2       0       0
   -1.6387199825711352            3       3       0       0
   -1.6387199825711352            4       4       0       0
   -1.6387199825711352            5       5       0       0
    0.0000000000000000            0       0       0       0
