&FCI
 NORB=5,
 NELEC=4,
 MS2=0,
 ISYM=1,
 ORBSYM=1,1,1,1,1,
 ST=1,
 III=1,
 OCC=2,
 CLOSED=2,
 /
    2.2104088798168484            1       1       1       1
  -0.34824489133014913            2       1       1       1
  -0.15115163186326747            1       2       1       1
   0.56592396352162566            2       2       1       1
   0.55628172206286075            3       3       1       1
   0.55628172206286075            4       4       1       1
   0.55628172206286075            5       5       1       1
  -0.34824489133014913            1       1       2       1
   0.81207471823663085E-001       2       1       2       1
   0.45767788315711488E-001       1       2       2       1
   0.42221140576700813E-002       2       2       2       1
   0.11485575600184320E-001       3       3       2       1
   0.11485575600184289E-001       4       4       2       1
   0.11485575600184279E-001       5       5       2       1
   0.27017911565000923E-001       3       1       3       1
   0.36081947089370160E-001       3       2       3       1
   0.15348753564076202E-001       1       3       3       1
   0.34589138768103503E-001       2       3       3       1
   0.27017911565000913E-001       4       1       4       1
   0.36081947089370146E-001       4       2       4       1
   0.15348753564076192E-001       1       4       4       1
   0.34589138768103489E-001       2       4       4       1
   0.27017911565000909E-001       5       1       5       1
   0.36081947089370139E-001       5       2       5       1
   0.15348753564076188E-001       1       5       5       1
   0.34589138768103475E-001       2       5       5       1
  -0.15115163186326747            1       1       1       2
   0.45767788315711488E-001       2       1       1       2
   0.10328104807759877E-001       1       2       1       2
  -0.32307640253111634E-001       2       2       1       2
  -0.26399404026685842E-001       3       3       1       2
  -0.26399404026685846E-001       4       4       1       2
  -0.26399404026685842E-001       5       5       1       2
   0.56592396352162566            1       1       2       2
   0.42221140576700813E-002       2       1       2       2
  -0.32307640253111634E-001       1       2       2       2
   0.39753875485014550            2       2       2       2
   0.40255714232665485            3       3       2       2
   0.40255714232665485            4       4       2       2
   0.40255714232665485            5       5       2       2
   0.36081947089370160E-001       3       1       3       2
   0.90798329588300308E-001       3       2       3       2
   0.45667250972999673E-002       1       3       3       2
   0.83122272503622002E-001       2       3       3       2
   0.36081947089370146E-001       4       1       4       2
   0.90798329588300322E-001       4       2       4       2
   0.45667250972999465E-002       1       4       4       2
   0.83122272503622002E-001       2       4       4       2
   0.36081947089370139E-001       5       1       5       2
   0.90798329588300322E-001       5       2       5       2
   0.45667250972999639E-002       1       5       5       2
   0.83122272503622002E-001       2       5       5       2
   0.15348753564076202E-001       3       1       1       3
   0.45667250972999673E-002       3       2       1       3
   0.36795955631514811E-002       1       3       1       3
   0.30739167760333447E-002       2       3       1       3
   0.34589138768103503E-001       3       1       2       3
   0.83122272503622002E-001       3       2       2       3
   0.30739167760333447E-002       1       3       2       3
   0.75446215418943696E-001       2       3       2       3
   0.55628172206286075            1       1       3       3
   0.11485575600184320E-001       2       1       3       3
  -0.26399404026685842E-001       1       2       3       3
   0.40255714232665485            2       2       3       3
   0.44014090526694394            3       3       3       3
   0.39482999182903483            4       4       3       3
   0.39482999182903483            5       5       3       3
   0.22657799198696486E-001       4       3       4       3
   0.22657799198696486E-001       3       4       4       3
   0.22657799198696482E-001       5       3       5       3
   0.22657799198696486E-001       3       5       5       3
   0.15348753564076192E-001       4       1       1       4
   0.45667250972999465E-002       4       2       1       4
   0.36795955631514689E-002       1       4       1       4
   0.30739167760333239E-002       2       4       1       4
   0.34589138768103489E-001       4       1       2       4
   0.83122272503622002E-001       4       2       2       4
   0.30739167760333239E-002       1       4       2       4
   0.75446215418943682E-001       2       4       2       4
   0.22657799198696486E-001       4       3       3       4
   0.22657799198696486E-001       3       4       3       4
   0.55628172206286075            1       1       4       4
   0.11485575600184289E-001       2       1       4       4
  -0.26399404026685846E-001       1       2       4       4
   0.40255714232665485            2       2       4       4
   0.39482999182903483            3       3       4       4
   0.44014090526694388            4       4       4       4
   0.39482999182903483            5       5       4       4
   0.22657799198696486E-001       5       4       5       4
   0.22657799198696486E-001       4       5       5       4
   0.15348753564076188E-001       5       1       1       5
   0.45667250972999639E-002       5       2       1       5
   0.36795955631514689E-002       1       5       1       5
   0.30739167760333412E-002       2       5       1       5
   0.34589138768103475E-001       5       1       2       5
   0.83122272503622002E-001       5       2       2       5
   0.30739167760333412E-002       1       5       2       5
   0.75446215418943682E-001       2       5       2       5
   0.22657799198696486E-001       5       3       3       5
   0.22657799198696486E-001       3       5       3       5
   0.22657799198696486E-001       5       4       4       5
   0.22657799198696486E-001       4       5       4       5
   0.55628172206286075            1       1       5       5
   0.11485575600184279E-001       2       1       5       5
  -0.26399404026685842E-001       1       2       5       5
   0.40255714232665485            2       2       5       5
   0.39482999182903483            3       3       5       5
   0.39482999182903483            4       4       5       5
   0.44014090526694394            5       5       5       5
   -7.9386904782583461            1       1       0       0
   0.27373827558496483            1       2       0       0
   0.27373827558496483            2       1       0       0
   -1.7707398690821512            2       2       0       0
   -1.6387199825711352            3       3       0       0
   -1.6387199825711352            4       4       0       0
   -1.6387199825711352            5       5       0       0
    0.0000000000000000            0       0       0       0
