&FCI
 NORB=5,
 NELEC=4,
 MS2=0,
 ISYM=1,
 ORBSYM=1,1,1,1,1,
 ST=1,
 III=1,
 OCC=2,
 CLOSED=2,
 /
    2.2129134806629702            1       1       1       1
  -0.34576210780769068            2       1       1       1
  -0.15443775721372954            1       2       1       1
   0.56713471936266913            2       2       1       1
   0.55737774072083168            3       3       1       1
   0.55737774072083168            4       4       1       1
   0.55737774072083168            5       5       1       1
  -0.34576210780769068            1       1       2       1
   0.80793243725888114E-001       2       1       2       1
   0.45847678691834662E-001       1       2       2       1
   0.28174411621882615E-002       2       2       2       1
   0.10278918458667817E-001       3       3       2       1
   0.10278918458667796E-001       4       4       2       1
   0.10278918458667800E-001       5       5       2       1
   0.27095893462514439E-001       3       1       3       1
   0.36246712950861959E-001       3       2       3       1
   0.15353717205599722E-001       1       3       3       1
   0.34752255218909511E-001       2       3       3       1
   0.27095893462514432E-001       4       1       4       1
   0.36246712950861945E-001       4       2       4       1
   0.15353717205599719E-001       1       4       4       1
   0.34752255218909504E-001       2       4       4       1
   0.27095893462514439E-001       5       1       5       1
   0.36246712950861931E-001       5       2       5       1
   0.15353717205599721E-001       1       5       5       1
   0.34752255218909497E-001       2       5       5       1
  -0.15443775721372954            1       1       1       2
   0.45847678691834662E-001       2       1       1       2
   0.10902113657781209E-001       1       2       1       2
  -0.31127429722043368E-001       2       2       1       2
  -0.25376335619332301E-001       3       3       1       2
  -0.25376335619332280E-001       4       4       1       2
  -0.25376335619332273E-001       5       5       1       2
   0.56713471936266913            1       1       2       2
   0.28174411621882615E-002       2       1       2       2
  -0.31127429722043368E-001       1       2       2       2
   0.39881031050738386            2       2       2       2
   0.40376592465126515            3       3       2       2
   0.40376592465126515            4       4       2       2
   0.40376592465126515            5       5       2       2
   0.36246712950861959E-001       3       1       3       2
   0.91288247799122146E-001       3       2       3       2
   0.45398028847242235E-002       1       3       3       2
   0.83560827292839174E-001       2       3       3       2
   0.36246712950861945E-001       4       1       4       2
   0.91288247799122146E-001       4       2       4       2
   0.45398028847241992E-002       1       4       4       2
   0.83560827292839160E-001       2       4       4       2
   0.36246712950861931E-001       5       1       5       2
   0.91288247799122132E-001       5       2       5       2
   0.45398028847241853E-002       1       5       5       2
   0.83560827292839160E-001       2       5       5       2
   0.15353717205599722E-001       3       1       1       3
   0.45398028847242235E-002       3       2       1       3
   0.36115409486850037E-002       1       3       1       3
   0.30453451527718139E-002       2       3       1       3
   0.34752255218909511E-001       3       1       2       3
   0.83560827292839174E-001       3       2       2       3
   0.30453451527718139E-002       1       3       2       3
   0.75833406786556215E-001       2       3       2       3
   0.55737774072083168            1       1       3       3
   0.10278918458667817E-001       2       1       3       3
  -0.25376335619332301E-001       1       2       3       3
   0.40376592465126515            2       2       3       3
   0.44147471021831469            3       3       3       3
   0.39589233390115219            4       4       3       3
   0.39589233390115219            5       5       3       3
   0.22793485192001309E-001       4       3       4       3
   0.22793485192001309E-001       3       4       4       3
   0.22793485192001306E-001       5       3       5       3
   0.22793485192001306E-001       3       5       5       3
   0.15353717205599719E-001       4       1       1       4
   0.45398028847241992E-002       4       2       1       4
   0.36115409486850037E-002       1       4       1       4
   0.30453451527717897E-002       2       4       1       4
   0.34752255218909504E-001       4       1       2       4
   0.83560827292839160E-001       4       2       2       4
   0.30453451527717897E-002       1       4       2       4
   0.75833406786556187E-001       2       4       2       4
   0.22793485192001309E-001       4       3       3       4
   0.22793485192001309E-001       3       4       3       4
   0.55737774072083168            1       1       4       4
   0.10278918458667796E-001       2       1       4       4
  -0.25376335619332280E-001       1       2       4       4
   0.40376592465126515            2       2       4       4
   0.39589233390115219            3       3       4       4
   0.44147471021831469            4       4       4       4
   0.39589233390115219            5       5       4       4
   0.22793485192001309E-001       5       4       5       4
   0.22793485192001306E-001       4       5       5       4
   0.15353717205599721E-001       5       1       1       5
   0.45398028847241853E-002       5       2       1       5
   0.36115409486850020E-002       1       5       1       5
   0.30453451527717758E-002       2       5       1       5
   0.34752255218909497E-001       5       1       2       5
   0.83560827292839160E-001       5       2       2       5
   0.30453451527717758E-002       1       5       2       5
   0.75833406786556173E-001       2       5       2       5
   0.22793485192001306E-001       5       3       3       5
   0.22793485192001306E-001       3       5       3       5
   0.22793485192001306E-001       5       4       4       5
   0.22793485192001306E-001       4       5       4       5
   0.55737774072083168            1       1       5       5
   0.10278918458667800E-001       2       1       5       5
  -0.25376335619332273E-001       1       2       5       5
   0.40376592465126515            2       2       5       5
   0.39589233390115219            3       3       5       5
   0.39589233390115219            4       4       5       5
   0.44147471021831475            5       5       5       5
   -7.9386904782583461            1       1       0       0
   0.27373827558496483            1       2       0       0
   0.27373827558496483            2       1       0       0
   -1.7707398690821512            2       2       0       0
   -1.6387199825711352            3       3       0       0
   -1.6387199825711352            4       4       0       0
   -1.6387199825711352            5       5       0       0
    0.0000000000000000            0       0       0       0
