&FCI
 NORB=5,
 NELEC=4,
 MS2=0,
 ISYM=1,
 ORBSYM=1,1,1,1,1,
 ST=1,
 III=1,
 OCC=2,
 CLOSED=2,
 /
    2.2126504109582226            1       1       1       1
  -0.34703642136759710            2       1       1       1
  -0.15321792834213019            1       2       1       1
   0.56677901930275065            2       2       1       1
   0.55701446075178906            3       3       1       1
   0.55701446075178918            4       4       1       1
   0.55701446075178918            5       5       1       1
  -0.34703642136759710            1       1       2       1
   0.81105344843148353E-001       2       1       2       1
   0.45858278303478106E-001       1       2       2       1
   0.38912727147574367E-002       2       2       2       1
   0.11265339581301357E-001       3       3       2       1
   0.11265339581301350E-001       4       4       2       1
   0.11265339581301357E-001       5       5       2       1
   0.27022717398498590E-001       3       1       3       1
   0.36572325883011493E-001       3       2       3       1
   0.15348855999101251E-001       1       3       3       1
   0.35044308657433250E-001       2       3       3       1
   0.27022717398498583E-001       4       1       4       1
   0.36572325883011486E-001       4       2       4       1
   0.15348855999101241E-001       1       4       4       1
   0.35044308657433243E-001       2       4       4       1
   0.27022717398498583E-001       5       1       5       1
   0.36572325883011472E-001       5       2       5       1
   0.15348855999101241E-001       1       5       5       1
   0.35044308657433229E-001       2       5       5       1
  -0.15321792834213019            1       1       1       2
   0.45858278303478106E-001       2       1       1       2
   0.10611211763807867E-001       1       2       1       2
  -0.32262101185952290E-001       2       2       1       2
  -0.26411976839664855E-001       3       3       1       2
  -0.26411976839664817E-001       4       4       1       2
  -0.26411976839664810E-001       5       5       1       2
   0.56677901930275065            1       1       2       2
   0.38912727147574367E-002       2       1       2       2
  -0.32262101185952290E-001       1       2       2       2
   0.39775722816861925            2       2       2       2
   0.40274788635913356            3       3       2       2
   0.40274788635913350            4       4       2       2
   0.40274788635913350            5       5       2       2
   0.36572325883011493E-001       3       1       3       2
   0.91155286249340634E-001       3       2       3       2
   0.41558330627718860E-002       1       3       3       2
   0.83170484279528958E-001       2       3       3       2
   0.36572325883011486E-001       4       1       4       2
   0.91155286249340634E-001       4       2       4       2
   0.41558330627718860E-002       1       4       4       2
   0.83170484279528958E-001       2       4       4       2
   0.36572325883011472E-001       5       1       5       2
   0.91155286249340634E-001       5       2       5       2
   0.41558330627718965E-002       1       5       5       2
   0.83170484279528972E-001       2       5       5       2
   0.15348855999101251E-001       3       1       1       3
   0.41558330627718860E-002       3       2       1       3
   0.36749945997039124E-002       1       3       1       3
   0.26278158371936776E-002       2       3       1       3
   0.35044308657433250E-001       3       1       2       3
   0.83170484279528958E-001       3       2       2       3
   0.26278158371936776E-002       1       3       2       3
   0.75185682309717283E-001       2       3       2       3
   0.55701446075178906            1       1       3       3
   0.11265339581301357E-001       2       1       3       3
  -0.26411976839664855E-001       1       2       3       3
   0.40274788635913356            2       2       3       3
   0.44029731058292526            3       3       3       3
   0.39500644403687724            4       4       3       3
   0.39500644403687724            5       5       3       3
   0.22647698171727352E-001       4       3       4       3
   0.22647698171727352E-001       3       4       4       3
   0.22647698171727355E-001       5       3       5       3
   0.22647698171727359E-001       3       5       5       3
   0.15348855999101241E-001       4       1       1       4
   0.41558330627718860E-002       4       2       1       4
   0.36749945997038985E-002       1       4       1       4
   0.26278158371936776E-002       2       4       1       4
   0.35044308657433243E-001       4       1       2       4
   0.83170484279528958E-001       4       2       2       4
   0.26278158371936776E-002       1       4       2       4
   0.75185682309717283E-001       2       4       2       4
   0.22647698171727352E-001       4       3       3       4
   0.22647698171727352E-001       3       4       3       4
   0.55701446075178918            1       1       4       4
   0.11265339581301350E-001       2       1       4       4
  -0.26411976839664817E-001       1       2       4       4
   0.40274788635913350            2       2       4       4
   0.39500644403687724            3       3       4       4
   0.44029731058292526            4       4       4       4
   0.39500644403687724            5       5       4       4
   0.22647698171727359E-001       5       4       5       4
   0.22647698171727362E-001       4       5       5       4
   0.15348855999101241E-001       5       1       1       5
   0.41558330627718965E-002       5       2       1       5
   0.36749945997039020E-002       1       5       1       5
   0.26278158371936880E-002       2       5       1       5
   0.35044308657433229E-001       5       1       2       5
   0.83170484279528972E-001       5       2       2       5
   0.26278158371936880E-002       1       5       2       5
   0.75185682309717311E-001       2       5       2       5
   0.22647698171727359E-001       5       3       3       5
   0.22647698171727366E-001       3       5       3       5
   0.22647698171727362E-001       5       4       4       5
   0.22647698171727366E-001       4       5       4       5
   0.55701446075178918            1       1       5       5
   0.11265339581301357E-001       2       1       5       5
  -0.26411976839664810E-001       1       2       5       5
   0.40274788635913350            2       2       5       5
   0.39500644403687724            3       3       5       5
   0.39500644403687724            4       4       5       5
   0.44029731058292526            5       5       5       5
   -7.9386904782583461            1       1       0       0
   0.27373827558496483            1       2       0       0
   0.27373827558496483            2       1       0       0
   -1.7707398690821512            2       2       0       0
   -1.6387199825711352            3       3       0       0
   -1.6387199825711352            4       4       0       0
   -1.6387199825711352            5       5       0       0
    0.0000000000000000            0       0       0       0
