&FCI
 NORB=5,
 NELEC=4,
 MS2=0,
 ISYM=1,
 ORBSYM=1,1,1,1,1,
 ST=1,
 III=1,
 OCC=2,
 CLOSED=2,
 /
    2.2113534247883226            1       1       1       1
  -0.34686285994553900            2       1       1       1
  -0.15279506845257063            1       2       1       1
   0.56668127919285860            2       2       1       1
   0.55698420620353006            3       3       1       1
   0.55698420620353006            4       4       1       1
   0.55698420620352995            5       5       1       1
  -0.34686285994553900            1       1       2       1
   0.81483939867313393E-001       2       1       2       1
   0.45819406920953119E-001       1       2       2       1
   0.44231956304077360E-002       2       2       2       1
   0.11860109684354126E-001       3       3       2       1
   0.11860109684354161E-001       4       4       2       1
   0.11860109684354147E-001       5       5       2       1
   0.26791624032831404E-001       3       1       3       1
   0.35503073032272098E-001       3       2       3       1
   0.15349191947734334E-001       1       3       3       1
   0.34066465728804660E-001       2       3       3       1
   0.26791624032831401E-001       4       1       4       1
   0.35503073032272098E-001       4       2       4       1
   0.15349191947734330E-001       1       4       4       1
   0.34066465728804660E-001       2       4       4       1
   0.26791624032831397E-001       5       1       5       1
   0.35503073032272084E-001       5       2       5       1
   0.15349191947734328E-001       1       5       5       1
   0.34066465728804639E-001       2       5       5       1
  -0.15279506845257063            1       1       1       2
   0.45819406920953119E-001       2       1       1       2
   0.10154873974592853E-001       1       2       1       2
  -0.32521430482425097E-001       2       2       1       2
  -0.26750940811999458E-001       3       3       1       2
  -0.26750940811999455E-001       4       4       1       2
  -0.26750940811999458E-001       5       5       1       2
   0.56668127919285860            1       1       2       2
   0.44231956304077360E-002       2       1       2       2
  -0.32521430482425097E-001       1       2       2       2
   0.39857803157603855            2       2       2       2
   0.40357277742141828            3       3       2       2
   0.40357277742141834            4       4       2       2
   0.40357277742141828            5       5       2       2
   0.35503073032272098E-001       3       1       3       2
   0.90615089132693019E-001       3       2       3       2
   0.51793063300693363E-002       1       3       3       2
   0.83280428071297069E-001       2       3       3       2
   0.35503073032272098E-001       4       1       4       2
   0.90615089132693019E-001       4       2       4       2
   0.51793063300693051E-002       1       4       4       2
   0.83280428071297069E-001       2       4       4       2
   0.35503073032272084E-001       5       1       5       2
   0.90615089132693005E-001       5       2       5       2
   0.51793063300692964E-002       1       5       5       2
   0.83280428071297069E-001       2       5       5       2
   0.15349191947734334E-001       3       1       1       3
   0.51793063300693363E-002       3       2       1       3
   0.39067598626372647E-002       1       3       1       3
   0.37426990266019311E-002       2       3       1       3
   0.34066465728804660E-001       3       1       2       3
   0.83280428071297069E-001       3       2       2       3
   0.37426990266019311E-002       1       3       2       3
   0.75945767009901133E-001       2       3       2       3
   0.55698420620353006            1       1       3       3
   0.11860109684354126E-001       2       1       3       3
  -0.26750940811999458E-001       1       2       3       3
   0.40357277742141828            2       2       3       3
   0.44120499599313651            3       3       3       3
   0.39579643106741097            4       4       3       3
   0.39579643106741097            5       5       3       3
   0.22706571187484183E-001       4       3       4       3
   0.22706571187484183E-001       3       4       4       3
   0.22706571187484176E-001       5       3       5       3
   0.22706571187484172E-001       3       5       5       3
   0.15349191947734330E-001       4       1       1       4
   0.51793063300693051E-002       4       2       1       4
   0.39067598626372595E-002       1       4       1       4
   0.37426990266018999E-002       2       4       1       4
   0.34066465728804660E-001       4       1       2       4
   0.83280428071297069E-001       4       2       2       4
   0.37426990266018999E-002       1       4       2       4
   0.75945767009901133E-001       2       4       2       4
   0.22706571187484183E-001       4       3       3       4
   0.22706571187484183E-001       3       4       3       4
   0.55698420620353006            1       1       4       4
   0.11860109684354161E-001       2       1       4       4
  -0.26750940811999455E-001       1       2       4       4
   0.40357277742141834            2       2       4       4
   0.39579643106741097            3       3       4       4
   0.44120499599313651            4       4       4       4
   0.39579643106741097            5       5       4       4
   0.22706571187484172E-001       5       4       5       4
   0.22706571187484176E-001       4       5       5       4
   0.15349191947734328E-001       5       1       1       5
   0.51793063300692964E-002       5       2       1       5
   0.39067598626372595E-002       1       5       1       5
   0.37426990266018895E-002       2       5       1       5
   0.34066465728804639E-001       5       1       2       5
   0.83280428071297069E-001       5       2       2       5
   0.37426990266018895E-002       1       5       2       5
   0.75945767009901119E-001       2       5       2       5
   0.22706571187484172E-001       5       3       3       5
   0.22706571187484172E-001       3       5       3       5
   0.22706571187484176E-001       5       4       4       5
   0.22706571187484176E-001       4       5       4       5
   0.55698420620352995            1       1       5       5
   0.11860109684354147E-001       2       1       5       5
  -0.26750940811999458E-001       1       2       5       5
   0.40357277742141828            2       2       5       5
   0.39579643106741097            3       3       5       5
   0.39579643106741097            4       4       5       5
   0.44120499599313656            5       5       5       5
   -7.9386904782583461            1       1       0       0
   0.27373827558496483            1       2       0       0
   0.27373827558496483            2       1       0       0
   -1.7707398690821512            2       2       0       0
   -1.6387199825711352            3       3       0       0
   -1.6387199825711352            4       4       0       0
   -1.6387199825711352            5       5       0       0
    0.0000000000000000            0       0       0       0
