&FCI
 NORB=5,
 NELEC=4,
 MS2=0,
 ISYM=1,
 ORBSYM=1,1,1,1,1,
 ST=1,
 III=1,
 OCC=2,
 CLOSED=2,
 /
    2.2114158473297922            1       1       1       1
  -0.34678497615988246            2       1       1       1
  -0.15285950525721129            1       2       1       1
   0.56676334552458696            2       2       1       1
   0.55706850874383451            3       3       1       1
   0.55706850874383451            4       4       1       1
   0.55706850874383451            5       5       1       1
  -0.34678497615988246            1       1       2       1
   0.81087243364233730E-001       2       1       2       1
   0.45785726495709583E-001       1       2       2       1
   0.35617532735490367E-002       2       2       2       1
   0.10954704393253467E-001       3       3       2       1
   0.10954704393253481E-001       4       4       2       1
   0.10954704393253471E-001       5       5       2       1
   0.27128687712332233E-001       3       1       3       1
   0.36102620794119009E-001       3       2       3       1
   0.15352824183331209E-001       1       3       3       1
   0.34608034684982691E-001       2       3       3       1
   0.27128687712332247E-001       4       1       4       1
   0.36102620794119002E-001       4       2       4       1
   0.15352824183331216E-001       1       4       4       1
   0.34608034684982691E-001       2       4       4       1
   0.27128687712332247E-001       5       1       5       1
   0.36102620794118995E-001       5       2       5       1
   0.15352824183331219E-001       1       5       5       1
   0.34608034684982678E-001       2       5       5       1
  -0.15285950525721129            1       1       1       2
   0.45785726495709583E-001       2       1       1       2
   0.10484209627185430E-001       1       2       1       2
  -0.31856175879152945E-001       2       2       1       2
  -0.26061536480234130E-001       3       3       1       2
  -0.26061536480234165E-001       4       4       1       2
  -0.26061536480234168E-001       5       5       1       2
   0.56676334552458696            1       1       2       2
   0.35617532735490367E-002       2       1       2       2
  -0.31856175879152945E-001       1       2       2       2
   0.39823367241002111            2       2       2       2
   0.40320829219607751            3       3       2       2
   0.40320829219607751            4       4       2       2
   0.40320829219607751            5       5       2       2
   0.36102620794119009E-001       3       1       3       2
   0.90755058433112767E-001       3       2       3       2
   0.45971200743007874E-002       1       3       3       2
   0.83294806938412819E-001       2       3       3       2
   0.36102620794119002E-001       4       1       4       2
   0.90755058433112781E-001       4       2       4       2
   0.45971200743007805E-002       1       4       4       2
   0.83294806938412805E-001       2       4       4       2
   0.36102620794118995E-001       5       1       5       2
   0.90755058433112767E-001       5       2       5       2
   0.45971200743007909E-002       1       5       5       2
   0.83294806938412805E-001       2       5       5       2
   0.15352824183331209E-001       3       1       1       3
   0.45971200743007874E-002       3       2       1       3
   0.35769606543301826E-002       1       3       1       3
   0.31025339651645084E-002       2       3       1       3
   0.34608034684982691E-001       3       1       2       3
   0.83294806938412819E-001       3       2       2       3
   0.31025339651645084E-002       1       3       2       3
   0.75834555443712856E-001       2       3       2       3
   0.55706850874383451            1       1       3       3
   0.10954704393253467E-001       2       1       3       3
  -0.26061536480234130E-001       1       2       3       3
   0.40320829219607751            2       2       3       3
   0.44082720449455937            3       3       3       3
   0.39540314325018117            4       4       3       3
   0.39540314325018117            5       5       3       3
   0.22714182889994858E-001       4       3       4       3
   0.22714182889994858E-001       3       4       4       3
   0.22714182889994852E-001       5       3       5       3
   0.22714182889994852E-001       3       5       5       3
   0.15352824183331216E-001       4       1       1       4
   0.45971200743007805E-002       4       2       1       4
   0.35769606543301843E-002       1       4       1       4
   0.31025339651645015E-002       2       4       1       4
   0.34608034684982691E-001       4       1       2       4
   0.83294806938412805E-001       4       2       2       4
   0.31025339651645015E-002       1       4       2       4
   0.75834555443712842E-001       2       4       2       4
   0.22714182889994858E-001       4       3       3       4
   0.22714182889994858E-001       3       4       3       4
   0.55706850874383451            1       1       4       4
   0.10954704393253481E-001       2       1       4       4
  -0.26061536480234165E-001       1       2       4       4
   0.40320829219607751            2       2       4       4
   0.39540314325018117            3       3       4       4
   0.44082720449455937            4       4       4       4
   0.39540314325018117            5       5       4       4
   0.22714182889994852E-001       5       4       5       4
   0.22714182889994852E-001       4       5       5       4
   0.15352824183331219E-001       5       1       1       5
   0.45971200743007909E-002       5       2       1       5
   0.35769606543301913E-002       1       5       1       5
   0.31025339651645119E-002       2       5       1       5
   0.34608034684982678E-001       5       1       2       5
   0.83294806938412805E-001       5       2       2       5
   0.31025339651645119E-002       1       5       2       5
   0.75834555443712828E-001       2       5       2       5
   0.22714182889994852E-001       5       3       3       5
   0.22714182889994855E-001       3       5       3       5
   0.22714182889994852E-001       5       4       4       5
   0.22714182889994852E-001       4       5       4       5
   0.55706850874383451            1       1       5       5
   0.10954704393253471E-001       2       1       5       5
  -0.26061536480234168E-001       1       2       5       5
   0.40320829219607751            2       2       5       5
   0.39540314325018117            3       3       5       5
   0.39540314325018117            4       4       5       5
   0.44082720449455942            5       5       5       5
   -7.9386904782583461            1       1       0       0
   0.27373827558496483            1       2       0       0
   0.27373827558496483            2       1       0       0
   -1.7707398690821512            2       2       0       0
   -1.6387199825711352            3       3       0       0
   -1.6387199825711352            4       4       0       0
   -1.6387199825711352            5       5       0       0
    0.0000000000000000            0       0       0       0
