&FCI
 NORB=5,
 NELEC=4,
 MS2=0,
 ISYM=1,
 ORBSYM=1,1,1,1,1,
 ST=1,
 III=1,
 OCC=2,
 CLOSED=2,
 /
    2.2127496236591409            1       1       1       1
  -0.34559797809853765            2       1       1       1
  -0.15435841071974382            1       2       1       1
   0.56689288052845144            2       2       1       1
   0.55720530481389341            3       3       1       1
   0.55720530481389341            4       4       1       1
   0.55720530481389341            5       5       1       1
  -0.34559797809853765            1       1       2       1
   0.80718172278191364E-001       2       1       2       1
   0.45818090866045415E-001       1       2       2       1
   0.34823163864917562E-002       2       2       2       1
   0.10879836997823817E-001       3       3       2       1
   0.10879836997823817E-001       4       4       2       1
   0.10879836997823807E-001       5       5       2       1
   0.26969584792893790E-001       3       1       3       1
   0.36442386240516697E-001       3       2       3       1
   0.15357137168164423E-001       1       3       3       1
   0.34926422552986308E-001       2       3       3       1
   0.26969584792893797E-001       4       1       4       1
   0.36442386240516704E-001       4       2       4       1
   0.15357137168164427E-001       1       4       4       1
   0.34926422552986308E-001       2       4       4       1
   0.26969584792893801E-001       5       1       5       1
   0.36442386240516704E-001       5       2       5       1
   0.15357137168164423E-001       1       5       5       1
   0.34926422552986308E-001       2       5       5       1
  -0.15435841071974382            1       1       1       2
   0.45818090866045415E-001       2       1       1       2
   0.10918009453899466E-001       1       2       1       2
  -0.31761455005969011E-001       2       2       1       2
  -0.25961689512200535E-001       3       3       1       2
  -0.25961689512200542E-001       4       4       1       2
  -0.25961689512200532E-001       5       5       1       2
   0.56689288052845144            1       1       2       2
   0.34823163864917562E-002       2       1       2       2
  -0.31761455005969011E-001       1       2       2       2
   0.39843741128218491            2       2       2       2
   0.40341085691956752            3       3       2       2
   0.40341085691956752            4       4       2       2
   0.40341085691956752            5       5       2       2
   0.36442386240516697E-001       3       1       3       2
   0.91144679061388748E-001       3       2       3       2
   0.42973409734181379E-002       1       3       3       2
   0.83239032947323419E-001       2       3       3       2
   0.36442386240516704E-001       4       1       4       2
   0.91144679061388748E-001       4       2       4       2
   0.42973409734181484E-002       1       4       4       2
   0.83239032947323419E-001       2       4       4       2
   0.36442386240516704E-001       5       1       5       2
   0.91144679061388734E-001       5       2       5       2
   0.42973409734181345E-002       1       5       5       2
   0.83239032947323405E-001       2       5       5       2
   0.15357137168164423E-001       3       1       1       3
   0.42973409734181379E-002       3       2       1       3
   0.37446895434350529E-002       1       3       1       3
   0.27813772858877803E-002       2       3       1       3
   0.34926422552986308E-001       3       1       2       3
   0.83239032947323419E-001       3       2       2       3
   0.27813772858877803E-002       1       3       2       3
   0.75333386833258104E-001       2       3       2       3
   0.55720530481389341            1       1       3       3
   0.10879836997823817E-001       2       1       3       3
  -0.25961689512200535E-001       1       2       3       3
   0.40341085691956752            2       2       3       3
   0.44102396705613761            3       3       3       3
   0.39561154161160345            4       4       3       3
   0.39561154161160350            5       5       3       3
   0.22708347380745446E-001       4       3       4       3
   0.22708347380745446E-001       3       4       4       3
   0.22708347380745439E-001       5       3       5       3
   0.22708347380745439E-001       3       5       5       3
   0.15357137168164427E-001       4       1       1       4
   0.42973409734181484E-002       4       2       1       4
   0.37446895434350529E-002       1       4       1       4
   0.27813772858877907E-002       2       4       1       4
   0.34926422552986308E-001       4       1       2       4
   0.83239032947323419E-001       4       2       2       4
   0.27813772858877907E-002       1       4       2       4
   0.75333386833258090E-001       2       4       2       4
   0.22708347380745446E-001       4       3       3       4
   0.22708347380745442E-001       3       4       3       4
   0.55720530481389341            1       1       4       4
   0.10879836997823817E-001       2       1       4       4
  -0.25961689512200542E-001       1       2       4       4
   0.40341085691956752            2       2       4       4
   0.39561154161160345            3       3       4       4
   0.44102396705613767            4       4       4       4
   0.39561154161160350            5       5       4       4
   0.22708347380745439E-001       5       4       5       4
   0.22708347380745439E-001       4       5       5       4
   0.15357137168164423E-001       5       1       1       5
   0.42973409734181345E-002       5       2       1       5
   0.37446895434350477E-002       1       5       1       5
   0.27813772858877768E-002       2       5       1       5
   0.34926422552986308E-001       5       1       2       5
   0.83239032947323405E-001       5       2       2       5
   0.27813772858877768E-002       1       5       2       5
   0.75333386833258076E-001       2       5       2       5
   0.22708347380745439E-001       5       3       3       5
   0.22708347380745439E-001       3       5       3       5
   0.22708347380745439E-001       5       4       4       5
   0.22708347380745439E-001       4       5       4       5
   0.55720530481389341            1       1       5       5
   0.10879836997823807E-001       2       1       5       5
  -0.25961689512200532E-001       1       2       5       5
   0.40341085691956752            2       2       5       5
   0.39561154161160350            3       3       5       5
   0.39561154161160350            4       4       5       5
   0.44102396705613772            5       5       5       5
   -7.9386904782583461            1       1       0       0
   0.27373827558496483            1       2       0       0
   0.27373827558496483            2       1       0       0
   -1.7707398690821512            2       2       0       0
   -1.6387199825711352            3       3       0       0
   -1.6387199825711352            4       4       0       0
   -1.6387199825711352            5       5       0       0
    0.0000000000000000            0       0       0       0
