&FCI
 NORB=5,
 NELEC=4,
 MS2=0,
 ISYM=1,
 ORBSYM=1,1,1,1,1,
 ST=1,
 III=1,
 OCC=2,
 CLOSED=2,
 /
    2.2119165951565867            1       1       1       1
  -0.34738953685031509            2       1       1       1
  -0.15256555365646107            1       2       1       1
   0.56673299853410930            2       2       1       1
   0.55699636964437427            3       3       1       1
   0.55699636964437427            4       4       1       1
   0.55699636964437427            5       5       1       1
  -0.34738953685031509            1       1       2       1
   0.81049177962191327E-001       2       1       2       1
   0.45825829896175341E-001       1       2       2       1
   0.36227015227913145E-002       2       2       2       1
   0.10967359504615509E-001       3       3       2       1
   0.10967359504615477E-001       4       4       2       1
   0.10967359504615481E-001       5       5       2       1
   0.26956654126150410E-001       3       1       3       1
   0.36055670259379689E-001       3       2       3       1
   0.15350827595052807E-001       1       3       3       1
   0.34569515208965000E-001       2       3       3       1
   0.26956654126150417E-001       4       1       4       1
   0.36055670259379696E-001       4       2       4       1
   0.15350827595052813E-001       1       4       4       1
   0.34569515208965007E-001       2       4       4       1
   0.26956654126150413E-001       5       1       5       1
   0.36055670259379689E-001       5       2       5       1
   0.15350827595052810E-001       1       5       5       1
   0.34569515208965000E-001       2       5       5       1
  -0.15256555365646107            1       1       1       2
   0.45825829896175341E-001       2       1       1       2
   0.10602481830159369E-001       1       2       1       2
  -0.31903281121490823E-001       2       2       1       2
  -0.26042345459934196E-001       3       3       1       2
  -0.26042345459934189E-001       4       4       1       2
  -0.26042345459934200E-001       5       5       1       2
   0.56673299853410930            1       1       2       2
   0.36227015227913145E-002       2       1       2       2
  -0.31903281121490823E-001       1       2       2       2
   0.39818470019544172            2       2       2       2
   0.40316438376164532            3       3       2       2
   0.40316438376164537            4       4       2       2
   0.40316438376164532            5       5       2       2
   0.36055670259379689E-001       3       1       3       2
   0.90711493364775575E-001       3       2       3       2
   0.46379714200455828E-002       1       3       3       2
   0.83109659241037040E-001       2       3       3       2
   0.36055670259379696E-001       4       1       4       2
   0.90711493364775575E-001       4       2       4       2
   0.46379714200455967E-002       1       4       4       2
   0.83109659241037054E-001       2       4       4       2
   0.36055670259379689E-001       5       1       5       2
   0.90711493364775575E-001       5       2       5       2
   0.46379714200455897E-002       1       5       5       2
   0.83109659241037054E-001       2       5       5       2
   0.15350827595052807E-001       3       1       1       3
   0.46379714200455828E-002       3       2       1       3
   0.37450010639552035E-002       1       3       1       3
   0.31518163696309283E-002       2       3       1       3
   0.34569515208965000E-001       3       1       2       3
   0.83109659241037040E-001       3       2       2       3
   0.31518163696309283E-002       1       3       2       3
   0.75507825117298519E-001       2       3       2       3
   0.55699636964437427            1       1       3       3
   0.10967359504615509E-001       2       1       3       3
  -0.26042345459934196E-001       1       2       3       3
   0.40316438376164532            2       2       3       3
   0.44066894155729741            3       3       3       3
   0.39542589998770539            4       4       3       3
   0.39542589998770539            5       5       3       3
   0.22623752306649803E-001       4       3       4       3
   0.22623752306649807E-001       3       4       4       3
   0.22623752306649803E-001       5       3       5       3
   0.22623752306649807E-001       3       5       5       3
   0.15350827595052813E-001       4       1       1       4
   0.46379714200455967E-002       4       2       1       4
   0.37450010639552105E-002       1       4       1       4
   0.31518163696309456E-002       2       4       1       4
   0.34569515208965007E-001       4       1       2       4
   0.83109659241037054E-001       4       2       2       4
   0.31518163696309456E-002       1       4       2       4
   0.75507825117298519E-001       2       4       2       4
   0.22623752306649807E-001       4       3       3       4
   0.22623752306649807E-001       3       4       3       4
   0.55699636964437427            1       1       4       4
   0.10967359504615477E-001       2       1       4       4
  -0.26042345459934189E-001       1       2       4       4
   0.40316438376164537            2       2       4       4
   0.39542589998770539            3       3       4       4
   0.44066894155729747            4       4       4       4
   0.39542589998770539            5       5       4       4
   0.22623752306649803E-001       5       4       5       4
   0.22623752306649810E-001       4       5       5       4
   0.15350827595052810E-001       5       1       1       5
   0.46379714200455897E-002       5       2       1       5
   0.37450010639552105E-002       1       5       1       5
   0.31518163696309387E-002       2       5       1       5
   0.34569515208965000E-001       5       1       2       5
   0.83109659241037054E-001       5       2       2       5
   0.31518163696309387E-002       1       5       2       5
   0.75507825117298533E-001       2       5       2       5
   0.22623752306649807E-001       5       3       3       5
   0.22623752306649814E-001       3       5       3       5
   0.22623752306649810E-001       5       4       4       5
   0.22623752306649814E-001       4       5       4       5
   0.55699636964437427            1       1       5       5
   0.10967359504615481E-001       2       1       5       5
  -0.26042345459934200E-001       1       2       5       5
   0.40316438376164532            2       2       5       5
   0.39542589998770539            3       3       5       5
   0.39542589998770539            4       4       5       5
   0.44066894155729752            5       5       5       5
   -7.9386904782583461            1       1       0       0
   0.27373827558496483            1       2       0       0
   0.27373827558496483            2       1       0       0
   -1.7707398690821512            2       2       0       0
   -1.6387199825711352            3       3       0       0
   -1.6387199825711352            4       4       0       0
   -1.6387199825711352            5       5       0       0
    0.0000000000000000            0       0       0       0
