           5
  -0.31142214406650760E-001       1       1       1       1       1       1
   0.44781863559819560E-002       1       1       1       1       1       2
  -0.83046718101529421E-003       1       1       1       1       2       2
   0.39153747764622206E-005       1       1       1       1       3       3
   0.39153747764622926E-005       1       1       1       1       4       4
   0.39153747764623654E-005       1       1       1       1       5       5
   0.18815088977235540E-003       1       1       1       2       2       2
  -0.11857865518074907E-004       1       1       1       2       3       3
  -0.11857865518074879E-004       1       1       1       2       4       4
  -0.11857865518074883E-004       1       1       1       2       5       5
   0.36832000787689872E-002       1       1       2       1       1       2
  -0.13647666241534476E-002       1       1       2       1       2       2
   0.11747063246569615E-003       1       1       2       1       3       3
   0.11747063246569600E-003       1       1       2       1       4       4
   0.11747063246569571E-003       1       1       2       1       5       5
   0.35374694586225077E-003       1       1       2       2       2       2
  -0.38877554957415112E-004       1       1       2       2       3       3
  -0.38877554957415187E-004       1       1       2       2       4       4
  -0.38877554957415153E-004       1       1       2       2       5       5
  -0.50571684879728628E-004       1       1       2       3       3       2
  -0.50571684879728682E-004       1       1       2       4       4       2
  -0.50571684879728682E-004       1       1       2       5       5       2
   0.34680105786323518E-002       1       1       3       1       1       3
  -0.13696233636909356E-002       1       1       3       1       2       3
   0.36505588706813171E-003       1       1       3       2       2       3
  -0.61759426894981241E-004       1       1       3       3       3       3
  -0.67495653644508586E-005       1       1       3       3       4       4
  -0.67495653644508535E-005       1       1       3       3       5       5
  -0.48258418703623372E-004       1       1       3       4       4       3
  -0.48258418703623379E-004       1       1       3       5       5       3
   0.34680105786323448E-002       1       1       4       1       1       4
  -0.13696233636909354E-002       1       1       4       1       2       4
   0.36505588706813171E-003       1       1       4       2       2       4
  -0.48258418703623399E-004       1       1       4       3       3       4
  -0.61759426894981268E-004       1       1       4       4       4       4
  -0.67495653644508535E-005       1       1       4       4       5       5
  -0.48258418703623372E-004       1       1       4       5       5       4
   0.34680105786323353E-002       1       1       5       1       1       5
  -0.13696233636909354E-002       1       1       5       1       2       5
   0.36505588706813182E-003       1       1       5       2       2       5
  -0.48258418703623393E-004       1       1       5       3       3       5
  -0.48258418703623365E-004       1       1       5       4       4       5
  -0.61759426894981309E-004       1       1       5       5       5       5
  -0.30347128607127309E-002       1       2       2       1       2       2
  -0.10186906895721495E-003       1       2       2       1       3       3
  -0.10186906895721492E-003       1       2       2       1       4       4
  -0.10186906895721694E-003       1       2       2       1       5       5
   0.50232351539054886E-003       1       2       2       2       2       2
  -0.43298546722667380E-004       1       2       2       2       3       3
  -0.43298546722667380E-004       1       2       2       2       4       4
  -0.43298546722667401E-004       1       2       2       2       5       5
  -0.62239743811292206E-004       1       2       2       3       2       3
  -0.62239743811292261E-004       1       2       2       4       2       4
  -0.62239743811292464E-004       1       2       2       5       2       5
  -0.32529184982470040E-002       1       2       3       1       2       3
   0.54986304929863586E-003       1       2       3       2       2       3
  -0.88442170669588276E-004       1       2       3       3       3       3
  -0.14327892988461093E-004       1       2       3       3       4       4
  -0.14327892988461073E-004       1       2       3       3       5       5
  -0.14327892988461099E-004       1       2       3       4       3       4
  -0.59776685855294133E-004       1       2       3       4       4       3
  -0.14327892988461099E-004       1       2       3       5       3       5
  -0.59776685855294241E-004       1       2       3       5       5       3
  -0.32529184982470006E-002       1       2       4       1       2       4
   0.54986304929863575E-003       1       2       4       2       2       4
  -0.59776685855294052E-004       1       2       4       3       3       4
  -0.88442170669588425E-004       1       2       4       4       4       4
  -0.14327892988461087E-004       1       2       4       4       5       5
  -0.14327892988461099E-004       1       2       4       5       4       5
  -0.59776685855294221E-004       1       2       4       5       5       4
  -0.32529184982470036E-002       1       2       5       1       2       5
   0.54986304929863596E-003       1       2       5       2       2       5
  -0.59776685855293991E-004       1       2       5       3       3       5
  -0.59776685855293991E-004       1       2       5       4       4       5
  -0.88442170669588425E-004       1       2       5       5       5       5
  -0.33882922529441741E-002       1       3       3       1       3       3
   0.63684572088913265E-004       1       3       3       1       4       4
   0.63684572088911992E-004       1       3       3       1       5       5
   0.57965790571811024E-003       1       3       3       2       3       3
  -0.14839288244320327E-004       1       3       3       2       4       4
  -0.14839288244320351E-004       1       3       3       2       5       5
  -0.35159384235990449E-002       1       3       4       1       3       4
   0.60935625241523522E-003       1       3       4       2       3       4
  -0.35159384235990505E-002       1       3       5       1       3       5
   0.60935625241523555E-003       1       3       5       2       3       5
  -0.33882922529441719E-002       1       4       4       1       4       4
   0.63684572088911978E-004       1       4       4       1       5       5
   0.57965790571811045E-003       1       4       4       2       4       4
  -0.14839288244320351E-004       1       4       4       2       5       5
  -0.35159384235990514E-002       1       4       5       1       4       5
   0.60935625241523566E-003       1       4       5       2       4       5
  -0.33882922529441788E-002       1       5       5       1       5       5
   0.57965790571811045E-003       1       5       5       2       5       5
  -0.60507362958189012E-003       2       2       2       2       2       2
  -0.11653023323089972E-003       2       2       2       2       3       3
  -0.11653023323089976E-003       2       2       2       2       4       4
  -0.11653023323090196E-003       2       2       2       2       5       5
  -0.52110644782584468E-003       2       2       3       2       2       3
  -0.23410465621988939E-003       2       2       3       3       3       3
  -0.71978671000912624E-004       2       2       3       3       4       4
  -0.71978671000912542E-004       2       2       3       3       5       5
  -0.89971110288987100E-004       2       2       3       4       4       3
  -0.89971110288989201E-004       2       2       3       5       5       3
  -0.52110644782584468E-003       2       2       4       2       2       4
  -0.89971110288987059E-004       2       2       4       3       3       4
  -0.23410465621988950E-003       2       2       4       4       4       4
  -0.71978671000912569E-004       2       2       4       4       5       5
  -0.89971110288989228E-004       2       2       4       5       5       4
  -0.52110644782584392E-003       2       2       5       2       2       5
  -0.89971110288986883E-004       2       2       5       3       3       5
  -0.89971110288986924E-004       2       2       5       4       4       5
  -0.23410465621989167E-003       2       2       5       5       5       5
  -0.46711827215967190E-003       2       3       3       2       3       3
  -0.24461208509020080E-004       2       3       3       2       4       4
  -0.24461208509021364E-004       2       3       3       2       5       5
  -0.41814042529087717E-003       2       3       4       2       3       4
  -0.41814042529087717E-003       2       3       5       2       3       5
  -0.46711827215967206E-003       2       4       4       2       4       4
  -0.24461208509021364E-004       2       4       4       2       5       5
  -0.41814042529087701E-003       2       4       5       2       4       5
  -0.46711827215967081E-003       2       5       5       2       5       5
  -0.48223147824993001E-003       3       3       3       3       3       3
  -0.38771747813878311E-004       3       3       3       3       4       4
  -0.38771747813879599E-004       3       3       3       3       5       5
  -0.32704456754482014E-003       3       3       4       3       3       4
  -0.38771747813878304E-004       3       3       4       4       4       4
  -0.19568004701751178E-004       3       3       4       4       5       5
   0.36529774361888652E-006       3       3       4       5       5       4
  -0.32704456754482089E-003       3       3       5       3       3       5
   0.36529774362020339E-006       3       3       5       4       4       5
  -0.38771747813879572E-004       3       3       5       5       5       5
  -0.32704456754482030E-003       3       4       4       3       4       4
   0.36529774361887974E-006       3       4       4       3       5       5
  -0.32775042189927823E-003       3       4       5       3       4       5
  -0.32704456754482057E-003       3       5       5       3       5       5
  -0.48223147824992985E-003       4       4       4       4       4       4
  -0.38771747813879585E-004       4       4       4       4       5       5
  -0.32704456754482095E-003       4       4       5       4       4       5
  -0.38771747813879565E-004       4       4       5       5       5       5
  -0.32704456754482052E-003       4       5       5       4       5       5
  -0.48223147824992871E-003       5       5       5       5       5       5
