           5
  -0.31647077882476768E-001       1       1       1       1       1       1
   0.44926963953971118E-002       1       1       1       1       1       2
  -0.81926544118531756E-003       1       1       1       1       2       2
   0.47913416899865013E-005       1       1       1       1       3       3
   0.47913416899866639E-005       1       1       1       1       4       4
   0.47913416899866453E-005       1       1       1       1       5       5
   0.18302224238228977E-003       1       1       1       2       2       2
  -0.11441991041907531E-004       1       1       1       2       3       3
  -0.11441991041907560E-004       1       1       1       2       4       4
  -0.11441991041907545E-004       1       1       1       2       5       5
   0.37616242937501426E-002       1       1       2       1       1       2
  -0.13581604534218001E-002       1       1       2       1       2       2
   0.12843405844222027E-003       1       1       2       1       3       3
   0.12843405844222033E-003       1       1       2       1       4       4
   0.12843405844222011E-003       1       1       2       1       5       5
   0.34992577069706276E-003       1       1       2       2       2       2
  -0.40479114097157730E-004       1       1       2       2       3       3
  -0.40479114097157689E-004       1       1       2       2       4       4
  -0.40479114097157642E-004       1       1       2       2       5       5
  -0.50004376328666157E-004       1       1       2       3       3       2
  -0.50004376328666245E-004       1       1       2       4       4       2
  -0.50004376328666218E-004       1       1       2       5       5       2
   0.35113754306599671E-002       1       1       3       1       1       3
  -0.13566159439071205E-002       1       1       3       1       2       3
   0.35966673682509949E-003       1       1       3       2       2       3
  -0.61202265072682460E-004       1       1       3       3       3       3
  -0.69357902700576976E-005       1       1       3       3       4       4
  -0.69357902700577086E-005       1       1       3       3       5       5
  -0.47328722664008846E-004       1       1       3       4       4       3
  -0.47328722664008846E-004       1       1       3       5       5       3
   0.35113754306599762E-002       1       1       4       1       1       4
  -0.13566159439071216E-002       1       1       4       1       2       4
   0.35966673682509976E-003       1       1       4       2       2       4
  -0.47328722664008785E-004       1       1       4       3       3       4
  -0.61202265072682501E-004       1       1       4       4       4       4
  -0.69357902700577111E-005       1       1       4       4       5       5
  -0.47328722664008785E-004       1       1       4       5       5       4
   0.35113754306599926E-002       1       1       5       1       1       5
  -0.13566159439071211E-002       1       1       5       1       2       5
   0.35966673682509976E-003       1       1       5       2       2       5
  -0.47328722664008772E-004       1       1       5       3       3       5
  -0.47328722664008846E-004       1       1       5       4       4       5
  -0.61202265072682419E-004       1       1       5       5       5       5
  -0.28462618700795164E-002       1       2       2       1       2       2
  -0.99229778357398142E-004       1       2       2       1       3       3
  -0.99229778357398006E-004       1       2       2       1       4       4
  -0.99229778357394700E-004       1       2       2       1       5       5
   0.49569042735533907E-003       1       2       2       2       2       2
  -0.45376744676030930E-004       1       2       2       2       3       3
  -0.45376744676030909E-004       1       2       2       2       4       4
  -0.45376744676030903E-004       1       2       2       2       5       5
  -0.63259229091037155E-004       1       2       2       3       2       3
  -0.63259229091037141E-004       1       2       2       4       2       4
  -0.63259229091036857E-004       1       2       2       5       2       5
  -0.30690237768752375E-002       1       2       3       1       2       3
   0.54220342310366137E-003       1       2       3       2       2       3
  -0.92000038071351451E-004       1       2       3       3       3       3
  -0.16263041659307941E-004       1       2       3       3       4       4
  -0.16263041659307961E-004       1       2       3       3       5       5
  -0.16263041659307938E-004       1       2       3       4       3       4
  -0.59464687661390333E-004       1       2       3       4       4       3
  -0.16263041659307978E-004       1       2       3       5       3       5
  -0.59464687661390042E-004       1       2       3       5       5       3
  -0.30690237768752388E-002       1       2       4       1       2       4
   0.54220342310366148E-003       1       2       4       2       2       4
  -0.59464687661390313E-004       1       2       4       3       3       4
  -0.92000038071351559E-004       1       2       4       4       4       4
  -0.16263041659307961E-004       1       2       4       4       5       5
  -0.16263041659307992E-004       1       2       4       5       4       5
  -0.59464687661390089E-004       1       2       4       5       5       4
  -0.30690237768752340E-002       1       2       5       1       2       5
   0.54220342310366105E-003       1       2       5       2       2       5
  -0.59464687661390279E-004       1       2       5       3       3       5
  -0.59464687661390360E-004       1       2       5       4       4       5
  -0.92000038071351369E-004       1       2       5       5       5       5
  -0.31896489648077751E-002       1       3       3       1       3       3
   0.77347932912497447E-004       1       3       3       1       4       4
   0.77347932912499561E-004       1       3       3       1       5       5
   0.56794122988918319E-003       1       3       3       2       3       3
  -0.16908118207324515E-004       1       3       3       2       4       4
  -0.16908118207324498E-004       1       3       3       2       5       5
  -0.33446072224536994E-002       1       3       4       1       3       4
   0.60177800792257782E-003       1       3       4       2       3       4
  -0.33446072224536942E-002       1       3       5       1       3       5
   0.60177800792257760E-003       1       3       5       2       3       5
  -0.31896489648077821E-002       1       4       4       1       4       4
   0.77347932912499628E-004       1       4       4       1       5       5
   0.56794122988918264E-003       1       4       4       2       4       4
  -0.16908118207324488E-004       1       4       4       2       5       5
  -0.33446072224536921E-002       1       4       5       1       4       5
   0.60177800792257739E-003       1       4       5       2       4       5
  -0.31896489648077699E-002       1       5       5       1       5       5
   0.56794122988918221E-003       1       5       5       2       5       5
  -0.62752158277162677E-003       2       2       2       2       2       2
  -0.10447429834332242E-003       2       2       2       2       3       3
  -0.10447429834332237E-003       2       2       2       2       4       4
  -0.10447429834331892E-003       2       2       2       2       5       5
  -0.53169367774424557E-003       2       2       3       2       2       3
  -0.24150087061175463E-003       2       2       3       3       3       3
  -0.85247371128027580E-004       2       2       3       3       4       4
  -0.85247371128027675E-004       2       2       3       3       5       5
  -0.70840131986470574E-004       2       2       3       4       4       3
  -0.70840131986467280E-004       2       2       3       5       5       3
  -0.53169367774424557E-003       2       2       4       2       2       4
  -0.70840131986470831E-004       2       2       4       3       3       4
  -0.24150087061175452E-003       2       2       4       4       4       4
  -0.85247371128027716E-004       2       2       4       4       5       5
  -0.70840131986467429E-004       2       2       4       5       5       4
  -0.53169367774424763E-003       2       2       5       2       2       5
  -0.70840131986470655E-004       2       2       5       3       3       5
  -0.70840131986470614E-004       2       2       5       4       4       5
  -0.24150087061175108E-003       2       2       5       5       5       5
  -0.47168307456611449E-003       2       3       3       2       3       3
  -0.27534047708656698E-004       2       3       3       2       4       4
  -0.27534047708654221E-004       2       3       3       2       5       5
  -0.41653701812559572E-003       2       3       4       2       3       4
  -0.41653701812559616E-003       2       3       5       2       3       5
  -0.47168307456611454E-003       2       4       4       2       4       4
  -0.27534047708654245E-004       2       4       4       2       5       5
  -0.41653701812559659E-003       2       4       5       2       4       5
  -0.47168307456611812E-003       2       5       5       2       5       5
  -0.49728441301297231E-003       3       3       3       3       3       3
  -0.45947351756048360E-004       3       3       3       3       4       4
  -0.45947351756045975E-004       3       3       3       3       5       5
  -0.31335099532952431E-003       3       3       4       3       3       4
  -0.45947351756048360E-004       3       3       4       4       4       4
  -0.25949259182649238E-004       3       3       4       4       5       5
   0.59543344147218656E-005       3       3       4       5       5       4
  -0.31335099532952399E-003       3       3       5       3       3       5
   0.59543344147194855E-005       3       3       5       4       4       5
  -0.45947351756045914E-004       3       3       5       5       5       5
  -0.31335099532952437E-003       3       4       4       3       4       4
   0.59543344147218478E-005       3       4       4       3       5       5
  -0.32521196427178975E-003       3       4       5       3       4       5
  -0.31335099532952594E-003       3       5       5       3       5       5
  -0.49728441301297220E-003       4       4       4       4       4       4
  -0.45947351756045975E-004       4       4       4       4       5       5
  -0.31335099532952404E-003       4       4       5       4       4       5
  -0.45947351756045921E-004       4       4       5       5       5       5
  -0.31335099532952594E-003       4       5       5       4       5       5
  -0.49728441301297817E-003       5       5       5       5       5       5
