           5
  -0.32831699118462093E-001       1       1       1       1       1       1
   0.47090140102208676E-002       1       1       1       1       1       2
  -0.87169120533253912E-003       1       1       1       1       2       2
   0.49408383960761865E-005       1       1       1       1       3       3
   0.49408383960763491E-005       1       1       1       1       4       4
   0.49408383960761679E-005       1       1       1       1       5       5
   0.19737738886687603E-003       1       1       1       2       2       2
  -0.11416648323103082E-004       1       1       1       2       3       3
  -0.11416648323103065E-004       1       1       1       2       4       4
  -0.11416648323103077E-004       1       1       1       2       5       5
   0.40191650148724825E-002       1       1       2       1       1       2
  -0.14207387942345492E-002       1       1       2       1       2       2
   0.12061883178975954E-003       1       1       2       1       3       3
   0.12061883178975939E-003       1       1       2       1       4       4
   0.12061883178975946E-003       1       1       2       1       5       5
   0.36613086990489854E-003       1       1       2       2       2       2
  -0.38407998788469059E-004       1       1       2       2       3       3
  -0.38407998788469140E-004       1       1       2       2       4       4
  -0.38407998788469113E-004       1       1       2       2       5       5
  -0.50514801789471985E-004       1       1       2       3       3       2
  -0.50514801789471965E-004       1       1       2       4       4       2
  -0.50514801789471965E-004       1       1       2       5       5       2
   0.37756592411500108E-002       1       1       3       1       1       3
  -0.14260189234928020E-002       1       1       3       1       2       3
   0.37831038474163132E-003       1       1       3       2       2       3
  -0.61729280698010887E-004       1       1       3       3       3       3
  -0.69959604378867765E-005       1       1       3       3       4       4
  -0.69959604378867782E-005       1       1       3       3       5       5
  -0.47735370315597451E-004       1       1       3       4       4       3
  -0.47735370315597431E-004       1       1       3       5       5       3
   0.37756592411500281E-002       1       1       4       1       1       4
  -0.14260189234928024E-002       1       1       4       1       2       4
   0.37831038474163132E-003       1       1       4       2       2       4
  -0.47735370315597451E-004       1       1       4       3       3       4
  -0.61729280698010820E-004       1       1       4       4       4       4
  -0.69959604378867833E-005       1       1       4       4       5       5
  -0.47735370315597444E-004       1       1       4       5       5       4
   0.37756592411500320E-002       1       1       5       1       1       5
  -0.14260189234928044E-002       1       1       5       1       2       5
   0.37831038474163138E-003       1       1       5       2       2       5
  -0.47735370315597451E-004       1       1       5       3       3       5
  -0.47735370315597424E-004       1       1       5       4       4       5
  -0.61729280698010820E-004       1       1       5       5       5       5
  -0.30053106827476412E-002       1       2       2       1       2       2
  -0.92016808491435280E-004       1       2       2       1       3       3
  -0.92016808491435389E-004       1       2       2       1       4       4
  -0.92016808491434521E-004       1       2       2       1       5       5
   0.51559266760115247E-003       1       2       2       2       2       2
  -0.44284948383997052E-004       1       2       2       2       3       3
  -0.44284948383997052E-004       1       2       2       2       4       4
  -0.44284948383997079E-004       1       2       2       2       5       5
  -0.63598392787135157E-004       1       2       2       3       2       3
  -0.63598392787135116E-004       1       2       2       4       2       4
  -0.63598392787135008E-004       1       2       2       5       2       5
  -0.32301769492632127E-002       1       2       3       1       2       3
   0.56449893457673965E-003       1       2       3       2       2       3
  -0.92524909891588666E-004       1       2       3       3       3       3
  -0.16802708526839805E-004       1       2       3       3       4       4
  -0.16802708526839812E-004       1       2       3       3       5       5
  -0.16802708526839798E-004       1       2       3       4       3       4
  -0.58909630810103820E-004       1       2       3       4       4       3
  -0.16802708526839819E-004       1       2       3       5       3       5
  -0.58909630810103732E-004       1       2       3       5       5       3
  -0.32301769492632136E-002       1       2       4       1       2       4
   0.56449893457673932E-003       1       2       4       2       2       4
  -0.58909630810103894E-004       1       2       4       3       3       4
  -0.92524909891588693E-004       1       2       4       4       4       4
  -0.16802708526839815E-004       1       2       4       4       5       5
  -0.16802708526839819E-004       1       2       4       5       4       5
  -0.58909630810103820E-004       1       2       4       5       5       4
  -0.32301769492632110E-002       1       2       5       1       2       5
   0.56449893457673921E-003       1       2       5       2       2       5
  -0.58909630810103915E-004       1       2       5       3       3       5
  -0.58909630810103921E-004       1       2       5       4       4       5
  -0.92524909891588653E-004       1       2       5       5       5       5
  -0.33451249281390761E-002       1       3       3       1       3       3
   0.85355214567924394E-004       1       3       3       1       4       4
   0.85355214567925017E-004       1       3       3       1       5       5
   0.59068192682299467E-003       1       3       3       2       3       3
  -0.18813792727971957E-004       1       3       3       2       4       4
  -0.18813792727971920E-004       1       3       3       2       5       5
  -0.35161032474155382E-002       1       3       4       1       3       4
   0.62833084182054673E-003       1       3       4       2       3       4
  -0.35161032474155360E-002       1       3       5       1       3       5
   0.62833084182054640E-003       1       3       5       2       3       5
  -0.33451249281390848E-002       1       4       4       1       4       4
   0.85355214567924977E-004       1       4       4       1       5       5
   0.59068192682299489E-003       1       4       4       2       4       4
  -0.18813792727971934E-004       1       4       4       2       5       5
  -0.35161032474155364E-002       1       4       5       1       4       5
   0.62833084182054651E-003       1       4       5       2       4       5
  -0.33451249281390813E-002       1       5       5       1       5       5
   0.59068192682299489E-003       1       5       5       2       5       5
  -0.60078433199628391E-003       2       2       2       2       2       2
  -0.11458111203558255E-003       2       2       2       2       3       3
  -0.11458111203558255E-003       2       2       2       2       4       4
  -0.11458111203558165E-003       2       2       2       2       5       5
  -0.50811998264864401E-003       2       2       3       2       2       3
  -0.25123695023954027E-003       2       2       3       3       3       3
  -0.86337020717281105E-004       2       2       3       3       4       4
  -0.86337020717281213E-004       2       2       3       3       5       5
  -0.78386721508437717E-004       2       2       3       4       4       3
  -0.78386721508436673E-004       2       2       3       5       5       3
  -0.50811998264864390E-003       2       2       4       2       2       4
  -0.78386721508437798E-004       2       2       4       3       3       4
  -0.25123695023954060E-003       2       2       4       4       4       4
  -0.86337020717281240E-004       2       2       4       4       5       5
  -0.78386721508436782E-004       2       2       4       5       5       4
  -0.50811998264864401E-003       2       2       5       2       2       5
  -0.78386721508437974E-004       2       2       5       3       3       5
  -0.78386721508437825E-004       2       2       5       4       4       5
  -0.25123695023953962E-003       2       2       5       5       5       5
  -0.45577240368292429E-003       2       3       3       2       3       3
  -0.31895882977960549E-004       2       3       3       2       4       4
  -0.31895882977959756E-004       2       3       3       2       5       5
  -0.39190661457752041E-003       2       3       4       2       3       4
  -0.39190661457752009E-003       2       3       5       2       3       5
  -0.45577240368292456E-003       2       4       4       2       4       4
  -0.31895882977959743E-004       2       4       4       2       5       5
  -0.39190661457752046E-003       2       4       5       2       4       5
  -0.45577240368292434E-003       2       5       5       2       5       5
  -0.49534572346215076E-003       3       3       3       3       3       3
  -0.50942590012934764E-004       3       3       3       3       4       4
  -0.50942590012933924E-004       3       3       3       3       5       5
  -0.29143982771375778E-003       3       3       4       3       3       4
  -0.50942590012934723E-004       3       3       4       4       4       4
  -0.26763622757607250E-004       3       3       4       4       5       5
   0.25855911583306869E-005       3       3       4       5       5       4
  -0.29143982771375723E-003       3       3       5       3       3       5
   0.25855911583298873E-005       3       3       5       4       4       5
  -0.50942590012933924E-004       3       3       5       5       5       5
  -0.29143982771375783E-003       3       4       4       3       4       4
   0.25855911583306916E-005       3       4       4       3       5       5
  -0.29656574272837353E-003       3       4       5       3       4       5
  -0.29143982771375723E-003       3       5       5       3       5       5
  -0.49534572346215098E-003       4       4       4       4       4       4
  -0.50942590012933897E-004       4       4       4       4       5       5
  -0.29143982771375723E-003       4       4       5       4       4       5
  -0.50942590012933964E-004       4       4       5       5       5       5
  -0.29143982771375729E-003       4       5       5       4       5       5
  -0.49534572346215098E-003       5       5       5       5       5       5
