           5
  -0.32343544482952194E-001       1       1       1       1       1       1
   0.46971693990337585E-002       1       1       1       1       1       2
  -0.86393189196177199E-003       1       1       1       1       2       2
   0.33882594260766516E-006       1       1       1       1       3       3
   0.33882594260753864E-006       1       1       1       1       4       4
   0.33882594260766516E-006       1       1       1       1       5       5
   0.19339885861978764E-003       1       1       1       2       2       2
  -0.10912935103329469E-004       1       1       1       2       3       3
  -0.10912935103329476E-004       1       1       1       2       4       4
  -0.10912935103329548E-004       1       1       1       2       5       5
   0.41684272057250097E-002       1       1       2       1       1       2
  -0.14403183689631019E-002       1       1       2       1       2       2
   0.10503855949436783E-003       1       1       2       1       3       3
   0.10503855949436779E-003       1       1       2       1       4       4
   0.10503855949436751E-003       1       1       2       1       5       5
   0.36886557695614899E-003       1       1       2       2       2       2
  -0.36163703571076866E-004       1       1       2       2       3       3
  -0.36163703571076873E-004       1       1       2       2       4       4
  -0.36163703571076873E-004       1       1       2       2       5       5
  -0.51448134944259386E-004       1       1       2       3       3       2
  -0.51448134944259434E-004       1       1       2       4       4       2
  -0.51448134944259434E-004       1       1       2       5       5       2
   0.39439608147039370E-002       1       1       3       1       1       3
  -0.14410656665736932E-002       1       1       3       1       2       3
   0.37935481983698274E-003       1       1       3       2       2       3
  -0.62447888277218592E-004       1       1       3       3       3       3
  -0.68287445871802948E-005       1       1       3       3       4       4
  -0.68287445871803083E-005       1       1       3       3       5       5
  -0.48788519285235534E-004       1       1       3       4       4       3
  -0.48788519285235561E-004       1       1       3       5       5       3
   0.39439608147039361E-002       1       1       4       1       1       4
  -0.14410656665736932E-002       1       1       4       1       2       4
   0.37935481983698258E-003       1       1       4       2       2       4
  -0.48788519285235547E-004       1       1       4       3       3       4
  -0.62447888277218728E-004       1       1       4       4       4       4
  -0.68287445871803066E-005       1       1       4       4       5       5
  -0.48788519285235601E-004       1       1       4       5       5       4
   0.39439608147039291E-002       1       1       5       1       1       5
  -0.14410656665736926E-002       1       1       5       1       2       5
   0.37935481983698241E-003       1       1       5       2       2       5
  -0.48788519285235561E-004       1       1       5       3       3       5
  -0.48788519285235561E-004       1       1       5       4       4       5
  -0.62447888277218741E-004       1       1       5       5       5       5
  -0.32354738643116908E-002       1       2       2       1       2       2
  -0.11004429748093427E-003       1       2       2       1       3       3
  -0.11004429748093412E-003       1       2       2       1       4       4
  -0.11004429748093824E-003       1       2       2       1       5       5
   0.54172425488470519E-003       1       2       2       2       2       2
  -0.38824434099030186E-004       1       2       2       2       3       3
  -0.38824434099030193E-004       1       2       2       2       4       4
  -0.38824434099030085E-004       1       2       2       2       5       5
  -0.64879202524200399E-004       1       2       2       3       2       3
  -0.64879202524200427E-004       1       2       2       4       2       4
  -0.64879202524200806E-004       1       2       2       5       2       5
  -0.34429032125680077E-002       1       2       3       1       2       3
   0.58873365918401860E-003       1       2       3       2       2       3
  -0.90979857554906790E-004       1       2       3       3       3       3
  -0.14772885181286339E-004       1       2       3       3       4       4
  -0.14772885181286372E-004       1       2       3       3       5       5
  -0.14772885181286350E-004       1       2       3       4       3       4
  -0.61424691550744323E-004       1       2       3       4       4       3
  -0.14772885181286370E-004       1       2       3       5       3       5
  -0.61424691550744675E-004       1       2       3       5       5       3
  -0.34429032125680046E-002       1       2       4       1       2       4
   0.58873365918401784E-003       1       2       4       2       2       4
  -0.61424691550744336E-004       1       2       4       3       3       4
  -0.90979857554906817E-004       1       2       4       4       4       4
  -0.14772885181286373E-004       1       2       4       4       5       5
  -0.14772885181286370E-004       1       2       4       5       4       5
  -0.61424691550744729E-004       1       2       4       5       5       4
  -0.34429032125680146E-002       1       2       5       1       2       5
   0.58873365918401806E-003       1       2       5       2       2       5
  -0.61424691550744363E-004       1       2       5       3       3       5
  -0.61424691550744431E-004       1       2       5       4       4       5
  -0.90979857554907237E-004       1       2       5       5       5       5
  -0.35535043545821235E-002       1       3       3       1       3       3
   0.73673809166526044E-004       1       3       3       1       4       4
   0.73673809166523266E-004       1       3       3       1       5       5
   0.61608890520954934E-003       1       3       3       2       3       3
  -0.16205228214950394E-004       1       3       3       2       4       4
  -0.16205228214950415E-004       1       3       3       2       5       5
  -0.37011292350839259E-002       1       3       4       1       3       4
   0.64851966409746199E-003       1       3       4       2       3       4
  -0.37011292350839341E-002       1       3       5       1       3       5
   0.64851966409746210E-003       1       3       5       2       3       5
  -0.35535043545821183E-002       1       4       4       1       4       4
   0.73673809166523293E-004       1       4       4       1       5       5
   0.61608890520954923E-003       1       4       4       2       4       4
  -0.16205228214950411E-004       1       4       4       2       5       5
  -0.37011292350839311E-002       1       4       5       1       4       5
   0.64851966409746264E-003       1       4       5       2       4       5
  -0.35535043545821309E-002       1       5       5       1       5       5
   0.61608890520955042E-003       1       5       5       2       5       5
  -0.59654868024535865E-003       2       2       2       2       2       2
  -0.11300361442550445E-003       2       2       2       2       3       3
  -0.11300361442550462E-003       2       2       2       2       4       4
  -0.11300361442550830E-003       2       2       2       2       5       5
  -0.50737727822105854E-003       2       2       3       2       2       3
  -0.23445648064743843E-003       2       2       3       3       3       3
  -0.75996860797613631E-004       2       2       3       3       4       4
  -0.75996860797613550E-004       2       2       3       3       5       5
  -0.82286560254323611E-004       2       2       3       4       4       3
  -0.82286560254327189E-004       2       2       3       5       5       3
  -0.50737727822105887E-003       2       2       4       2       2       4
  -0.82286560254323475E-004       2       2       4       3       3       4
  -0.23445648064743859E-003       2       2       4       4       4       4
  -0.75996860797613550E-004       2       2       4       4       5       5
  -0.82286560254327216E-004       2       2       4       5       5       4
  -0.50737727822105930E-003       2       2       5       2       2       5
  -0.82286560254323299E-004       2       2       5       3       3       5
  -0.82286560254323313E-004       2       2       5       4       4       5
  -0.23445648064744220E-003       2       2       5       5       5       5
  -0.45116043157284358E-003       2       3       3       2       3       3
  -0.26787858525889214E-004       2       3       3       2       4       4
  -0.26787858525892026E-004       2       3       3       2       5       5
  -0.39752370157142107E-003       2       3       4       2       3       4
  -0.39752370157142264E-003       2       3       5       2       3       5
  -0.45116043157284347E-003       2       4       4       2       4       4
  -0.26787858525892054E-004       2       4       4       2       5       5
  -0.39752370157142286E-003       2       4       5       2       4       5
  -0.45116043157284391E-003       2       5       5       2       5       5
  -0.47268425918301182E-003       3       3       3       3       3       3
  -0.43316026774722295E-004       3       3       3       3       4       4
  -0.43316026774725107E-004       3       3       3       3       5       5
  -0.29931401828914631E-003       3       3       4       3       3       4
  -0.43316026774722267E-004       3       3       4       4       4       4
  -0.23178973118931566E-004       3       3       4       4       5       5
   0.30411817473549497E-005       3       3       4       5       5       4
  -0.29931401828914902E-003       3       3       5       3       3       5
   0.30411817473578275E-005       3       3       5       4       4       5
  -0.43316026774725080E-004       3       3       5       5       5       5
  -0.29931401828914636E-003       3       4       4       3       4       4
   0.30411817473549455E-005       3       4       4       3       5       5
  -0.30536152111116700E-003       3       4       5       3       4       5
  -0.29931401828914929E-003       3       5       5       3       5       5
  -0.47268425918301253E-003       4       4       4       4       4       4
  -0.43316026774725107E-004       4       4       4       4       5       5
  -0.29931401828914907E-003       4       4       5       4       4       5
  -0.43316026774725107E-004       4       4       5       5       5       5
  -0.29931401828914924E-003       4       5       5       4       5       5
  -0.47268425918301312E-003       5       5       5       5       5       5
