           5
  -0.31398860509999751E-001       1       1       1       1       1       1
   0.45399373576088288E-002       1       1       1       1       1       2
  -0.83735104946357046E-003       1       1       1       1       2       2
   0.38254243606270213E-005       1       1       1       1       3       3
   0.38254243606270755E-005       1       1       1       1       4       4
   0.38254243606271120E-005       1       1       1       1       5       5
   0.18851767471681795E-003       1       1       1       2       2       2
  -0.11322979315799040E-004       1       1       1       2       3       3
  -0.11322979315799096E-004       1       1       1       2       4       4
  -0.11322979315799100E-004       1       1       1       2       5       5
   0.39491157011199013E-002       1       1       2       1       1       2
  -0.13991996578315597E-002       1       1       2       1       2       2
   0.12585346241050671E-003       1       1       2       1       3       3
   0.12585346241050679E-003       1       1       2       1       4       4
   0.12585346241050652E-003       1       1       2       1       5       5
   0.36129498245690675E-003       1       1       2       2       2       2
  -0.39721703847305236E-004       1       1       2       2       3       3
  -0.39721703847305222E-004       1       1       2       2       4       4
  -0.39721703847305242E-004       1       1       2       2       5       5
  -0.50961816555287323E-004       1       1       2       3       3       2
  -0.50961816555287242E-004       1       1       2       4       4       2
  -0.50961816555287242E-004       1       1       2       5       5       2
   0.37276402457411062E-002       1       1       3       1       1       3
  -0.14005562121307644E-002       1       1       3       1       2       3
   0.37172681460628088E-003       1       1       3       2       2       3
  -0.62468885925236843E-004       1       1       3       3       3       3
  -0.72153259278213644E-005       1       1       3       3       4       4
  -0.72153259278213584E-005       1       1       3       3       5       5
  -0.48036137105758745E-004       1       1       3       4       4       3
  -0.48036137105758711E-004       1       1       3       5       5       3
   0.37276402457411041E-002       1       1       4       1       1       4
  -0.14005562121307633E-002       1       1       4       1       2       4
   0.37172681460628148E-003       1       1       4       2       2       4
  -0.48036137105758745E-004       1       1       4       3       3       4
  -0.62468885925236802E-004       1       1       4       4       4       4
  -0.72153259278213525E-005       1       1       4       4       5       5
  -0.48036137105758711E-004       1       1       4       5       5       4
   0.37276402457410919E-002       1       1       5       1       1       5
  -0.14005562121307633E-002       1       1       5       1       2       5
   0.37172681460628131E-003       1       1       5       2       2       5
  -0.48036137105758718E-004       1       1       5       3       3       5
  -0.48036137105758745E-004       1       1       5       4       4       5
  -0.62468885925236870E-004       1       1       5       5       5       5
  -0.30915441134403933E-002       1       2       2       1       2       2
  -0.90260322947230610E-004       1       2       2       1       3       3
  -0.90260322947230867E-004       1       2       2       1       4       4
  -0.90260322947233686E-004       1       2       2       1       5       5
   0.53043689156485408E-003       1       2       2       2       2       2
  -0.48342151292059907E-004       1       2       2       2       3       3
  -0.48342151292059907E-004       1       2       2       2       4       4
  -0.48342151292059805E-004       1       2       2       2       5       5
  -0.63535993638490749E-004       1       2       2       3       2       3
  -0.63535993638490776E-004       1       2       2       4       2       4
  -0.63535993638490885E-004       1       2       2       5       2       5
  -0.33042070678596575E-002       1       2       3       1       2       3
   0.57732533766880368E-003       1       2       3       2       2       3
  -0.93016028841269642E-004       1       2       3       3       3       3
  -0.16987311943339688E-004       1       2       3       3       4       4
  -0.16987311943339685E-004       1       2       3       3       5       5
  -0.16987311943339678E-004       1       2       3       4       3       4
  -0.59031252570317130E-004       1       2       3       4       4       3
  -0.16987311943339654E-004       1       2       3       5       3       5
  -0.59031252570317313E-004       1       2       3       5       5       3
  -0.33042070678596640E-002       1       2       4       1       2       4
   0.57732533766880379E-003       1       2       4       2       2       4
  -0.59031252570317021E-004       1       2       4       3       3       4
  -0.93016028841269588E-004       1       2       4       4       4       4
  -0.16987311943339668E-004       1       2       4       4       5       5
  -0.16987311943339654E-004       1       2       4       5       4       5
  -0.59031252570317313E-004       1       2       4       5       5       4
  -0.33042070678596675E-002       1       2       5       1       2       5
   0.57732533766880400E-003       1       2       5       2       2       5
  -0.59031252570316994E-004       1       2       5       3       3       5
  -0.59031252570317035E-004       1       2       5       4       4       5
  -0.93016028841269886E-004       1       2       5       5       5       5
  -0.34166704449994732E-002       1       3       3       1       3       3
   0.75987076578181868E-004       1       3       3       1       4       4
   0.75987076578179984E-004       1       3       3       1       5       5
   0.60284298342640783E-003       1       3       3       2       3       3
  -0.17442264207255907E-004       1       3       3       2       4       4
  -0.17442264207255903E-004       1       3       3       2       5       5
  -0.35689025521084016E-002       1       3       4       1       3       4
   0.63774728659857097E-003       1       3       4       2       3       4
  -0.35689025521084064E-002       1       3       5       1       3       5
   0.63774728659857162E-003       1       3       5       2       3       5
  -0.34166704449994719E-002       1       4       4       1       4       4
   0.75987076578179984E-004       1       4       4       1       5       5
   0.60284298342640891E-003       1       4       4       2       4       4
  -0.17442264207255900E-004       1       4       4       2       5       5
  -0.35689025521084073E-002       1       4       5       1       4       5
   0.63774728659857140E-003       1       4       5       2       4       5
  -0.34166704449994801E-002       1       5       5       1       5       5
   0.60284298342640923E-003       1       5       5       2       5       5
  -0.54879850247815400E-003       2       2       2       2       2       2
  -0.11721443892292313E-003       2       2       2       2       3       3
  -0.11721443892292321E-003       2       2       2       2       4       4
  -0.11721443892292582E-003       2       2       2       2       5       5
  -0.45851885472802294E-003       2       2       3       2       2       3
  -0.25379054698422944E-003       2       2       3       3       3       3
  -0.84931828414800764E-004       2       2       3       3       4       4
  -0.84931828414800588E-004       2       2       3       3       5       5
  -0.83754024004149401E-004       2       2       3       4       4       3
  -0.83754024004151868E-004       2       2       3       5       5       3
  -0.45851885472802262E-003       2       2       4       2       2       4
  -0.83754024004149401E-004       2       2       4       3       3       4
  -0.25379054698422971E-003       2       2       4       4       4       4
  -0.84931828414800656E-004       2       2       4       4       5       5
  -0.83754024004151827E-004       2       2       4       5       5       4
  -0.45851885472802251E-003       2       2       5       2       2       5
  -0.83754024004149049E-004       2       2       5       3       3       5
  -0.83754024004148968E-004       2       2       5       4       4       5
  -0.25379054698423221E-003       2       2       5       5       5       5
  -0.40171656175364836E-003       2       3       3       2       3       3
  -0.26775958200664092E-004       2       3       3       2       4       4
  -0.26775958200665925E-004       2       3       3       2       5       5
  -0.34809814943622736E-003       2       3       4       2       3       4
  -0.34809814943622801E-003       2       3       5       2       3       5
  -0.40171656175364858E-003       2       4       4       2       4       4
  -0.26775958200665887E-004       2       4       4       2       5       5
  -0.34809814943622801E-003       2       4       5       2       4       5
  -0.40171656175364852E-003       2       5       5       2       5       5
  -0.42834607610665946E-003       3       3       3       3       3       3
  -0.45013348626302046E-004       3       3       3       3       4       4
  -0.45013348626303889E-004       3       3       3       3       5       5
  -0.24817539885557162E-003       3       3       4       3       3       4
  -0.45013348626301992E-004       3       3       4       4       4       4
  -0.25028545474033233E-004       3       3       4       4       5       5
   0.50397190996569852E-005       3       3       4       5       5       4
  -0.24817539885557314E-003       3       3       5       3       3       5
   0.50397190996588554E-005       3       3       5       4       4       5
  -0.45013348626303848E-004       3       3       5       5       5       5
  -0.24817539885557173E-003       3       4       4       3       4       4
   0.50397190996569555E-005       3       4       4       3       5       5
  -0.25821250683591537E-003       3       4       5       3       4       5
  -0.24817539885557281E-003       3       5       5       3       5       5
  -0.42834607610665990E-003       4       4       4       4       4       4
  -0.45013348626303862E-004       4       4       4       4       5       5
  -0.24817539885557303E-003       4       4       5       4       4       5
  -0.45013348626303835E-004       4       4       5       5       5       5
  -0.24817539885557292E-003       4       5       5       4       5       5
  -0.42834607610665930E-003       5       5       5       5       5       5
