           5
  -0.32078526500192363E-001       1       1       1       1       1       1
   0.45630545293270713E-002       1       1       1       1       1       2
  -0.84042288367599605E-003       1       1       1       1       2       2
   0.35760735041492540E-005       1       1       1       1       3       3
   0.35760735041494166E-005       1       1       1       1       4       4
   0.35760735041493082E-005       1       1       1       1       5       5
   0.18975118616042995E-003       1       1       1       2       2       2
  -0.11193976195022115E-004       1       1       1       2       3       3
  -0.11193976195022078E-004       1       1       1       2       4       4
  -0.11193976195022078E-004       1       1       1       2       5       5
   0.38752693524371547E-002       1       1       2       1       1       2
  -0.13959721349884597E-002       1       1       2       1       2       2
   0.12026251207884354E-003       1       1       2       1       3       3
   0.12026251207884341E-003       1       1       2       1       4       4
   0.12026251207884322E-003       1       1       2       1       5       5
   0.35907080733149480E-003       1       1       2       2       2       2
  -0.38392164491403816E-004       1       1       2       2       3       3
  -0.38392164491403830E-004       1       1       2       2       4       4
  -0.38392164491403796E-004       1       1       2       2       5       5
  -0.50205553794686051E-004       1       1       2       3       3       2
  -0.50205553794685949E-004       1       1       2       4       4       2
  -0.50205553794685929E-004       1       1       2       5       5       2
   0.36217545200496245E-002       1       1       3       1       1       3
  -0.13975002257807399E-002       1       1       3       1       2       3
   0.37008933700526217E-003       1       1       3       2       2       3
  -0.61418677441992247E-004       1       1       3       3       3       3
  -0.69891780223204741E-005       1       1       3       3       4       4
  -0.69891780223204851E-005       1       1       3       3       5       5
  -0.47438415667957847E-004       1       1       3       4       4       3
  -0.47438415667957820E-004       1       1       3       5       5       3
   0.36217545200496323E-002       1       1       4       1       1       4
  -0.13975002257807390E-002       1       1       4       1       2       4
   0.37008933700526260E-003       1       1       4       2       2       4
  -0.47438415667957806E-004       1       1       4       3       3       4
  -0.61418677441992233E-004       1       1       4       4       4       4
  -0.69891780223204826E-005       1       1       4       4       5       5
  -0.47438415667957786E-004       1       1       4       5       5       4
   0.36217545200496492E-002       1       1       5       1       1       5
  -0.13975002257807373E-002       1       1       5       1       2       5
   0.37008933700526277E-003       1       1       5       2       2       5
  -0.47438415667957806E-004       1       1       5       3       3       5
  -0.47438415667957833E-004       1       1       5       4       4       5
  -0.61418677441992274E-004       1       1       5       5       5       5
  -0.30127008245782417E-002       1       2       2       1       2       2
  -0.10298367414209410E-003       1       2       2       1       3       3
  -0.10298367414209471E-003       1       2       2       1       4       4
  -0.10298367414209204E-003       1       2       2       1       5       5
   0.50609209865494530E-003       1       2       2       2       2       2
  -0.43340639856013661E-004       1       2       2       2       3       3
  -0.43340639856013634E-004       1       2       2       2       4       4
  -0.43340639856013675E-004       1       2       2       2       5       5
  -0.62134229735972282E-004       1       2       2       3       2       3
  -0.62134229735972377E-004       1       2       2       4       2       4
  -0.62134229735972120E-004       1       2       2       5       2       5
  -0.32346280301846870E-002       1       2       3       1       2       3
   0.55383414316659382E-003       1       2       3       2       2       3
  -0.90119554721196287E-004       1       2       3       3       3       3
  -0.16001497508242084E-004       1       2       3       3       4       4
  -0.16001497508242097E-004       1       2       3       3       5       5
  -0.16001497508242084E-004       1       2       3       4       3       4
  -0.58107510079850771E-004       1       2       3       4       4       3
  -0.16001497508242094E-004       1       2       3       5       3       5
  -0.58107510079850521E-004       1       2       3       5       5       3
  -0.32346280301846879E-002       1       2       4       1       2       4
   0.55383414316659426E-003       1       2       4       2       2       4
  -0.58107510079850819E-004       1       2       4       3       3       4
  -0.90119554721196287E-004       1       2       4       4       4       4
  -0.16001497508242101E-004       1       2       4       4       5       5
  -0.16001497508242104E-004       1       2       4       5       4       5
  -0.58107510079850541E-004       1       2       4       5       5       4
  -0.32346280301846818E-002       1       2       5       1       2       5
   0.55383414316659361E-003       1       2       5       2       2       5
  -0.58107510079850798E-004       1       2       5       3       3       5
  -0.58107510079850785E-004       1       2       5       4       4       5
  -0.90119554721196002E-004       1       2       5       5       5       5
  -0.33541397722354274E-002       1       3       3       1       3       3
   0.78969804325245725E-004       1       3       3       1       4       4
   0.78969804325248436E-004       1       3       3       1       5       5
   0.58070601653518528E-003       1       3       3       2       3       3
  -0.17240500977471554E-004       1       3       3       2       4       4
  -0.17240500977471581E-004       1       3       3       2       5       5
  -0.35123482068326155E-002       1       3       4       1       3       4
   0.61520775148309645E-003       1       3       4       2       3       4
  -0.35123482068326103E-002       1       3       5       1       3       5
   0.61520775148309645E-003       1       3       5       2       3       5
  -0.33541397722354292E-002       1       4       4       1       4       4
   0.78969804325248449E-004       1       4       4       1       5       5
   0.58070601653518582E-003       1       4       4       2       4       4
  -0.17240500977471595E-004       1       4       4       2       5       5
  -0.35123482068326107E-002       1       4       5       1       4       5
   0.61520775148309601E-003       1       4       5       2       4       5
  -0.33541397722354192E-002       1       5       5       1       5       5
   0.58070601653518561E-003       1       5       5       2       5       5
  -0.62224192237942386E-003       2       2       2       2       2       2
  -0.11062879529744167E-003       2       2       2       2       3       3
  -0.11062879529744182E-003       2       2       2       2       4       4
  -0.11062879529743881E-003       2       2       2       2       5       5
  -0.53348141612636019E-003       2       2       3       2       2       3
  -0.23955646565756679E-003       2       2       3       3       3       3
  -0.80098124758321544E-004       2       2       3       3       4       4
  -0.80098124758321449E-004       2       2       3       3       5       5
  -0.79196346136202998E-004       2       2       3       4       4       3
  -0.79196346136199976E-004       2       2       3       5       5       3
  -0.53348141612636030E-003       2       2       4       2       2       4
  -0.79196346136203012E-004       2       2       4       3       3       4
  -0.23955646565756669E-003       2       2       4       4       4       4
  -0.80098124758321490E-004       2       2       4       4       5       5
  -0.79196346136199989E-004       2       2       4       5       5       4
  -0.53348141612636073E-003       2       2       5       2       2       5
  -0.79196346136203052E-004       2       2       5       3       3       5
  -0.79196346136203052E-004       2       2       5       4       4       5
  -0.23955646565756400E-003       2       2       5       5       5       5
  -0.48184747224328320E-003       2       3       3       2       3       3
  -0.29429949533492123E-004       2       3       3       2       4       4
  -0.29429949533489826E-004       2       3       3       2       5       5
  -0.42291978076280750E-003       2       3       4       2       3       4
  -0.42291978076280717E-003       2       3       5       2       3       5
  -0.48184747224328325E-003       2       4       4       2       4       4
  -0.29429949533489846E-004       2       4       4       2       5       5
  -0.42291978076280722E-003       2       4       5       2       4       5
  -0.48184747224328450E-003       2       5       5       2       5       5
  -0.51468248699260838E-003       3       3       3       3       3       3
  -0.46946190727183810E-004       3       3       3       3       4       4
  -0.46946190727181472E-004       3       3       3       3       5       5
  -0.32677422274246033E-003       3       3       4       3       3       4
  -0.46946190727183830E-004       3       3       4       4       4       4
  -0.24722688965772116E-004       3       3       4       4       5       5
   0.25015495639809107E-005       3       3       4       5       5       4
  -0.32677422274245875E-003       3       3       5       3       3       5
   0.25015495639786026E-005       3       3       5       4       4       5
  -0.46946190727181526E-004       3       3       5       5       5       5
  -0.32677422274246049E-003       3       4       4       3       4       4
   0.25015495639808836E-005       3       4       4       3       5       5
  -0.33173848907511796E-003       3       4       5       3       4       5
  -0.32677422274245968E-003       3       5       5       3       5       5
  -0.51468248699260795E-003       4       4       4       4       4       4
  -0.46946190727181492E-004       4       4       4       4       5       5
  -0.32677422274245881E-003       4       4       5       4       4       5
  -0.46946190727181519E-004       4       4       5       5       5       5
  -0.32677422274245962E-003       4       5       5       4       5       5
  -0.51468248699261022E-003       5       5       5       5       5       5
