           5
  -0.33870711283010224E-001       1       1       1       1       1       1
   0.48929743941591407E-002       1       1       1       1       1       2
  -0.89421466979440110E-003       1       1       1       1       2       2
   0.72342772836109718E-005       1       1       1       1       3       3
   0.72342772836111167E-005       1       1       1       1       4       4
   0.72342772836110625E-005       1       1       1       1       5       5
   0.19811828764077492E-003       1       1       1       2       2       2
  -0.12183776196800048E-004       1       1       1       2       3       3
  -0.12183776196800019E-004       1       1       1       2       4       4
  -0.12183776196800021E-004       1       1       1       2       5       5
   0.43811441658401507E-002       1       1       2       1       1       2
  -0.14698098520776750E-002       1       1       2       1       2       2
   0.12085629193814154E-003       1       1       2       1       3       3
   0.12085629193814165E-003       1       1       2       1       4       4
   0.12085629193814100E-003       1       1       2       1       5       5
   0.37284588854416296E-003       1       1       2       2       2       2
  -0.39766419602492046E-004       1       1       2       2       3       3
  -0.39766419602491979E-004       1       1       2       2       4       4
  -0.39766419602491965E-004       1       1       2       2       5       5
  -0.51760251186872767E-004       1       1       2       3       3       2
  -0.51760251186872713E-004       1       1       2       4       4       2
  -0.51760251186872740E-004       1       1       2       5       5       2
   0.41312916280579906E-002       1       1       3       1       1       3
  -0.14698282873768613E-002       1       1       3       1       2       3
   0.38328107939860972E-003       1       1       3       2       2       3
  -0.63060571163755814E-004       1       1       3       3       3       3
  -0.69544328666916315E-005       1       1       3       3       4       4
  -0.69544328666916383E-005       1       1       3       3       5       5
  -0.49149807093152856E-004       1       1       3       4       4       3
  -0.49149807093152849E-004       1       1       3       5       5       3
   0.41312916280579915E-002       1       1       4       1       1       4
  -0.14698282873768615E-002       1       1       4       1       2       4
   0.38328107939861021E-003       1       1       4       2       2       4
  -0.49149807093152876E-004       1       1       4       3       3       4
  -0.63060571163755814E-004       1       1       4       4       4       4
  -0.69544328666916433E-005       1       1       4       4       5       5
  -0.49149807093152856E-004       1       1       4       5       5       4
   0.41312916280579828E-002       1       1       5       1       1       5
  -0.14698282873768615E-002       1       1       5       1       2       5
   0.38328107939861016E-003       1       1       5       2       2       5
  -0.49149807093152883E-004       1       1       5       3       3       5
  -0.49149807093152876E-004       1       1       5       4       4       5
  -0.63060571163755773E-004       1       1       5       5       5       5
  -0.30447596094474528E-002       1       2       2       1       2       2
  -0.12735154288209217E-003       1       2       2       1       3       3
  -0.12735154288209209E-003       1       2       2       1       4       4
  -0.12735154288209688E-003       1       2       2       1       5       5
   0.52674293720828241E-003       1       2       2       2       2       2
  -0.41673538364630225E-004       1       2       2       2       3       3
  -0.41673538364630212E-004       1       2       2       2       4       4
  -0.41673538364630300E-004       1       2       2       2       5       5
  -0.64980872100649473E-004       1       2       2       3       2       3
  -0.64980872100649391E-004       1       2       2       4       2       4
  -0.64980872100649852E-004       1       2       2       5       2       5
  -0.32659226127792753E-002       1       2       3       1       2       3
   0.57474898747473212E-003       1       2       3       2       2       3
  -0.93284874165114247E-004       1       2       3       3       3       3
  -0.15895129502602038E-004       1       2       3       3       4       4
  -0.15895129502602018E-004       1       2       3       3       5       5
  -0.15895129502602055E-004       1       2       3       4       3       4
  -0.61485766394451833E-004       1       2       3       4       4       3
  -0.15895129502602072E-004       1       2       3       5       3       5
  -0.61485766394452280E-004       1       2       3       5       5       3
  -0.32659226127792762E-002       1       2       4       1       2       4
   0.57474898747473190E-003       1       2       4       2       2       4
  -0.61485766394451982E-004       1       2       4       3       3       4
  -0.93284874165114180E-004       1       2       4       4       4       4
  -0.15895129502602042E-004       1       2       4       4       5       5
  -0.15895129502602065E-004       1       2       4       5       4       5
  -0.61485766394452321E-004       1       2       4       5       5       4
  -0.32659226127792836E-002       1       2       5       1       2       5
   0.57474898747473212E-003       1       2       5       2       2       5
  -0.61485766394451968E-004       1       2       5       3       3       5
  -0.61485766394451873E-004       1       2       5       4       4       5
  -0.93284874165114573E-004       1       2       5       5       5       5
  -0.33886387154374057E-002       1       3       3       1       3       3
   0.75246910312984624E-004       1       3       3       1       4       4
   0.75246910312980287E-004       1       3       3       1       5       5
   0.60139705011030028E-003       1       3       3       2       3       3
  -0.17446895059419799E-004       1       3       3       2       4       4
  -0.17446895059419819E-004       1       3       3       2       5       5
  -0.35393971438094441E-002       1       3       4       1       3       4
   0.63631139619501091E-003       1       3       4       2       3       4
  -0.35393971438094540E-002       1       3       5       1       3       5
   0.63631139619501123E-003       1       3       5       2       3       5
  -0.33886387154374023E-002       1       4       4       1       4       4
   0.75246910312980300E-004       1       4       4       1       5       5
   0.60139705011029985E-003       1       4       4       2       4       4
  -0.17446895059419819E-004       1       4       4       2       5       5
  -0.35393971438094501E-002       1       4       5       1       4       5
   0.63631139619501145E-003       1       4       5       2       4       5
  -0.33886387154374187E-002       1       5       5       1       5       5
   0.60139705011030072E-003       1       5       5       2       5       5
  -0.58391701217075701E-003       2       2       2       2       2       2
  -0.11032565209008066E-003       2       2       2       2       3       3
  -0.11032565209008082E-003       2       2       2       2       4       4
  -0.11032565209008604E-003       2       2       2       2       5       5
  -0.48957361543464583E-003       2       2       3       2       2       3
  -0.23427938386535373E-003       2       2       3       3       3       3
  -0.75678263795312095E-004       2       2       3       3       4       4
  -0.75678263795312081E-004       2       2       3       3       5       5
  -0.82763617647455879E-004       2       2       3       4       4       3
  -0.82763617647461110E-004       2       2       3       5       5       3
  -0.48957361543464539E-003       2       2       4       2       2       4
  -0.82763617647455947E-004       2       2       4       3       3       4
  -0.23427938386535421E-003       2       2       4       4       4       4
  -0.75678263795312027E-004       2       2       4       4       5       5
  -0.82763617647461259E-004       2       2       4       5       5       4
  -0.48957361543464496E-003       2       2       5       2       2       5
  -0.82763617647455771E-004       2       2       5       3       3       5
  -0.82763617647455798E-004       2       2       5       4       4       5
  -0.23427938386535926E-003       2       2       5       5       5       5
  -0.43580826686064408E-003       2       3       3       2       3       3
  -0.31853716627629859E-004       2       3       3       2       4       4
  -0.31853716627634040E-004       2       3       3       2       5       5
  -0.37203618327812874E-003       2       3       4       2       3       4
  -0.37203618327813042E-003       2       3       5       2       3       5
  -0.43580826686064430E-003       2       4       4       2       4       4
  -0.31853716627634040E-004       2       4       4       2       5       5
  -0.37203618327813026E-003       2       4       5       2       4       5
  -0.43580826686064349E-003       2       5       5       2       5       5
  -0.46980928865614853E-003       3       3       3       3       3       3
  -0.49203885077721328E-004       3       3       3       3       4       4
  -0.49203885077725496E-004       3       3       3       3       5       5
  -0.27287453307413832E-003       3       3       4       3       3       4
  -0.49203885077721348E-004       3       3       4       4       4       4
  -0.24174449901128660E-004       3       3       4       4       5       5
  -0.85301508010452587E-006       3       3       4       5       5       4
  -0.27287453307414162E-003       3       3       5       3       3       5
  -0.85301508010026360E-006       3       3       5       4       4       5
  -0.49203885077725577E-004       3       3       5       5       5       5
  -0.27287453307413832E-003       3       4       4       3       4       4
  -0.85301508010454620E-006       3       4       4       3       5       5
  -0.27113348863766230E-003       3       4       5       3       4       5
  -0.27287453307414146E-003       3       5       5       3       5       5
  -0.46980928865614853E-003       4       4       4       4       4       4
  -0.49203885077725550E-004       4       4       4       4       5       5
  -0.27287453307414168E-003       4       4       5       4       4       5
  -0.49203885077725597E-004       4       4       5       5       5       5
  -0.27287453307414146E-003       4       5       5       4       5       5
  -0.46980928865614745E-003       5       5       5       5       5       5
