           5
  -0.33332857105561942E-001       1       1       1       1       1       1
   0.47940994254424326E-002       1       1       1       1       1       2
  -0.88500231961740087E-003       1       1       1       1       2       2
   0.70098667175845339E-005       1       1       1       1       3       3
   0.70098667175843713E-005       1       1       1       1       4       4
   0.70098667175842807E-005       1       1       1       1       5       5
   0.19875826512223666E-003       1       1       1       2       2       2
  -0.11846112395400443E-004       1       1       1       2       3       3
  -0.11846112395400402E-004       1       1       1       2       4       4
  -0.11846112395400429E-004       1       1       1       2       5       5
   0.41181240843566726E-002       1       1       2       1       1       2
  -0.14766072087415230E-002       1       1       2       1       2       2
   0.11794691425204584E-003       1       1       2       1       3       3
   0.11794691425204558E-003       1       1       2       1       4       4
   0.11794691425204556E-003       1       1       2       1       5       5
   0.37959394792001734E-003       1       1       2       2       2       2
  -0.38437459759366725E-004       1       1       2       2       3       3
  -0.38437459759366766E-004       1       1       2       2       4       4
  -0.38437459759366698E-004       1       1       2       2       5       5
  -0.52132852937263016E-004       1       1       2       3       3       2
  -0.52132852937262989E-004       1       1       2       4       4       2
  -0.52132852937262968E-004       1       1       2       5       5       2
   0.38751840765610217E-002       1       1       3       1       1       3
  -0.14785248016484136E-002       1       1       3       1       2       3
   0.39053660182698660E-003       1       1       3       2       2       3
  -0.64125350399209729E-004       1       1       3       3       3       3
  -0.76142491215057825E-005       1       1       3       3       4       4
  -0.76142491215057825E-005       1       1       3       3       5       5
  -0.48894769610801774E-004       1       1       3       4       4       3
  -0.48894769610801733E-004       1       1       3       5       5       3
   0.38751840765610182E-002       1       1       4       1       1       4
  -0.14785248016484127E-002       1       1       4       1       2       4
   0.39053660182698671E-003       1       1       4       2       2       4
  -0.48894769610801835E-004       1       1       4       3       3       4
  -0.64125350399209675E-004       1       1       4       4       4       4
  -0.76142491215057800E-005       1       1       4       4       5       5
  -0.48894769610801781E-004       1       1       4       5       5       4
   0.38751840765610217E-002       1       1       5       1       1       5
  -0.14785248016484114E-002       1       1       5       1       2       5
   0.39053660182698671E-003       1       1       5       2       2       5
  -0.48894769610801835E-004       1       1       5       3       3       5
  -0.48894769610801835E-004       1       1       5       4       4       5
  -0.64125350399209729E-004       1       1       5       5       5       5
  -0.31035626324776356E-002       1       2       2       1       2       2
  -0.11677249007984009E-003       1       2       2       1       3       3
  -0.11677249007984036E-003       1       2       2       1       4       4
  -0.11677249007984076E-003       1       2       2       1       5       5
   0.54414995263577003E-003       1       2       2       2       2       2
  -0.42586804607567329E-004       1       2       2       2       3       3
  -0.42586804607567329E-004       1       2       2       2       4       4
  -0.42586804607567295E-004       1       2       2       2       5       5
  -0.62078526285093546E-004       1       2       2       3       2       3
  -0.62078526285093411E-004       1       2       2       4       2       4
  -0.62078526285093465E-004       1       2       2       5       2       5
  -0.33429818204629863E-002       1       2       3       1       2       3
   0.59388189912482721E-003       1       2       3       2       2       3
  -0.92071328556402997E-004       1       2       3       3       3       3
  -0.17363617070847365E-004       1       2       3       3       4       4
  -0.17363617070847378E-004       1       2       3       3       5       5
  -0.17363617070847348E-004       1       2       3       4       3       4
  -0.57335927150985264E-004       1       2       3       4       4       3
  -0.17363617070847361E-004       1       2       3       5       3       5
  -0.57335927150985224E-004       1       2       3       5       5       3
  -0.33429818204629902E-002       1       2       4       1       2       4
   0.59388189912482742E-003       1       2       4       2       2       4
  -0.57335927150985251E-004       1       2       4       3       3       4
  -0.92071328556402943E-004       1       2       4       4       4       4
  -0.17363617070847378E-004       1       2       4       4       5       5
  -0.17363617070847371E-004       1       2       4       5       4       5
  -0.57335927150985264E-004       1       2       4       5       5       4
  -0.33429818204629902E-002       1       2       5       1       2       5
   0.59388189912482742E-003       1       2       5       2       2       5
  -0.57335927150985332E-004       1       2       5       3       3       5
  -0.57335927150985373E-004       1       2       5       4       4       5
  -0.92071328556402997E-004       1       2       5       5       5       5
  -0.34695203965108799E-002       1       3       3       1       3       3
   0.85440982987053580E-004       1       3       3       1       4       4
   0.85440982987053377E-004       1       3       3       1       5       5
   0.62059183244647545E-003       1       3       3       2       3       3
  -0.18694431346724175E-004       1       3       3       2       4       4
  -0.18694431346724202E-004       1       3       3       2       5       5
  -0.36406652024034503E-002       1       3       4       1       3       4
   0.65800231668525786E-003       1       3       4       2       3       4
  -0.36406652024034520E-002       1       3       5       1       3       5
   0.65800231668525807E-003       1       3       5       2       3       5
  -0.34695203965108791E-002       1       4       4       1       4       4
   0.85440982987053295E-004       1       4       4       1       5       5
   0.62059183244647534E-003       1       4       4       2       4       4
  -0.18694431346724202E-004       1       4       4       2       5       5
  -0.36406652024034572E-002       1       4       5       1       4       5
   0.65800231668525840E-003       1       4       5       2       4       5
  -0.34695203965108804E-002       1       5       5       1       5       5
   0.62059183244647545E-003       1       5       5       2       5       5
  -0.64643692229658721E-003       2       2       2       2       2       2
  -0.89638343236705752E-004       2       2       2       2       3       3
  -0.89638343236705901E-004       2       2       2       2       4       4
  -0.89638343236706226E-004       2       2       2       2       5       5
  -0.54282821994153089E-003       2       2       3       2       2       3
  -0.22927926269086557E-003       2       2       3       3       3       3
  -0.86529977960205775E-004       2       2       3       3       4       4
  -0.86529977960205802E-004       2       2       3       3       5       5
  -0.56066757589499450E-004       2       2       3       4       4       3
  -0.56066757589499755E-004       2       2       3       5       5       3
  -0.54282821994153078E-003       2       2       4       2       2       4
  -0.56066757589499619E-004       2       2       4       3       3       4
  -0.22927926269086571E-003       2       2       4       4       4       4
  -0.86529977960205965E-004       2       2       4       4       5       5
  -0.56066757589499700E-004       2       2       4       5       5       4
  -0.54282821994153046E-003       2       2       5       2       2       5
  -0.56066757589499504E-004       2       2       5       3       3       5
  -0.56066757589499484E-004       2       2       5       4       4       5
  -0.22927926269086606E-003       2       2       5       5       5       5
  -0.47030571846905521E-003       2       3       3       2       3       3
  -0.23899824549957893E-004       2       3       3       2       4       4
  -0.23899824549958093E-004       2       3       3       2       5       5
  -0.42242475038814606E-003       2       3       4       2       3       4
  -0.42242475038814579E-003       2       3       5       2       3       5
  -0.47030571846905537E-003       2       4       4       2       4       4
  -0.23899824549958127E-004       2       4       4       2       5       5
  -0.42242475038814585E-003       2       4       5       2       4       5
  -0.47030571846905434E-003       2       5       5       2       5       5
  -0.48431709424936781E-003       3       3       3       3       3       3
  -0.44155924724403428E-004       3       3       3       3       4       4
  -0.44155924724403658E-004       3       3       3       3       5       5
  -0.30753855112594127E-003       3       3       4       3       3       4
  -0.44155924724403441E-004       3       3       4       4       4       4
  -0.27797932942424166E-004       3       3       4       4       5       5
   0.11449604617370059E-004       3       3       4       5       5       4
  -0.30753855112594121E-003       3       3       5       3       3       5
   0.11449604617370325E-004       3       3       5       4       4       5
  -0.44155924724403652E-004       3       3       5       5       5       5
  -0.30753855112594143E-003       3       4       4       3       4       4
   0.11449604617370064E-004       3       4       4       3       5       5
  -0.33038997747277611E-003       3       4       5       3       4       5
  -0.30753855112594089E-003       3       5       5       3       5       5
  -0.48431709424936781E-003       4       4       4       4       4       4
  -0.44155924724403672E-004       4       4       4       4       5       5
  -0.30753855112594132E-003       4       4       5       4       4       5
  -0.44155924724403672E-004       4       4       5       5       5       5
  -0.30753855112594089E-003       4       5       5       4       5       5
  -0.48431709424936640E-003       5       5       5       5       5       5
