           5
  -0.32194191358454818E-001       1       1       1       1       1       1
   0.46705640329918171E-002       1       1       1       1       1       2
  -0.87209499200888228E-003       1       1       1       1       2       2
   0.78723190959132890E-005       1       1       1       1       3       3
   0.78723190959131620E-005       1       1       1       1       4       4
   0.78723190959132704E-005       1       1       1       1       5       5
   0.19798319313020420E-003       1       1       1       2       2       2
  -0.12424786400789846E-004       1       1       1       2       3       3
  -0.12424786400789916E-004       1       1       1       2       4       4
  -0.12424786400789911E-004       1       1       1       2       5       5
   0.39339320169392289E-002       1       1       2       1       1       2
  -0.14091826611196334E-002       1       1       2       1       2       2
   0.11770392972118517E-003       1       1       2       1       3       3
   0.11770392972118495E-003       1       1       2       1       4       4
   0.11770392972118469E-003       1       1       2       1       5       5
   0.36510327602313098E-003       1       1       2       2       2       2
  -0.39308100957143331E-004       1       1       2       2       3       3
  -0.39308100957143338E-004       1       1       2       2       4       4
  -0.39308100957143352E-004       1       1       2       2       5       5
  -0.50573801497678019E-004       1       1       2       3       3       2
  -0.50573801497677986E-004       1       1       2       4       4       2
  -0.50573801497678006E-004       1       1       2       5       5       2
   0.37235752817815532E-002       1       1       3       1       1       3
  -0.14183673490291721E-002       1       1       3       1       2       3
   0.37764928572820214E-003       1       1       3       2       2       3
  -0.62550049724948716E-004       1       1       3       3       3       3
  -0.73369324018248899E-005       1       1       3       3       4       4
  -0.73369324018248933E-005       1       1       3       3       5       5
  -0.47874266832896988E-004       1       1       3       4       4       3
  -0.47874266832897008E-004       1       1       3       5       5       3
   0.37235752817815493E-002       1       1       4       1       1       4
  -0.14183673490291704E-002       1       1       4       1       2       4
   0.37764928572820165E-003       1       1       4       2       2       4
  -0.47874266832897008E-004       1       1       4       3       3       4
  -0.62550049724948703E-004       1       1       4       4       4       4
  -0.73369324018248916E-005       1       1       4       4       5       5
  -0.47874266832896981E-004       1       1       4       5       5       4
   0.37235752817815393E-002       1       1       5       1       1       5
  -0.14183673490291706E-002       1       1       5       1       2       5
   0.37764928572820182E-003       1       1       5       2       2       5
  -0.47874266832897008E-004       1       1       5       3       3       5
  -0.47874266832896981E-004       1       1       5       4       4       5
  -0.62550049724948676E-004       1       1       5       5       5       5
  -0.28302954441417828E-002       1       2       2       1       2       2
  -0.13199899309925526E-003       1       2       2       1       3       3
  -0.13199899309925540E-003       1       2       2       1       4       4
  -0.13199899309925732E-003       1       2       2       1       5       5
   0.50243303035044833E-003       1       2       2       2       2       2
  -0.41351825552989194E-004       1       2       2       2       3       3
  -0.41351825552989167E-004       1       2       2       2       4       4
  -0.41351825552989222E-004       1       2       2       2       5       5
  -0.59608265335422019E-004       1       2       2       3       2       3
  -0.59608265335422019E-004       1       2       2       4       2       4
  -0.59608265335422134E-004       1       2       2       5       2       5
  -0.30683163753570338E-002       1       2       3       1       2       3
   0.55261869078812543E-003       1       2       3       2       2       3
  -0.89454236533076018E-004       1       2       3       3       3       3
  -0.16761559256588038E-004       1       2       3       3       4       4
  -0.16761559256588049E-004       1       2       3       3       5       5
  -0.16761559256588042E-004       1       2       3       4       3       4
  -0.55923399679395103E-004       1       2       3       4       4       3
  -0.16761559256588072E-004       1       2       3       5       3       5
  -0.55923399679395265E-004       1       2       3       5       5       3
  -0.30683163753570377E-002       1       2       4       1       2       4
   0.55261869078812522E-003       1       2       4       2       2       4
  -0.55923399679395096E-004       1       2       4       3       3       4
  -0.89454236533076018E-004       1       2       4       4       4       4
  -0.16761559256588059E-004       1       2       4       4       5       5
  -0.16761559256588069E-004       1       2       4       5       4       5
  -0.55923399679395225E-004       1       2       4       5       5       4
  -0.30683163753570408E-002       1       2       5       1       2       5
   0.55261869078812587E-003       1       2       5       2       2       5
  -0.55923399679395042E-004       1       2       5       3       3       5
  -0.55923399679395069E-004       1       2       5       4       4       5
  -0.89454236533076167E-004       1       2       5       5       5       5
  -0.32154558189692252E-002       1       3       3       1       3       3
   0.70064763690750855E-004       1       3       3       1       4       4
   0.70064763690749296E-004       1       3       3       1       5       5
   0.58262539722691903E-003       1       3       3       2       3       3
  -0.16764975542420043E-004       1       3       3       2       4       4
  -0.16764975542420036E-004       1       3       3       2       5       5
  -0.33558283887612961E-002       1       3       4       1       3       4
   0.61617479235525935E-003       1       3       4       2       3       4
  -0.33558283887613000E-002       1       3       5       1       3       5
   0.61617479235525924E-003       1       3       5       2       3       5
  -0.32154558189692230E-002       1       4       4       1       4       4
   0.70064763690749283E-004       1       4       4       1       5       5
   0.58262539722691827E-003       1       4       4       2       4       4
  -0.16764975542420036E-004       1       4       4       2       5       5
  -0.33558283887612965E-002       1       4       5       1       4       5
   0.61617479235525968E-003       1       4       5       2       4       5
  -0.32154558189692291E-002       1       5       5       1       5       5
   0.58262539722691870E-003       1       5       5       2       5       5
  -0.58179437716268569E-003       2       2       2       2       2       2
  -0.98387942911307862E-004       2       2       2       2       3       3
  -0.98387942911307862E-004       2       2       2       2       4       4
  -0.98387942911309841E-004       2       2       2       2       5       5
  -0.48463550416269100E-003       2       2       3       2       2       3
  -0.22940776100501063E-003       2       2       3       3       3       3
  -0.80194029386686930E-004       2       2       3       3       4       4
  -0.80194029386687025E-004       2       2       3       3       5       5
  -0.68877921310498254E-004       2       2       3       4       4       3
  -0.68877921310500124E-004       2       2       3       5       5       3
  -0.48463550416269095E-003       2       2       4       2       2       4
  -0.68877921310498173E-004       2       2       4       3       3       4
  -0.22940776100501071E-003       2       2       4       4       4       4
  -0.80194029386687025E-004       2       2       4       4       5       5
  -0.68877921310500111E-004       2       2       4       5       5       4
  -0.48463550416269041E-003       2       2       5       2       2       5
  -0.68877921310498078E-004       2       2       5       3       3       5
  -0.68877921310498078E-004       2       2       5       4       4       5
  -0.22940776100501274E-003       2       2       5       5       5       5
  -0.42320285510832613E-003       2       3       3       2       3       3
  -0.27986339798939419E-004       2       3       3       2       4       4
  -0.27986339798940778E-004       2       3       3       2       5       5
  -0.36716256161454142E-003       2       3       4       2       3       4
  -0.36716256161454131E-003       2       3       5       2       3       5
  -0.42320285510832613E-003       2       4       4       2       4       4
  -0.27986339798940768E-004       2       4       4       2       5       5
  -0.36716256161454131E-003       2       4       5       2       4       5
  -0.42320285510832423E-003       2       5       5       2       5       5
  -0.44692969360016411E-003       3       3       3       3       3       3
  -0.46067082287115420E-004       3       3       3       3       4       4
  -0.46067082287116809E-004       3       3       3       3       5       5
  -0.26253687850655370E-003       3       3       4       3       3       4
  -0.46067082287115399E-004       3       3       4       4       4       4
  -0.24805541577158181E-004       3       3       4       4       5       5
   0.35473735738241672E-005       3       3       4       5       5       4
  -0.26253687850655424E-003       3       3       5       3       3       5
   0.35473735738255902E-005       3       3       5       4       4       5
  -0.46067082287116755E-004       3       3       5       5       5       5
  -0.26253687850655386E-003       3       4       4       3       4       4
   0.35473735738241765E-005       3       4       4       3       5       5
  -0.26959070202234813E-003       3       4       5       3       4       5
  -0.26253687850655354E-003       3       5       5       3       5       5
  -0.44692969360016406E-003       4       4       4       4       4       4
  -0.46067082287116822E-004       4       4       4       4       5       5
  -0.26253687850655413E-003       4       4       5       4       4       5
  -0.46067082287116755E-004       4       4       5       5       5       5
  -0.26253687850655348E-003       4       5       5       4       5       5
  -0.44692969360016124E-003       5       5       5       5       5       5
