           5
  -0.31444410069803072E-001       1       1       1       1       1       1
   0.45584766625700367E-002       1       1       1       1       1       2
  -0.85210519759836803E-003       1       1       1       1       2       2
   0.21619078022744868E-006       1       1       1       1       3       3
   0.21619078022746676E-006       1       1       1       1       4       4
   0.21619078022728605E-006       1       1       1       1       5       5
   0.19430084505771451E-003       1       1       1       2       2       2
  -0.10966438159206810E-004       1       1       1       2       3       3
  -0.10966438159206805E-004       1       1       1       2       4       4
  -0.10966438159206838E-004       1       1       1       2       5       5
   0.38889767759331248E-002       1       1       2       1       1       2
  -0.13855990578687974E-002       1       1       2       1       2       2
   0.99799126864179627E-004       1       1       2       1       3       3
   0.99799126864179451E-004       1       1       2       1       4       4
   0.99799126864178692E-004       1       1       2       1       5       5
   0.35994033566296064E-003       1       1       2       2       2       2
  -0.35550834203001981E-004       1       1       2       2       3       3
  -0.35550834203002022E-004       1       1       2       2       4       4
  -0.35550834203001934E-004       1       1       2       2       5       5
  -0.50228521108274547E-004       1       1       2       3       3       2
  -0.50228521108274473E-004       1       1       2       4       4       2
  -0.50228521108274486E-004       1       1       2       5       5       2
   0.36782076610385448E-002       1       1       3       1       1       3
  -0.13942921831646121E-002       1       1       3       1       2       3
   0.37240885238333434E-003       1       1       3       2       2       3
  -0.60789863671678781E-004       1       1       3       3       3       3
  -0.64067554574326635E-005       1       1       3       3       4       4
  -0.64067554574326736E-005       1       1       3       3       5       5
  -0.47974630090886129E-004       1       1       3       4       4       3
  -0.47974630090886149E-004       1       1       3       5       5       3
   0.36782076610385414E-002       1       1       4       1       1       4
  -0.13942921831646103E-002       1       1       4       1       2       4
   0.37240885238333505E-003       1       1       4       2       2       4
  -0.47974630090886203E-004       1       1       4       3       3       4
  -0.60789863671678748E-004       1       1       4       4       4       4
  -0.64067554574326779E-005       1       1       4       4       5       5
  -0.47974630090886190E-004       1       1       4       5       5       4
   0.36782076610385270E-002       1       1       5       1       1       5
  -0.13942921831646138E-002       1       1       5       1       2       5
   0.37240885238333505E-003       1       1       5       2       2       5
  -0.47974630090886237E-004       1       1       5       3       3       5
  -0.47974630090886217E-004       1       1       5       4       4       5
  -0.60789863671678761E-004       1       1       5       5       5       5
  -0.29731548708649223E-002       1       2       2       1       2       2
  -0.11535031371777769E-003       1       2       2       1       3       3
  -0.11535031371777758E-003       1       2       2       1       4       4
  -0.11535031371778156E-003       1       2       2       1       5       5
   0.51158694680927537E-003       1       2       2       2       2       2
  -0.36395356309883887E-004       1       2       2       2       3       3
  -0.36395356309883894E-004       1       2       2       2       4       4
  -0.36395356309883839E-004       1       2       2       2       5       5
  -0.62134095034478129E-004       1       2       2       3       2       3
  -0.62134095034478061E-004       1       2       2       4       2       4
  -0.62134095034478264E-004       1       2       2       5       2       5
  -0.31916670449033840E-002       1       2       3       1       2       3
   0.56014013834728392E-003       1       2       3       2       2       3
  -0.87429111435424425E-004       1       2       3       3       3       3
  -0.13973200004411382E-004       1       2       3       3       4       4
  -0.13973200004411394E-004       1       2       3       3       5       5
  -0.13973200004411382E-004       1       2       3       4       3       4
  -0.59474308638047892E-004       1       2       3       4       4       3
  -0.13973200004411412E-004       1       2       3       5       3       5
  -0.59474308638048123E-004       1       2       3       5       5       3
  -0.31916670449033862E-002       1       2       4       1       2       4
   0.56014013834728381E-003       1       2       4       2       2       4
  -0.59474308638047940E-004       1       2       4       3       3       4
  -0.87429111435424371E-004       1       2       4       4       4       4
  -0.13973200004411399E-004       1       2       4       4       5       5
  -0.13973200004411400E-004       1       2       4       5       4       5
  -0.59474308638048163E-004       1       2       4       5       5       4
  -0.31916670449033944E-002       1       2       5       1       2       5
   0.56014013834728435E-003       1       2       5       2       2       5
  -0.59474308638048001E-004       1       2       5       3       3       5
  -0.59474308638048001E-004       1       2       5       4       4       5
  -0.87429111435424588E-004       1       2       5       5       5       5
  -0.33149750610243015E-002       1       3       3       1       3       3
   0.74207330020421408E-004       1       3       3       1       4       4
   0.74207330020418480E-004       1       3       3       1       5       5
   0.58961649208559780E-003       1       3       3       2       3       3
  -0.16024636666402444E-004       1       3       3       2       4       4
  -0.16024636666402433E-004       1       3       3       2       5       5
  -0.34636555701950339E-002       1       3       4       1       3       4
   0.62168599809620255E-003       1       3       4       2       3       4
  -0.34636555701950443E-002       1       3       5       1       3       5
   0.62168599809620309E-003       1       3       5       2       3       5
  -0.33149750610243041E-002       1       4       4       1       4       4
   0.74207330020418521E-004       1       4       4       1       5       5
   0.58961649208559845E-003       1       4       4       2       4       4
  -0.16024636666402444E-004       1       4       4       2       5       5
  -0.34636555701950370E-002       1       4       5       1       4       5
   0.62168599809620320E-003       1       4       5       2       4       5
  -0.33149750610243188E-002       1       5       5       1       5       5
   0.58961649208559932E-003       1       5       5       2       5       5
  -0.59031866662306355E-003       2       2       2       2       2       2
  -0.10528891881663355E-003       2       2       2       2       3       3
  -0.10528891881663349E-003       2       2       2       2       4       4
  -0.10528891881663725E-003       2       2       2       2       5       5
  -0.49813967724944672E-003       2       2       3       2       2       3
  -0.22080658727807097E-003       2       2       3       3       3       3
  -0.71786354549321360E-004       2       2       3       3       4       4
  -0.71786354549321332E-004       2       2       3       3       5       5
  -0.77067974519356907E-004       2       2       3       4       4       3
  -0.77067974519360620E-004       2       2       3       5       5       3
  -0.49813967724944618E-003       2       2       4       2       2       4
  -0.77067974519356880E-004       2       2       4       3       3       4
  -0.22080658727807094E-003       2       2       4       4       4       4
  -0.71786354549321332E-004       2       2       4       4       5       5
  -0.77067974519360634E-004       2       2       4       5       5       4
  -0.49813967724944618E-003       2       2       5       2       2       5
  -0.77067974519356880E-004       2       2       5       3       3       5
  -0.77067974519356839E-004       2       2       5       4       4       5
  -0.22080658727807474E-003       2       2       5       5       5       5
  -0.44313431974148072E-003       2       3       3       2       3       3
  -0.29779477560118096E-004       2       3       3       2       4       4
  -0.29779477560121054E-004       2       3       3       2       5       5
  -0.38351213930590353E-003       2       3       4       2       3       4
  -0.38351213930590483E-003       2       3       5       2       3       5
  -0.44313431974148072E-003       2       4       4       2       4       4
  -0.29779477560121047E-004       2       4       4       2       5       5
  -0.38351213930590494E-003       2       4       5       2       4       5
  -0.44313431974148028E-003       2       5       5       2       5       5
  -0.46828463740912295E-003       3       3       3       3       3       3
  -0.45816100022573323E-004       3       3       3       3       4       4
  -0.45816100022576318E-004       3       3       3       3       5       5
  -0.28490745601743138E-003       3       3       4       3       3       4
  -0.45816100022573330E-004       3       3       4       4       4       4
  -0.22974127563046810E-004       3       3       4       4       5       5
   0.13204111722514870E-006       3       3       4       5       5       4
  -0.28490745601743382E-003       3       3       5       3       3       5
   0.13204111722809863E-006       3       3       5       4       4       5
  -0.45816100022576332E-004       3       3       5       5       5       5
  -0.28490745601743154E-003       3       4       4       3       4       4
   0.13204111722513515E-006       3       4       4       3       5       5
  -0.28513482947125626E-003       3       4       5       3       4       5
  -0.28490745601743344E-003       3       5       5       3       5       5
  -0.46828463740912317E-003       4       4       4       4       4       4
  -0.45816100022576311E-004       4       4       4       4       5       5
  -0.28490745601743403E-003       4       4       5       4       4       5
  -0.45816100022576311E-004       4       4       5       5       5       5
  -0.28490745601743360E-003       4       5       5       4       5       5
  -0.46828463740912214E-003       5       5       5       5       5       5
