&FCI
 NORB=5,
 NELEC=7,
 MS2=3,
 ISYM=1,
 ORBSYM=1,1,1,1,1,
 ST=1,
 III=1,
 OCC=5,
 CLOSED=2,
 /
    4.0853847168100801            1       1       1       1
  -0.58737006041459694            2       1       1       1
  -0.24188962862698618            1       2       1       1
   0.92486357098231342            2       2       1       1
   0.91462865135916616            3       3       1       1
   0.91462865135916627            4       4       1       1
   0.91462865135916627            5       5       1       1
  -0.58737006041459694            1       1       2       1
   0.10779597096206316            2       1       2       1
   0.67072859393383505E-001       1       2       2       1
  -0.62079396764048465E-001       2       2       2       1
  -0.51705940566353650E-001       3       3       2       1
  -0.51705940566353671E-001       4       4       2       1
  -0.51705940566353650E-001       5       5       2       1
   0.38239844505157661E-001       3       1       3       1
   0.44326911000587284E-001       3       2       3       1
   0.22364279705945650E-001       1       3       3       1
   0.42665393845263772E-001       2       3       3       1
   0.38239844505157668E-001       4       1       4       1
   0.44326911000587263E-001       4       2       4       1
   0.22364279705945646E-001       1       4       4       1
   0.42665393845263751E-001       2       4       4       1
   0.38239844505157682E-001       5       1       5       1
   0.44326911000587263E-001       5       2       5       1
   0.22364279705945636E-001       1       5       5       1
   0.42665393845263751E-001       2       5       5       1
  -0.24188962862698618            1       1       1       2
   0.67072859393383505E-001       2       1       1       2
   0.26349747824703840E-001       1       2       1       2
   0.16188349887163639E-001       2       2       1       2
   0.23040403129849132E-001       3       3       1       2
   0.23040403129849243E-001       4       4       1       2
   0.23040403129849271E-001       5       5       1       2
   0.92486357098231342            1       1       2       2
  -0.62079396764048465E-001       2       1       2       2
   0.16188349887163639E-001       1       2       2       2
   0.52277955617949212            2       2       2       2
   0.53543666852017524            3       3       2       2
   0.53543666852017524            4       4       2       2
   0.53543666852017513            5       5       2       2
   0.44326911000587284E-001       3       1       3       2
   0.12973166293467109            3       2       3       2
   0.16176911899848437E-001       1       3       3       2
   0.13083440588349232            2       3       3       2
   0.44326911000587263E-001       4       1       4       2
   0.12973166293467106            4       2       4       2
   0.16176911899848434E-001       1       4       4       2
   0.13083440588349229            2       4       4       2
   0.44326911000587263E-001       5       1       5       2
   0.12973166293467106            5       2       5       2
   0.16176911899848451E-001       1       5       5       2
   0.13083440588349229            2       5       5       2
   0.22364279705945650E-001       3       1       1       3
   0.16176911899848437E-001       3       2       1       3
   0.64887149067336322E-002       1       3       1       3
   0.14515394744524915E-001       2       3       1       3
   0.42665393845263772E-001       3       1       2       3
   0.13083440588349232            3       2       2       3
   0.14515394744524915E-001       1       3       2       3
   0.13193714883231353            2       3       2       3
   0.91462865135916616            1       1       3       3
  -0.51705940566353650E-001       2       1       3       3
   0.23040403129849132E-001       1       2       3       3
   0.53543666852017524            2       2       3       3
   0.59999808212371342            3       3       3       3
   0.52619161387296998            4       4       3       3
   0.52619161387297009            5       5       3       3
   0.36906201276811643E-001       4       3       4       3
   0.36906201276811643E-001       3       4       4       3
   0.36906201276811643E-001       5       3       5       3
   0.36906201276811643E-001       3       5       5       3
   0.22364279705945646E-001       4       1       1       4
   0.16176911899848434E-001       4       2       1       4
   0.64887149067336253E-002       1       4       1       4
   0.14515394744524908E-001       2       4       1       4
   0.42665393845263751E-001       4       1       2       4
   0.13083440588349229            4       2       2       4
   0.14515394744524908E-001       1       4       2       4
   0.13193714883231350            2       4       2       4
   0.36906201276811643E-001       4       3       3       4
   0.36906201276811643E-001       3       4       3       4
   0.91462865135916627            1       1       4       4
  -0.51705940566353671E-001       2       1       4       4
   0.23040403129849243E-001       1       2       4       4
   0.53543666852017524            2       2       4       4
   0.52619161387296998            3       3       4       4
   0.59999808212371342            4       4       4       4
   0.52619161387297009            5       5       4       4
   0.36906201276811643E-001       5       4       5       4
   0.36906201276811643E-001       4       5       5       4
   0.22364279705945636E-001       5       1       1       5
   0.16176911899848451E-001       5       2       1       5
   0.64887149067335906E-002       1       5       1       5
   0.14515394744524925E-001       2       5       1       5
   0.42665393845263751E-001       5       1       2       5
   0.13083440588349229            5       2       2       5
   0.14515394744524925E-001       1       5       2       5
   0.13193714883231353            2       5       2       5
   0.36906201276811643E-001       5       3       3       5
   0.36906201276811643E-001       3       5       3       5
   0.36906201276811643E-001       5       4       4       5
   0.36906201276811643E-001       4       5       4       5
   0.91462865135916627            1       1       5       5
  -0.51705940566353650E-001       2       1       5       5
   0.23040403129849271E-001       1       2       5       5
   0.53543666852017513            2       2       5       5
   0.52619161387297009            3       3       5       5
   0.52619161387297009            4       4       5       5
   0.59999808212371331            5       5       5       5
   -24.427272334763131            1       1       0       0
   0.51983474207596547            1       2       0       0
   0.51983474207596547            2       1       0       0
   -5.3243850428317483            2       2       0       0
   -4.9236623406036211            3       3       0       0
   -4.9236623406036211            4       4       0       0
   -4.9236623406036211            5       5       0       0
    0.0000000000000000            0       0       0       0
