&FCI
 NORB=5,
 NELEC=7,
 MS2=3,
 ISYM=1,
 ORBSYM=1,1,1,1,1,
 ST=1,
 III=1,
 OCC=5,
 CLOSED=2,
 /
    4.0857408837847355            1       1       1       1
  -0.58766208082570326            2       1       1       1
  -0.24180945761868253            1       2       1       1
   0.92462382246272123            2       2       1       1
   0.91437393141647538            3       3       1       1
   0.91437393141647538            4       4       1       1
   0.91437393141647538            5       5       1       1
  -0.58766208082570326            1       1       2       1
   0.10765619266282682            2       1       2       1
   0.67089580102306229E-001       1       2       2       1
  -0.62279766425052681E-001       2       2       2       1
  -0.51940493849818269E-001       3       3       2       1
  -0.51940493849818303E-001       4       4       2       1
  -0.51940493849818269E-001       5       5       2       1
   0.38269080242903111E-001       3       1       3       1
   0.44318006572683991E-001       3       2       3       1
   0.22364842289998167E-001       1       3       3       1
   0.42655090443429987E-001       2       3       3       1
   0.38269080242903111E-001       4       1       4       1
   0.44318006572684018E-001       4       2       4       1
   0.22364842289998171E-001       1       4       4       1
   0.42655090443430008E-001       2       4       4       1
   0.38269080242903097E-001       5       1       5       1
   0.44318006572684025E-001       5       2       5       1
   0.22364842289998164E-001       1       5       5       1
   0.42655090443430022E-001       2       5       5       1
  -0.24180945761868253            1       1       1       2
   0.67089580102306229E-001       2       1       1       2
   0.26522967541785639E-001       1       2       1       2
   0.16374877726596938E-001       2       2       1       2
   0.23265266231440498E-001       3       3       1       2
   0.23265266231440436E-001       4       4       1       2
   0.23265266231440346E-001       5       5       1       2
   0.92462382246272123            1       1       2       2
  -0.62279766425052681E-001       2       1       2       2
   0.16374877726596938E-001       1       2       2       2
   0.52221823874768081            2       2       2       2
   0.53489088886132363            3       3       2       2
   0.53489088886132363            4       4       2       2
   0.53489088886132363            5       5       2       2
   0.44318006572683991E-001       3       1       3       2
   0.12973346151695514            3       2       3       2
   0.16178567166423685E-001       1       3       3       2
   0.13086434958624310            2       3       3       2
   0.44318006572684018E-001       4       1       4       2
   0.12973346151695520            4       2       4       2
   0.16178567166423682E-001       1       4       4       2
   0.13086434958624313            2       4       4       2
   0.44318006572684025E-001       5       1       5       2
   0.12973346151695520            5       2       5       2
   0.16178567166423668E-001       1       5       5       2
   0.13086434958624313            2       5       5       2
   0.22364842289998167E-001       3       1       1       3
   0.16178567166423685E-001       3       2       1       3
   0.64606043370932231E-002       1       3       1       3
   0.14515651037169664E-001       2       3       1       3
   0.42655090443429987E-001       3       1       2       3
   0.13086434958624310            3       2       2       3
   0.14515651037169664E-001       1       3       2       3
   0.13199523765553109            2       3       2       3
   0.91437393141647538            1       1       3       3
  -0.51940493849818269E-001       2       1       3       3
   0.23265266231440498E-001       1       2       3       3
   0.53489088886132363            2       2       3       3
   0.59962130406575154            3       3       3       3
   0.52558343032304877            4       4       3       3
   0.52558343032304888            5       5       3       3
   0.37021878779996867E-001       4       3       4       3
   0.37021878779996867E-001       3       4       4       3
   0.37021878779996867E-001       5       3       5       3
   0.37021878779996867E-001       3       5       5       3
   0.22364842289998171E-001       4       1       1       4
   0.16178567166423682E-001       4       2       1       4
   0.64606043370932301E-002       1       4       1       4
   0.14515651037169661E-001       2       4       1       4
   0.42655090443430008E-001       4       1       2       4
   0.13086434958624313            4       2       2       4
   0.14515651037169661E-001       1       4       2       4
   0.13199523765553106            2       4       2       4
   0.37021878779996867E-001       4       3       3       4
   0.37021878779996867E-001       3       4       3       4
   0.91437393141647538            1       1       4       4
  -0.51940493849818303E-001       2       1       4       4
   0.23265266231440436E-001       1       2       4       4
   0.53489088886132363            2       2       4       4
   0.52558343032304877            3       3       4       4
   0.59962130406575165            4       4       4       4
   0.52558343032304855            5       5       4       4
   0.37021878779996867E-001       5       4       5       4
   0.37021878779996867E-001       4       5       5       4
   0.22364842289998164E-001       5       1       1       5
   0.16178567166423668E-001       5       2       1       5
   0.64606043370932301E-002       1       5       1       5
   0.14515651037169650E-001       2       5       1       5
   0.42655090443430022E-001       5       1       2       5
   0.13086434958624313            5       2       2       5
   0.14515651037169650E-001       1       5       2       5
   0.13199523765553106            2       5       2       5
   0.37021878779996867E-001       5       3       3       5
   0.37021878779996867E-001       3       5       3       5
   0.37021878779996867E-001       5       4       4       5
   0.37021878779996867E-001       4       5       4       5
   0.91437393141647538            1       1       5       5
  -0.51940493849818269E-001       2       1       5       5
   0.23265266231440346E-001       1       2       5       5
   0.53489088886132363            2       2       5       5
   0.52558343032304888            3       3       5       5
   0.52558343032304855            4       4       5       5
   0.59962130406575165            5       5       5       5
   -24.427272334763131            1       1       0       0
   0.51983474207596547            1       2       0       0
   0.51983474207596547            2       1       0       0
   -5.3243850428317483            2       2       0       0
   -4.9236623406036211            3       3       0       0
   -4.9236623406036211            4       4       0       0
   -4.9236623406036211            5       5       0       0
    0.0000000000000000            0       0       0       0
