&FCI
 NORB=5,
 NELEC=7,
 MS2=3,
 ISYM=1,
 ORBSYM=1,1,1,1,1,
 ST=1,
 III=1,
 OCC=5,
 CLOSED=2,
 /
    4.0856947326065773            1       1       1       1
  -0.58821402073797824            2       1       1       1
  -0.24126676521057397            1       2       1       1
   0.92453977354062888            2       2       1       1
   0.91428975437809834            3       3       1       1
   0.91428975437809834            4       4       1       1
   0.91428975437809834            5       5       1       1
  -0.58821402073797824            1       1       2       1
   0.10780003344125133            2       1       2       1
   0.67091969137721405E-001       1       2       2       1
  -0.62646559382525113E-001       2       2       2       1
  -0.52283763217841249E-001       3       3       2       1
  -0.52283763217841193E-001       4       4       2       1
  -0.52283763217841166E-001       5       5       2       1
   0.38159757404862271E-001       3       1       3       1
   0.43748966783996410E-001       3       2       3       1
   0.22365879796911257E-001       1       3       3       1
   0.42125416167682103E-001       2       3       3       1
   0.38159757404862271E-001       4       1       4       1
   0.43748966783996389E-001       4       2       4       1
   0.22365879796911247E-001       1       4       4       1
   0.42125416167682075E-001       2       4       4       1
   0.38159757404862264E-001       5       1       5       1
   0.43748966783996382E-001       5       2       5       1
   0.22365879796911237E-001       1       5       5       1
   0.42125416167682062E-001       2       5       5       1
  -0.24126676521057397            1       1       1       2
   0.67091969137721405E-001       2       1       1       2
   0.26383904834191473E-001       1       2       1       2
   0.16645390780307516E-001       2       2       1       2
   0.23519587363577274E-001       3       3       1       2
   0.23519587363577267E-001       4       4       1       2
   0.23519587363577288E-001       5       5       1       2
   0.92453977354062888            1       1       2       2
  -0.62646559382525113E-001       2       1       2       2
   0.16645390780307516E-001       1       2       2       2
   0.52108071726716587            2       2       2       2
   0.53379216810672925            3       3       2       2
   0.53379216810672925            4       4       2       2
   0.53379216810672925            5       5       2       2
   0.43748966783996410E-001       3       1       3       2
   0.12880182892445594            3       2       3       2
   0.16664855694994041E-001       1       3       3       2
   0.13044715580730340            2       3       3       2
   0.43748966783996389E-001       4       1       4       2
   0.12880182892445594            4       2       4       2
   0.16664855694994048E-001       1       4       4       2
   0.13044715580730337            2       4       4       2
   0.43748966783996382E-001       5       1       5       2
   0.12880182892445591            5       2       5       2
   0.16664855694994048E-001       1       5       5       2
   0.13044715580730337            2       5       5       2
   0.22365879796911257E-001       3       1       1       3
   0.16664855694994041E-001       3       2       1       3
   0.65720021889602472E-002       1       3       1       3
   0.15041305078679717E-001       2       3       1       3
   0.42125416167682103E-001       3       1       2       3
   0.13044715580730340            3       2       2       3
   0.15041305078679717E-001       1       3       2       3
   0.13209248269015086            2       3       2       3
   0.91428975437809834            1       1       3       3
  -0.52283763217841249E-001       2       1       3       3
   0.23519587363577274E-001       1       2       3       3
   0.53379216810672925            2       2       3       3
   0.59838297459206313            3       3       3       3
   0.52461188419253058            4       4       3       3
   0.52461188419253069            5       5       3       3
   0.36888522478423766E-001       4       3       4       3
   0.36888522478423766E-001       3       4       4       3
   0.36888522478423759E-001       5       3       5       3
   0.36888522478423766E-001       3       5       5       3
   0.22365879796911247E-001       4       1       1       4
   0.16664855694994048E-001       4       2       1       4
   0.65720021889602229E-002       1       4       1       4
   0.15041305078679717E-001       2       4       1       4
   0.42125416167682075E-001       4       1       2       4
   0.13044715580730337            4       2       2       4
   0.15041305078679717E-001       1       4       2       4
   0.13209248269015084            2       4       2       4
   0.36888522478423766E-001       4       3       3       4
   0.36888522478423766E-001       3       4       3       4
   0.91428975437809834            1       1       4       4
  -0.52283763217841193E-001       2       1       4       4
   0.23519587363577267E-001       1       2       4       4
   0.53379216810672925            2       2       4       4
   0.52461188419253058            3       3       4       4
   0.59838297459206358            4       4       4       4
   0.52461188419253080            5       5       4       4
   0.36888522478423759E-001       5       4       5       4
   0.36888522478423766E-001       4       5       5       4
   0.22365879796911237E-001       5       1       1       5
   0.16664855694994048E-001       5       2       1       5
   0.65720021889602090E-002       1       5       1       5
   0.15041305078679717E-001       2       5       1       5
   0.42125416167682062E-001       5       1       2       5
   0.13044715580730337            5       2       2       5
   0.15041305078679717E-001       1       5       2       5
   0.13209248269015084            2       5       2       5
   0.36888522478423766E-001       5       3       3       5
   0.36888522478423766E-001       3       5       3       5
   0.36888522478423766E-001       5       4       4       5
   0.36888522478423766E-001       4       5       4       5
   0.91428975437809834            1       1       5       5
  -0.52283763217841166E-001       2       1       5       5
   0.23519587363577288E-001       1       2       5       5
   0.53379216810672925            2       2       5       5
   0.52461188419253069            3       3       5       5
   0.52461188419253080            4       4       5       5
   0.59838297459206358            5       5       5       5
   -24.427272334763131            1       1       0       0
   0.51983474207596547            1       2       0       0
   0.51983474207596547            2       1       0       0
   -5.3243850428317483            2       2       0       0
   -4.9236623406036211            3       3       0       0
   -4.9236623406036211            4       4       0       0
   -4.9236623406036211            5       5       0       0
    0.0000000000000000            0       0       0       0
