&FCI
 NORB=5,
 NELEC=7,
 MS2=3,
 ISYM=1,
 ORBSYM=1,1,1,1,1,
 ST=1,
 III=1,
 OCC=5,
 CLOSED=2,
 /
    4.0855238697070355            1       1       1       1
  -0.58851713859089738            2       1       1       1
  -0.24097605496004829            1       2       1       1
   0.92433589938246297            2       2       1       1
   0.91408503751743553            3       3       1       1
   0.91408503751743564            4       4       1       1
   0.91408503751743564            5       5       1       1
  -0.58851713859089738            1       1       2       1
   0.10779100909751185            2       1       2       1
   0.67092074086737702E-001       1       2       2       1
  -0.62611485335314382E-001       2       2       2       1
  -0.52270819278245201E-001       3       3       2       1
  -0.52270819278245159E-001       4       4       2       1
  -0.52270819278245152E-001       5       5       2       1
   0.38234395235690125E-001       3       1       3       1
   0.43963805135918292E-001       3       2       3       1
   0.22361993243251672E-001       1       3       3       1
   0.42325735147361362E-001       2       3       3       1
   0.38234395235690118E-001       4       1       4       1
   0.43963805135918285E-001       4       2       4       1
   0.22361993243251676E-001       1       4       4       1
   0.42325735147361362E-001       2       4       4       1
   0.38234395235690097E-001       5       1       5       1
   0.43963805135918299E-001       5       2       5       1
   0.22361993243251645E-001       1       5       5       1
   0.42325735147361362E-001       2       5       5       1
  -0.24097605496004829            1       1       1       2
   0.67092074086737702E-001       2       1       1       2
   0.26393139075963572E-001       1       2       1       2
   0.16628851210213347E-001       2       2       1       2
   0.23523452055705975E-001       3       3       1       2
   0.23523452055705885E-001       4       4       1       2
   0.23523452055705864E-001       5       5       1       2
   0.92433589938246297            1       1       2       2
  -0.62611485335314382E-001       2       1       2       2
   0.16628851210213347E-001       1       2       2       2
   0.52075026633006882            2       2       2       2
   0.53347344712751699            3       3       2       2
   0.53347344712751710            4       4       2       2
   0.53347344712751699            5       5       2       2
   0.43963805135918292E-001       3       1       3       2
   0.12865314143344256            3       2       3       2
   0.16454139058974068E-001       1       3       3       2
   0.13024051115912888            2       3       3       2
   0.43963805135918285E-001       4       1       4       2
   0.12865314143344253            4       2       4       2
   0.16454139058974068E-001       1       4       4       2
   0.13024051115912885            2       4       4       2
   0.43963805135918299E-001       5       1       5       2
   0.12865314143344256            5       2       5       2
   0.16454139058974072E-001       1       5       5       2
   0.13024051115912885            2       5       5       2
   0.22361993243251672E-001       3       1       1       3
   0.16454139058974068E-001       3       2       1       3
   0.64895912508132272E-002       1       3       1       3
   0.14816069070417125E-001       2       3       1       3
   0.42325735147361362E-001       3       1       2       3
   0.13024051115912888            3       2       2       3
   0.14816069070417125E-001       1       3       2       3
   0.13182788088481520            2       3       2       3
   0.91408503751743553            1       1       3       3
  -0.52270819278245201E-001       2       1       3       3
   0.23523452055705975E-001       1       2       3       3
   0.53347344712751699            2       2       3       3
   0.59768422139898392            3       3       3       3
   0.52449907266235973            4       4       3       3
   0.52449907266235973            5       5       3       3
   0.36595620204579904E-001       4       3       4       3
   0.36595620204579904E-001       3       4       4       3
   0.36595620204579904E-001       5       3       5       3
   0.36595620204579904E-001       3       5       5       3
   0.22361993243251676E-001       4       1       1       4
   0.16454139058974068E-001       4       2       1       4
   0.64895912508132307E-002       1       4       1       4
   0.14816069070417125E-001       2       4       1       4
   0.42325735147361362E-001       4       1       2       4
   0.13024051115912885            4       2       2       4
   0.14816069070417125E-001       1       4       2       4
   0.13182788088481517            2       4       2       4
   0.36595620204579904E-001       4       3       3       4
   0.36595620204579911E-001       3       4       3       4
   0.91408503751743564            1       1       4       4
  -0.52270819278245159E-001       2       1       4       4
   0.23523452055705885E-001       1       2       4       4
   0.53347344712751710            2       2       4       4
   0.52449907266235973            3       3       4       4
   0.59768422139898369            4       4       4       4
   0.52449907266235973            5       5       4       4
   0.36595620204579911E-001       5       4       5       4
   0.36595620204579911E-001       4       5       5       4
   0.22361993243251645E-001       5       1       1       5
   0.16454139058974072E-001       5       2       1       5
   0.64895912508131995E-002       1       5       1       5
   0.14816069070417128E-001       2       5       1       5
   0.42325735147361362E-001       5       1       2       5
   0.13024051115912885            5       2       2       5
   0.14816069070417128E-001       1       5       2       5
   0.13182788088481515            2       5       2       5
   0.36595620204579904E-001       5       3       3       5
   0.36595620204579911E-001       3       5       3       5
   0.36595620204579911E-001       5       4       4       5
   0.36595620204579911E-001       4       5       4       5
   0.91408503751743564            1       1       5       5
  -0.52270819278245152E-001       2       1       5       5
   0.23523452055705864E-001       1       2       5       5
   0.53347344712751699            2       2       5       5
   0.52449907266235973            3       3       5       5
   0.52449907266235973            4       4       5       5
   0.59768422139898358            5       5       5       5
   -24.427272334763131            1       1       0       0
   0.51983474207596547            1       2       0       0
   0.51983474207596547            2       1       0       0
   -5.3243850428317483            2       2       0       0
   -4.9236623406036211            3       3       0       0
   -4.9236623406036211            4       4       0       0
   -4.9236623406036211            5       5       0       0
    0.0000000000000000            0       0       0       0
