&FCI
 NORB=5,
 NELEC=7,
 MS2=3,
 ISYM=1,
 ORBSYM=1,1,1,1,1,
 ST=1,
 III=1,
 OCC=5,
 CLOSED=2,
 /
    4.0845751858779780            1       1       1       1
  -0.58996284592317005            2       1       1       1
  -0.23926257959061636            1       2       1       1
   0.92451173593743119            2       2       1       1
   0.91425798950419845            3       3       1       1
   0.91425798950419845            4       4       1       1
   0.91425798950419845            5       5       1       1
  -0.58996284592317005            1       1       2       1
   0.10835354198217001            2       1       2       1
   0.67079024022733399E-001       1       2       2       1
  -0.62301383517913346E-001       2       2       2       1
  -0.51934028215777167E-001       3       3       2       1
  -0.51934028215777132E-001       4       4       2       1
  -0.51934028215777119E-001       5       5       2       1
   0.38187027911227203E-001       3       1       3       1
   0.43917983892176278E-001       3       2       3       1
   0.22364762824646292E-001       1       3       3       1
   0.42284194678260945E-001       2       3       3       1
   0.38187027911227203E-001       4       1       4       1
   0.43917983892176271E-001       4       2       4       1
   0.22364762824646285E-001       1       4       4       1
   0.42284194678260945E-001       2       4       4       1
   0.38187027911227175E-001       5       1       5       1
   0.43917983892176271E-001       5       2       5       1
   0.22364762824646264E-001       1       5       5       1
   0.42284194678260952E-001       2       5       5       1
  -0.23926257959061636            1       1       1       2
   0.67079024022733399E-001       2       1       1       2
   0.25804506063296789E-001       1       2       1       2
   0.16330720777692438E-001       2       2       1       2
   0.23201324158216109E-001       3       3       1       2
   0.23201324158216144E-001       4       4       1       2
   0.23201324158216130E-001       5       5       1       2
   0.92451173593743119            1       1       2       2
  -0.62301383517913346E-001       2       1       2       2
   0.16330720777692438E-001       1       2       2       2
   0.52112844584516160            2       2       2       2
   0.53384278673090724            3       3       2       2
   0.53384278673090746            4       4       2       2
   0.53384278673090735            5       5       2       2
   0.43917983892176278E-001       3       1       3       2
   0.12908355206366345            3       2       3       2
   0.16519470318173399E-001       1       3       3       2
   0.13056511620622951            2       3       3       2
   0.43917983892176271E-001       4       1       4       2
   0.12908355206366340            4       2       4       2
   0.16519470318173406E-001       1       4       4       2
   0.13056511620622949            2       4       4       2
   0.43917983892176271E-001       5       1       5       2
   0.12908355206366340            5       2       5       2
   0.16519470318173406E-001       1       5       5       2
   0.13056511620622949            2       5       5       2
   0.22364762824646292E-001       3       1       1       3
   0.16519470318173399E-001       3       2       1       3
   0.65424977380653844E-002       1       3       1       3
   0.14885681104258051E-001       2       3       1       3
   0.42284194678260945E-001       3       1       2       3
   0.13056511620622951            3       2       2       3
   0.14885681104258051E-001       1       3       2       3
   0.13204668034879555            2       3       2       3
   0.91425798950419845            1       1       3       3
  -0.51934028215777167E-001       2       1       3       3
   0.23201324158216109E-001       1       2       3       3
   0.53384278673090724            2       2       3       3
   0.59846019372202997            3       3       3       3
   0.52465328711570813            4       4       3       3
   0.52465328711570813            5       5       3       3
   0.36906428176827044E-001       4       3       4       3
   0.36906428176827044E-001       3       4       4       3
   0.36906428176827044E-001       5       3       5       3
   0.36906428176827044E-001       3       5       5       3
   0.22364762824646285E-001       4       1       1       4
   0.16519470318173406E-001       4       2       1       4
   0.65424977380653740E-002       1       4       1       4
   0.14885681104258069E-001       2       4       1       4
   0.42284194678260945E-001       4       1       2       4
   0.13056511620622949            4       2       2       4
   0.14885681104258069E-001       1       4       2       4
   0.13204668034879558            2       4       2       4
   0.36906428176827044E-001       4       3       3       4
   0.36906428176827037E-001       3       4       3       4
   0.91425798950419845            1       1       4       4
  -0.51934028215777132E-001       2       1       4       4
   0.23201324158216144E-001       1       2       4       4
   0.53384278673090746            2       2       4       4
   0.52465328711570813            3       3       4       4
   0.59846019372203019            4       4       4       4
   0.52465328711570824            5       5       4       4
   0.36906428176827044E-001       5       4       5       4
   0.36906428176827044E-001       4       5       5       4
   0.22364762824646264E-001       5       1       1       5
   0.16519470318173406E-001       5       2       1       5
   0.65424977380653497E-002       1       5       1       5
   0.14885681104258072E-001       2       5       1       5
   0.42284194678260952E-001       5       1       2       5
   0.13056511620622949            5       2       2       5
   0.14885681104258072E-001       1       5       2       5
   0.13204668034879558            2       5       2       5
   0.36906428176827044E-001       5       3       3       5
   0.36906428176827044E-001       3       5       3       5
   0.36906428176827044E-001       5       4       4       5
   0.36906428176827044E-001       4       5       4       5
   0.91425798950419845            1       1       5       5
  -0.51934028215777119E-001       2       1       5       5
   0.23201324158216130E-001       1       2       5       5
   0.53384278673090735            2       2       5       5
   0.52465328711570813            3       3       5       5
   0.52465328711570824            4       4       5       5
   0.59846019372203019            5       5       5       5
   -24.427272334763131            1       1       0       0
   0.51983474207596547            1       2       0       0
   0.51983474207596547            2       1       0       0
   -5.3243850428317483            2       2       0       0
   -4.9236623406036211            3       3       0       0
   -4.9236623406036211            4       4       0       0
   -4.9236623406036211            5       5       0       0
    0.0000000000000000            0       0       0       0
