&FCI
 NORB=5,
 NELEC=7,
 MS2=3,
 ISYM=1,
 ORBSYM=1,1,1,1,1,
 ST=1,
 III=1,
 OCC=5,
 CLOSED=2,
 /
    4.0854898523219152            1       1       1       1
  -0.58760700866727322            2       1       1       1
  -0.24173075462400523            1       2       1       1
   0.92430993060162714            2       2       1       1
   0.91409529757303620            3       3       1       1
   0.91409529757303631            4       4       1       1
   0.91409529757303631            5       5       1       1
  -0.58760700866727322            1       1       2       1
   0.10768683274410509            2       1       2       1
   0.67073702490459935E-001       1       2       2       1
  -0.62589554916369472E-001       2       2       2       1
  -0.52225779072620500E-001       3       3       2       1
  -0.52225779072620472E-001       4       4       2       1
  -0.52225779072620458E-001       5       5       2       1
   0.38188380417916987E-001       3       1       3       1
   0.44199121070479158E-001       3       2       3       1
   0.22366081695201330E-001       1       3       3       1
   0.42546793732648532E-001       2       3       3       1
   0.38188380417916994E-001       4       1       4       1
   0.44199121070479179E-001       4       2       4       1
   0.22366081695201327E-001       1       4       4       1
   0.42546793732648559E-001       2       4       4       1
   0.38188380417917014E-001       5       1       5       1
   0.44199121070479179E-001       5       2       5       1
   0.22366081695201344E-001       1       5       5       1
   0.42546793732648552E-001       2       5       5       1
  -0.24173075462400523            1       1       1       2
   0.67073702490459935E-001       2       1       1       2
   0.26460572236814778E-001       1       2       1       2
   0.16672825948709759E-001       2       2       1       2
   0.23532222379195514E-001       3       3       1       2
   0.23532222379195548E-001       4       4       1       2
   0.23532222379195521E-001       5       5       1       2
   0.92430993060162714            1       1       2       2
  -0.62589554916369472E-001       2       1       2       2
   0.16672825948709759E-001       1       2       2       2
   0.52160048150653016            2       2       2       2
   0.53428808501068914            3       3       2       2
   0.53428808501068914            4       4       2       2
   0.53428808501068914            5       5       2       2
   0.44199121070479158E-001       3       1       3       2
   0.12972469560472599            3       2       3       2
   0.16296097330146440E-001       1       3       3       2
   0.13083346694617831            2       3       3       2
   0.44199121070479179E-001       4       1       4       2
   0.12972469560472596            4       2       4       2
   0.16296097330146454E-001       1       4       4       2
   0.13083346694617831            2       4       4       2
   0.44199121070479179E-001       5       1       5       2
   0.12972469560472596            5       2       5       2
   0.16296097330146468E-001       1       5       5       2
   0.13083346694617831            2       5       5       2
   0.22366081695201330E-001       3       1       1       3
   0.16296097330146440E-001       3       2       1       3
   0.65437829724856698E-002       1       3       1       3
   0.14643769992315807E-001       2       3       1       3
   0.42546793732648532E-001       3       1       2       3
   0.13083346694617831            3       2       2       3
   0.14643769992315807E-001       1       3       2       3
   0.13194223828763063            2       3       2       3
   0.91409529757303620            1       1       3       3
  -0.52225779072620500E-001       2       1       3       3
   0.23532222379195514E-001       1       2       3       3
   0.53428808501068914            2       2       3       3
   0.59906362408474156            3       3       3       3
   0.52497997609906488            4       4       3       3
   0.52497997609906488            5       5       3       3
   0.37044754193662356E-001       4       3       4       3
   0.37044754193662356E-001       3       4       4       3
   0.37044754193662356E-001       5       3       5       3
   0.37044754193662349E-001       3       5       5       3
   0.22366081695201327E-001       4       1       1       4
   0.16296097330146454E-001       4       2       1       4
   0.65437829724856594E-002       1       4       1       4
   0.14643769992315817E-001       2       4       1       4
   0.42546793732648559E-001       4       1       2       4
   0.13083346694617831            4       2       2       4
   0.14643769992315817E-001       1       4       2       4
   0.13194223828763063            2       4       2       4
   0.37044754193662356E-001       4       3       3       4
   0.37044754193662349E-001       3       4       3       4
   0.91409529757303631            1       1       4       4
  -0.52225779072620472E-001       2       1       4       4
   0.23532222379195548E-001       1       2       4       4
   0.53428808501068914            2       2       4       4
   0.52497997609906488            3       3       4       4
   0.59906362408474156            4       4       4       4
   0.52497997609906499            5       5       4       4
   0.37044754193662342E-001       5       4       5       4
   0.37044754193662342E-001       4       5       5       4
   0.22366081695201344E-001       5       1       1       5
   0.16296097330146468E-001       5       2       1       5
   0.65437829724856698E-002       1       5       1       5
   0.14643769992315828E-001       2       5       1       5
   0.42546793732648552E-001       5       1       2       5
   0.13083346694617831            5       2       2       5
   0.14643769992315828E-001       1       5       2       5
   0.13194223828763066            2       5       2       5
   0.37044754193662349E-001       5       3       3       5
   0.37044754193662349E-001       3       5       3       5
   0.37044754193662342E-001       5       4       4       5
   0.37044754193662342E-001       4       5       4       5
   0.91409529757303631            1       1       5       5
  -0.52225779072620458E-001       2       1       5       5
   0.23532222379195521E-001       1       2       5       5
   0.53428808501068914            2       2       5       5
   0.52497997609906488            3       3       5       5
   0.52497997609906499            4       4       5       5
   0.59906362408474167            5       5       5       5
   -24.427272334763131            1       1       0       0
   0.51983474207596547            1       2       0       0
   0.51983474207596547            2       1       0       0
   -5.3243850428317483            2       2       0       0
   -4.9236623406036211            3       3       0       0
   -4.9236623406036211            4       4       0       0
   -4.9236623406036211            5       5       0       0
    0.0000000000000000            0       0       0       0
