&FCI
 NORB=5,
 NELEC=7,
 MS2=3,
 ISYM=1,
 ORBSYM=1,1,1,1,1,
 ST=1,
 III=1,
 OCC=5,
 CLOSED=2,
 /
    4.0855943459129769            1       1       1       1
  -0.58852378682743289            2       1       1       1
  -0.24096408323990090            1       2       1       1
   0.92422047465581991            2       2       1       1
   0.91398169591392842            3       3       1       1
   0.91398169591392842            4       4       1       1
   0.91398169591392842            5       5       1       1
  -0.58852378682743289            1       1       2       1
   0.10781090385564526            2       1       2       1
   0.67092470224650022E-001       1       2       2       1
  -0.62592110547447288E-001       2       2       2       1
  -0.52248016423719394E-001       3       3       2       1
  -0.52248016423719450E-001       4       4       2       1
  -0.52248016423719422E-001       5       5       2       1
   0.38137816981006517E-001       3       1       3       1
   0.43538669643873165E-001       3       2       3       1
   0.22365253530068210E-001       1       3       3       1
   0.41932189388599148E-001       2       3       3       1
   0.38137816981006531E-001       4       1       4       1
   0.43538669643873158E-001       4       2       4       1
   0.22365253530068206E-001       1       4       4       1
   0.41932189388599134E-001       2       4       4       1
   0.38137816981006538E-001       5       1       5       1
   0.43538669643873165E-001       5       2       5       1
   0.22365253530068224E-001       1       5       5       1
   0.41932189388599148E-001       2       5       5       1
  -0.24096408323990090            1       1       1       2
   0.67092470224650022E-001       2       1       1       2
   0.26374036593654795E-001       1       2       1       2
   0.16620517113692994E-001       2       2       1       2
   0.23511726514659770E-001       3       3       1       2
   0.23511726514659798E-001       4       4       1       2
   0.23511726514659770E-001       5       5       1       2
   0.92422047465581991            1       1       2       2
  -0.62592110547447288E-001       2       1       2       2
   0.16620517113692994E-001       1       2       2       2
   0.52084478545771851            2       2       2       2
   0.53355842794596053            3       3       2       2
   0.53355842794596064            4       4       2       2
   0.53355842794596064            5       5       2       2
   0.43538669643873165E-001       3       1       3       2
   0.12843737055337281            3       2       3       2
   0.16843600717615391E-001       1       3       3       2
   0.13031781979379053            2       3       3       2
   0.43538669643873158E-001       4       1       4       2
   0.12843737055337276            4       2       4       2
   0.16843600717615356E-001       1       4       4       2
   0.13031781979379053            2       4       4       2
   0.43538669643873165E-001       5       1       5       2
   0.12843737055337279            5       2       5       2
   0.16843600717615363E-001       1       5       5       2
   0.13031781979379053            2       5       5       2
   0.22365253530068210E-001       3       1       1       3
   0.16843600717615391E-001       3       2       1       3
   0.65926900791299058E-002       1       3       1       3
   0.15237120462341356E-001       2       3       1       3
   0.41932189388599148E-001       3       1       2       3
   0.13031781979379053            3       2       2       3
   0.15237120462341356E-001       1       3       2       3
   0.13219826903420823            2       3       2       3
   0.91398169591392842            1       1       3       3
  -0.52248016423719394E-001       2       1       3       3
   0.23511726514659770E-001       1       2       3       3
   0.53355842794596053            2       2       3       3
   0.59809465314155164            3       3       3       3
   0.52440891356470676            4       4       3       3
   0.52440891356470676            5       5       3       3
   0.36845836895600122E-001       4       3       4       3
   0.36845836895600122E-001       3       4       4       3
   0.36845836895600122E-001       5       3       5       3
   0.36845836895600122E-001       3       5       5       3
   0.22365253530068206E-001       4       1       1       4
   0.16843600717615356E-001       4       2       1       4
   0.65926900791298815E-002       1       4       1       4
   0.15237120462341318E-001       2       4       1       4
   0.41932189388599134E-001       4       1       2       4
   0.13031781979379053            4       2       2       4
   0.15237120462341318E-001       1       4       2       4
   0.13219826903420828            2       4       2       4
   0.36845836895600122E-001       4       3       3       4
   0.36845836895600122E-001       3       4       3       4
   0.91398169591392842            1       1       4       4
  -0.52248016423719450E-001       2       1       4       4
   0.23511726514659798E-001       1       2       4       4
   0.53355842794596064            2       2       4       4
   0.52440891356470676            3       3       4       4
   0.59809465314155208            4       4       4       4
   0.52440891356470709            5       5       4       4
   0.36845836895600122E-001       5       4       5       4
   0.36845836895600122E-001       4       5       5       4
   0.22365253530068224E-001       5       1       1       5
   0.16843600717615363E-001       5       2       1       5
   0.65926900791299092E-002       1       5       1       5
   0.15237120462341325E-001       2       5       1       5
   0.41932189388599148E-001       5       1       2       5
   0.13031781979379053            5       2       2       5
   0.15237120462341325E-001       1       5       2       5
   0.13219826903420828            2       5       2       5
   0.36845836895600122E-001       5       3       3       5
   0.36845836895600122E-001       3       5       3       5
   0.36845836895600122E-001       5       4       4       5
   0.36845836895600122E-001       4       5       4       5
   0.91398169591392842            1       1       5       5
  -0.52248016423719422E-001       2       1       5       5
   0.23511726514659770E-001       1       2       5       5
   0.53355842794596064            2       2       5       5
   0.52440891356470676            3       3       5       5
   0.52440891356470709            4       4       5       5
   0.59809465314155219            5       5       5       5
   -24.427272334763131            1       1       0       0
   0.51983474207596547            1       2       0       0
   0.51983474207596547            2       1       0       0
   -5.3243850428317483            2       2       0       0
   -4.9236623406036211            3       3       0       0
   -4.9236623406036211            4       4       0       0
   -4.9236623406036211            5       5       0       0
    0.0000000000000000            0       0       0       0
