&FCI
 NORB=5,
 NELEC=7,
 MS2=3,
 ISYM=1,
 ORBSYM=1,1,1,1,1,
 ST=1,
 III=1,
 OCC=5,
 CLOSED=2,
 /
    4.0855519195735752            1       1       1       1
  -0.58778347414494392            2       1       1       1
  -0.24157481647810219            1       2       1       1
   0.92479915478021979            2       2       1       1
   0.91455448414779572            3       3       1       1
   0.91455448414779594            4       4       1       1
   0.91455448414779594            5       5       1       1
  -0.58778347414494392            1       1       2       1
   0.10777882498834823            2       1       2       1
   0.67079545042870808E-001       1       2       2       1
  -0.62896837645571718E-001       2       2       2       1
  -0.52502346475284345E-001       3       3       2       1
  -0.52502346475284262E-001       4       4       2       1
  -0.52502346475284255E-001       5       5       2       1
   0.38140586779700648E-001       3       1       3       1
   0.44046244165541697E-001       3       2       3       1
   0.22365750056022156E-001       1       3       3       1
   0.42407407946478848E-001       2       3       3       1
   0.38140586779700635E-001       4       1       4       1
   0.44046244165541669E-001       4       2       4       1
   0.22365750056022135E-001       1       4       4       1
   0.42407407946478820E-001       2       4       4       1
   0.38140586779700641E-001       5       1       5       1
   0.44046244165541669E-001       5       2       5       1
   0.22365750056022135E-001       1       5       5       1
   0.42407407946478820E-001       2       5       5       1
  -0.24157481647810219            1       1       1       2
   0.67079545042870808E-001       2       1       1       2
   0.26380265097393385E-001       1       2       1       2
   0.16872197574509258E-001       2       2       1       2
   0.23711540501096313E-001       3       3       1       2
   0.23711540501096431E-001       4       4       1       2
   0.23711540501096452E-001       5       5       1       2
   0.92479915478021979            1       1       2       2
  -0.62896837645571718E-001       2       1       2       2
   0.16872197574509258E-001       1       2       2       2
   0.52099864081277691            2       2       2       2
   0.53372457055400335            3       3       2       2
   0.53372457055400346            4       4       2       2
   0.53372457055400346            5       5       2       2
   0.44046244165541697E-001       3       1       3       2
   0.12920739031613174            3       2       3       2
   0.16420749030345058E-001       1       3       3       2
   0.13060285590089299            2       3       3       2
   0.44046244165541669E-001       4       1       4       2
   0.12920739031613176            4       2       4       2
   0.16420749030345062E-001       1       4       4       2
   0.13060285590089296            2       4       4       2
   0.44046244165541669E-001       5       1       5       2
   0.12920739031613176            5       2       5       2
   0.16420749030345065E-001       1       5       5       2
   0.13060285590089296            2       5       5       2
   0.22365750056022156E-001       3       1       1       3
   0.16420749030345058E-001       3       2       1       3
   0.65909133323436599E-002       1       3       1       3
   0.14781912811282195E-001       2       3       1       3
   0.42407407946478848E-001       3       1       2       3
   0.13060285590089299            3       2       2       3
   0.14781912811282195E-001       1       3       2       3
   0.13199832148565424            2       3       2       3
   0.91455448414779572            1       1       3       3
  -0.52502346475284345E-001       2       1       3       3
   0.23711540501096313E-001       1       2       3       3
   0.53372457055400335            2       2       3       3
   0.59834073636685470            3       3       3       3
   0.52455141010471185            4       4       3       3
   0.52455141010471185            5       5       3       3
   0.36897637909975967E-001       4       3       4       3
   0.36897637909975967E-001       3       4       4       3
   0.36897637909975960E-001       5       3       5       3
   0.36897637909975960E-001       3       5       5       3
   0.22365750056022135E-001       4       1       1       4
   0.16420749030345062E-001       4       2       1       4
   0.65909133323436390E-002       1       4       1       4
   0.14781912811282195E-001       2       4       1       4
   0.42407407946478820E-001       4       1       2       4
   0.13060285590089296            4       2       2       4
   0.14781912811282195E-001       1       4       2       4
   0.13199832148565419            2       4       2       4
   0.36897637909975967E-001       4       3       3       4
   0.36897637909975967E-001       3       4       3       4
   0.91455448414779594            1       1       4       4
  -0.52502346475284262E-001       2       1       4       4
   0.23711540501096431E-001       1       2       4       4
   0.53372457055400346            2       2       4       4
   0.52455141010471185            3       3       4       4
   0.59834073636685436            4       4       4       4
   0.52455141010471196            5       5       4       4
   0.36897637909975953E-001       5       4       5       4
   0.36897637909975953E-001       4       5       5       4
   0.22365750056022135E-001       5       1       1       5
   0.16420749030345065E-001       5       2       1       5
   0.65909133323436356E-002       1       5       1       5
   0.14781912811282202E-001       2       5       1       5
   0.42407407946478820E-001       5       1       2       5
   0.13060285590089296            5       2       2       5
   0.14781912811282202E-001       1       5       2       5
   0.13199832148565416            2       5       2       5
   0.36897637909975960E-001       5       3       3       5
   0.36897637909975960E-001       3       5       3       5
   0.36897637909975953E-001       5       4       4       5
   0.36897637909975960E-001       4       5       4       5
   0.91455448414779594            1       1       5       5
  -0.52502346475284255E-001       2       1       5       5
   0.23711540501096452E-001       1       2       5       5
   0.53372457055400346            2       2       5       5
   0.52455141010471185            3       3       5       5
   0.52455141010471196            4       4       5       5
   0.59834073636685448            5       5       5       5
   -24.427272334763131            1       1       0       0
   0.51983474207596547            1       2       0       0
   0.51983474207596547            2       1       0       0
   -5.3243850428317483            2       2       0       0
   -4.9236623406036211            3       3       0       0
   -4.9236623406036211            4       4       0       0
   -4.9236623406036211            5       5       0       0
    0.0000000000000000            0       0       0       0
