&FCI
 NORB=5,
 NELEC=7,
 MS2=3,
 ISYM=1,
 ORBSYM=1,1,1,1,1,
 ST=1,
 III=1,
 OCC=5,
 CLOSED=2,
 /
    4.0849683967941877            1       1       1       1
  -0.58943880033990748            2       1       1       1
  -0.23991018998630484            1       2       1       1
   0.92412340975729335            2       2       1       1
   0.91388657948409979            3       3       1       1
   0.91388657948409979            4       4       1       1
   0.91388657948409979            5       5       1       1
  -0.58943880033990748            1       1       2       1
   0.10806036395631971            2       1       2       1
   0.67084343568499682E-001       1       2       2       1
  -0.62706770163416553E-001       2       2       2       1
  -0.52352644745797212E-001       3       3       2       1
  -0.52352644745797178E-001       4       4       2       1
  -0.52352644745797164E-001       5       5       2       1
   0.38087091694368788E-001       3       1       3       1
   0.43406797230271132E-001       3       2       3       1
   0.22363776489432392E-001       1       3       3       1
   0.41820356522613643E-001       2       3       3       1
   0.38087091694368781E-001       4       1       4       1
   0.43406797230271146E-001       4       2       4       1
   0.22363776489432378E-001       1       4       4       1
   0.41820356522613650E-001       2       4       4       1
   0.38087091694368788E-001       5       1       5       1
   0.43406797230271146E-001       5       2       5       1
   0.22363776489432382E-001       1       5       5       1
   0.41820356522613650E-001       2       5       5       1
  -0.23991018998630484            1       1       1       2
   0.67084343568499682E-001       2       1       1       2
   0.26108323180679648E-001       1       2       1       2
   0.16709734178293800E-001       2       2       1       2
   0.23592834696003102E-001       3       3       1       2
   0.23592834696003158E-001       4       4       1       2
   0.23592834696003179E-001       5       5       1       2
   0.92412340975729335            1       1       2       2
  -0.62706770163416553E-001       2       1       2       2
   0.16709734178293800E-001       1       2       2       2
   0.52031375814372294            2       2       2       2
   0.53304658120328785            3       3       2       2
   0.53304658120328774            4       4       2       2
   0.53304658120328763            5       5       2       2
   0.43406797230271132E-001       3       1       3       2
   0.12829471075252658            3       2       3       2
   0.16971529199352180E-001       1       3       3       2
   0.13029458214150672            2       3       3       2
   0.43406797230271146E-001       4       1       4       2
   0.12829471075252655            4       2       4       2
   0.16971529199352183E-001       1       4       4       2
   0.13029458214150672            2       4       4       2
   0.43406797230271146E-001       5       1       5       2
   0.12829471075252658            5       2       5       2
   0.16971529199352173E-001       1       5       5       2
   0.13029458214150674            2       5       5       2
   0.22363776489432392E-001       3       1       1       3
   0.16971529199352180E-001       3       2       1       3
   0.66404612844959965E-002       1       3       1       3
   0.15385088491694673E-001       2       3       1       3
   0.41820356522613643E-001       3       1       2       3
   0.13029458214150672            3       2       2       3
   0.15385088491694673E-001       1       3       2       3
   0.13229445353048686            2       3       2       3
   0.91388657948409979            1       1       3       3
  -0.52352644745797212E-001       2       1       3       3
   0.23592834696003102E-001       1       2       3       3
   0.53304658120328785            2       2       3       3
   0.59751531041520189            3       3       3       3
   0.52395877496521615            4       4       3       3
   0.52395877496521626            5       5       3       3
   0.36781256816242155E-001       4       3       4       3
   0.36781256816242155E-001       3       4       4       3
   0.36781256816242155E-001       5       3       5       3
   0.36781256816242155E-001       3       5       5       3
   0.22363776489432378E-001       4       1       1       4
   0.16971529199352183E-001       4       2       1       4
   0.66404612844959722E-002       1       4       1       4
   0.15385088491694671E-001       2       4       1       4
   0.41820356522613650E-001       4       1       2       4
   0.13029458214150672            4       2       2       4
   0.15385088491694671E-001       1       4       2       4
   0.13229445353048688            2       4       2       4
   0.36781256816242155E-001       4       3       3       4
   0.36781256816242155E-001       3       4       3       4
   0.91388657948409979            1       1       4       4
  -0.52352644745797178E-001       2       1       4       4
   0.23592834696003158E-001       1       2       4       4
   0.53304658120328774            2       2       4       4
   0.52395877496521615            3       3       4       4
   0.59751531041520223            4       4       4       4
   0.52395877496521626            5       5       4       4
   0.36781256816242155E-001       5       4       5       4
   0.36781256816242155E-001       4       5       5       4
   0.22363776489432382E-001       5       1       1       5
   0.16971529199352173E-001       5       2       1       5
   0.66404612844959757E-002       1       5       1       5
   0.15385088491694666E-001       2       5       1       5
   0.41820356522613650E-001       5       1       2       5
   0.13029458214150674            5       2       2       5
   0.15385088491694666E-001       1       5       2       5
   0.13229445353048691            2       5       2       5
   0.36781256816242155E-001       5       3       3       5
   0.36781256816242155E-001       3       5       3       5
   0.36781256816242155E-001       5       4       4       5
   0.36781256816242162E-001       4       5       4       5
   0.91388657948409979            1       1       5       5
  -0.52352644745797164E-001       2       1       5       5
   0.23592834696003179E-001       1       2       5       5
   0.53304658120328763            2       2       5       5
   0.52395877496521626            3       3       5       5
   0.52395877496521626            4       4       5       5
   0.59751531041520223            5       5       5       5
   -24.427272334763131            1       1       0       0
   0.51983474207596547            1       2       0       0
   0.51983474207596547            2       1       0       0
   -5.3243850428317483            2       2       0       0
   -4.9236623406036211            3       3       0       0
   -4.9236623406036211            4       4       0       0
   -4.9236623406036211            5       5       0       0
    0.0000000000000000            0       0       0       0
