&FCI
 NORB=5,
 NELEC=7,
 MS2=3,
 ISYM=1,
 ORBSYM=1,1,1,1,1,
 ST=1,
 III=1,
 OCC=5,
 CLOSED=2,
 /
    4.0849740340695666            1       1       1       1
  -0.58852658212606235            2       1       1       1
  -0.24068298842609748            1       2       1       1
   0.92470249064493604            2       2       1       1
   0.91446496315583337            3       3       1       1
   0.91446496315583337            4       4       1       1
   0.91446496315583337            5       5       1       1
  -0.58852658212606235            1       1       2       1
   0.10799769249547150            2       1       2       1
   0.67072059423195204E-001       1       2       2       1
  -0.62508145354523800E-001       2       2       2       1
  -0.52130230930778038E-001       3       3       2       1
  -0.52130230930778031E-001       4       4       2       1
  -0.52130230930778017E-001       5       5       2       1
   0.38190033826598357E-001       3       1       3       1
   0.44199710591236729E-001       3       2       3       1
   0.22366820148184634E-001       1       3       3       1
   0.42552816391860197E-001       2       3       3       1
   0.38190033826598357E-001       4       1       4       1
   0.44199710591236729E-001       4       2       4       1
   0.22366820148184648E-001       1       4       4       1
   0.42552816391860204E-001       2       4       4       1
   0.38190033826598350E-001       5       1       5       1
   0.44199710591236716E-001       5       2       5       1
   0.22366820148184658E-001       1       5       5       1
   0.42552816391860190E-001       2       5       5       1
  -0.24068298842609748            1       1       1       2
   0.67072059423195204E-001       2       1       1       2
   0.26146426350918912E-001       1       2       1       2
   0.16562855288545821E-001       2       2       1       2
   0.23415712066185895E-001       3       3       1       2
   0.23415712066185888E-001       4       4       1       2
   0.23415712066185833E-001       5       5       1       2
   0.92470249064493604            1       1       2       2
  -0.62508145354523800E-001       2       1       2       2
   0.16562855288545821E-001       1       2       2       2
   0.52184730504403787            2       2       2       2
   0.53453671060236441            3       3       2       2
   0.53453671060236452            4       4       2       2
   0.53453671060236441            5       5       2       2
   0.44199710591236729E-001       3       1       3       2
   0.12977373084980648            3       2       3       2
   0.16300302592007057E-001       1       3       3       2
   0.13097296710085488            2       3       3       2
   0.44199710591236729E-001       4       1       4       2
   0.12977373084980648            4       2       4       2
   0.16300302592007064E-001       1       4       4       2
   0.13097296710085488            2       4       4       2
   0.44199710591236716E-001       5       1       5       2
   0.12977373084980648            5       2       5       2
   0.16300302592007071E-001       1       5       5       2
   0.13097296710085488            2       5       5       2
   0.22366820148184634E-001       3       1       1       3
   0.16300302592007057E-001       3       2       1       3
   0.65436064697709101E-002       1       3       1       3
   0.14653408392630518E-001       2       3       1       3
   0.42552816391860197E-001       3       1       2       3
   0.13097296710085488            3       2       2       3
   0.14653408392630518E-001       1       3       2       3
   0.13217220335190327            2       3       2       3
   0.91446496315583337            1       1       3       3
  -0.52130230930778038E-001       2       1       3       3
   0.23415712066185895E-001       1       2       3       3
   0.53453671060236441            2       2       3       3
   0.59940547146725376            3       3       3       3
   0.52518520743386143            4       4       3       3
   0.52518520743386143            5       5       3       3
   0.37113048907840854E-001       4       3       4       3
   0.37113048907840854E-001       3       4       4       3
   0.37113048907840847E-001       5       3       5       3
   0.37113048907840847E-001       3       5       5       3
   0.22366820148184648E-001       4       1       1       4
   0.16300302592007064E-001       4       2       1       4
   0.65436064697709344E-002       1       4       1       4
   0.14653408392630522E-001       2       4       1       4
   0.42552816391860204E-001       4       1       2       4
   0.13097296710085488            4       2       2       4
   0.14653408392630522E-001       1       4       2       4
   0.13217220335190327            2       4       2       4
   0.37113048907840854E-001       4       3       3       4
   0.37113048907840847E-001       3       4       3       4
   0.91446496315583337            1       1       4       4
  -0.52130230930778031E-001       2       1       4       4
   0.23415712066185888E-001       1       2       4       4
   0.53453671060236452            2       2       4       4
   0.52518520743386143            3       3       4       4
   0.59940547146725365            4       4       4       4
   0.52518520743386143            5       5       4       4
   0.37113048907840847E-001       5       4       5       4
   0.37113048907840847E-001       4       5       5       4
   0.22366820148184658E-001       5       1       1       5
   0.16300302592007071E-001       5       2       1       5
   0.65436064697709656E-002       1       5       1       5
   0.14653408392630528E-001       2       5       1       5
   0.42552816391860190E-001       5       1       2       5
   0.13097296710085488            5       2       2       5
   0.14653408392630528E-001       1       5       2       5
   0.13217220335190327            2       5       2       5
   0.37113048907840847E-001       5       3       3       5
   0.37113048907840847E-001       3       5       3       5
   0.37113048907840847E-001       5       4       4       5
   0.37113048907840854E-001       4       5       4       5
   0.91446496315583337            1       1       5       5
  -0.52130230930778017E-001       2       1       5       5
   0.23415712066185833E-001       1       2       5       5
   0.53453671060236441            2       2       5       5
   0.52518520743386143            3       3       5       5
   0.52518520743386143            4       4       5       5
   0.59940547146725365            5       5       5       5
   -24.427272334763131            1       1       0       0
   0.51983474207596547            1       2       0       0
   0.51983474207596547            2       1       0       0
   -5.3243850428317483            2       2       0       0
   -4.9236623406036211            3       3       0       0
   -4.9236623406036211            4       4       0       0
   -4.9236623406036211            5       5       0       0
    0.0000000000000000            0       0       0       0
