           5
  -0.28055023809476016E-001       1       1       1       1       1       1
   0.18329837092504095E-002       1       1       1       1       1       2
  -0.45227034253868172E-003       1       1       1       1       2       2
  -0.24205970884688379E-004       1       1       1       1       3       3
  -0.24205970884688430E-004       1       1       1       1       4       4
  -0.24205970884688349E-004       1       1       1       1       5       5
   0.82002035613145047E-004       1       1       1       2       2       2
  -0.51644673698534001E-005       1       1       1       2       3       3
  -0.51644673698533840E-005       1       1       1       2       4       4
  -0.51644673698534017E-005       1       1       1       2       5       5
  -0.34001756448085146E-001       1       1       2       1       1       2
  -0.20186807634251553E-002       1       1       2       1       2       2
  -0.26777800043475877E-003       1       1       2       1       3       3
  -0.26777800043475920E-003       1       1       2       1       4       4
  -0.26777800043475931E-003       1       1       2       1       5       5
   0.99299663453849611E-004       1       1       2       2       2       2
  -0.14002097062304573E-004       1       1       2       2       3       3
  -0.14002097062304579E-004       1       1       2       2       4       4
  -0.14002097062304597E-004       1       1       2       2       5       5
  -0.44256053686820226E-004       1       1       2       3       3       2
  -0.44256053686820212E-004       1       1       2       4       4       2
  -0.44256053686820212E-004       1       1       2       5       5       2
  -0.32793544078273347E-001       1       1       3       1       1       3
  -0.20064148160889622E-002       1       1       3       1       2       3
   0.10558661158695141E-003       1       1       3       2       2       3
  -0.52042404780134013E-004       1       1       3       3       3       3
  -0.49008679963853868E-005       1       1       3       3       4       4
  -0.49008679963853817E-005       1       1       3       3       5       5
  -0.42238869204625442E-004       1       1       3       4       4       3
  -0.42238869204625408E-004       1       1       3       5       5       3
  -0.32793544078273298E-001       1       1       4       1       1       4
  -0.20064148160889631E-002       1       1       4       1       2       4
   0.10558661158695151E-003       1       1       4       2       2       4
  -0.42238869204625428E-004       1       1       4       3       3       4
  -0.52042404780134034E-004       1       1       4       4       4       4
  -0.49008679963853825E-005       1       1       4       4       5       5
  -0.42238869204625408E-004       1       1       4       5       5       4
  -0.32793544078273285E-001       1       1       5       1       1       5
  -0.20064148160889644E-002       1       1       5       1       2       5
   0.10558661158695151E-003       1       1       5       2       2       5
  -0.42238869204625408E-004       1       1       5       3       3       5
  -0.42238869204625428E-004       1       1       5       4       4       5
  -0.52042404780134061E-004       1       1       5       5       5       5
  -0.84534535515380038E-001       1       2       2       1       2       2
  -0.40461614231344636E-002       1       2       2       1       3       3
  -0.40461614231344575E-002       1       2       2       1       4       4
  -0.40461614231344593E-002       1       2       2       1       5       5
  -0.20916829261634308E-002       1       2       2       2       2       2
  -0.38785698664491931E-004       1       2       2       2       3       3
  -0.38785698664491863E-004       1       2       2       2       4       4
  -0.38785698664491904E-004       1       2       2       2       5       5
  -0.38936496282742001E-003       1       2       2       3       2       3
  -0.38936496282741996E-003       1       2       2       4       2       4
  -0.38936496282741958E-003       1       2       2       5       2       5
  -0.82535663894696146E-001       1       2       3       1       2       3
  -0.20410802715757331E-002       1       2       3       2       2       3
  -0.41219294007099601E-003       1       2       3       3       3       3
  -0.17507727102266518E-004       1       2       3       3       4       4
  -0.17507727102266512E-004       1       2       3       3       5       5
  -0.17507727102266518E-004       1       2       3       4       3       4
  -0.37716375449555140E-003       1       2       3       4       4       3
  -0.17507727102266518E-004       1       2       3       5       3       5
  -0.37716375449555118E-003       1       2       3       5       5       3
  -0.82535663894696146E-001       1       2       4       1       2       4
  -0.20410802715757322E-002       1       2       4       2       2       4
  -0.37716375449555178E-003       1       2       4       3       3       4
  -0.41219294007099590E-003       1       2       4       4       4       4
  -0.17507727102266512E-004       1       2       4       4       5       5
  -0.17507727102266515E-004       1       2       4       5       4       5
  -0.37716375449555118E-003       1       2       4       5       5       4
  -0.82535663894696160E-001       1       2       5       1       2       5
  -0.20410802715757309E-002       1       2       5       2       2       5
  -0.37716375449555189E-003       1       2       5       3       3       5
  -0.37716375449555161E-003       1       2       5       4       4       5
  -0.41219294007099558E-003       1       2       5       5       5       5
  -0.81263479267970090E-001       1       3       3       1       3       3
  -0.51418972347266596E-003       1       3       3       1       4       4
  -0.51418972347266521E-003       1       3       3       1       5       5
  -0.20112855764042870E-002       1       3       3       2       3       3
  -0.16130624233996118E-004       1       3       3       2       4       4
  -0.16130624233996114E-004       1       3       3       2       5       5
  -0.80233882396977402E-001       1       3       4       1       3       4
  -0.19790094060855015E-002       1       3       4       2       3       4
  -0.80233882396977388E-001       1       3       5       1       3       5
  -0.19790094060855002E-002       1       3       5       2       3       5
  -0.81263479267970118E-001       1       4       4       1       4       4
  -0.51418972347266564E-003       1       4       4       1       5       5
  -0.20112855764042861E-002       1       4       4       2       4       4
  -0.16130624233996118E-004       1       4       4       2       5       5
  -0.80233882396977374E-001       1       4       5       1       4       5
  -0.19790094060855011E-002       1       4       5       2       4       5
  -0.81263479267970076E-001       1       5       5       1       5       5
  -0.20112855764042878E-002       1       5       5       2       5       5
  -0.15732917568296573            2       2       2       2       2       2
  -0.51405064780937551E-002       2       2       2       2       3       3
  -0.51405064780937473E-002       2       2       2       2       4       4
  -0.51405064780937499E-002       2       2       2       2       5       5
  -0.15406925767901875            2       2       3       2       2       3
  -0.52735470606288960E-002       2       2       3       3       3       3
  -0.13389703631372645E-003       2       2       3       3       4       4
  -0.13389703631372639E-003       2       2       3       3       5       5
  -0.50055355964857941E-002       2       2       3       4       4       3
  -0.50055355964857976E-002       2       2       3       5       5       3
  -0.15406925767901883            2       2       4       2       2       4
  -0.50055355964858037E-002       2       2       4       3       3       4
  -0.52735470606288873E-002       2       2       4       4       4       4
  -0.13389703631372639E-003       2       2       4       4       5       5
  -0.50055355964857976E-002       2       2       4       5       5       4
  -0.15406925767901869            2       2       5       2       2       5
  -0.50055355964858045E-002       2       2       5       3       3       5
  -0.50055355964857976E-002       2       2       5       4       4       5
  -0.52735470606288890E-002       2       2       5       5       5       5
  -0.15191925033379727            2       3       3       2       3       3
  -0.79431547822708291E-003       2       3       3       2       4       4
  -0.79431547822708128E-003       2       3       3       2       5       5
  -0.15032899290552221            2       3       4       2       3       4
  -0.15032899290552212            2       3       5       2       3       5
  -0.15191925033379727            2       4       4       2       4       4
  -0.79431547822708193E-003       2       4       4       2       5       5
  -0.15032899290552207            2       4       5       2       4       5
  -0.15191925033379730            2       5       5       2       5       5
  -0.15088215878919459            3       3       3       3       3       3
  -0.80012628037248431E-003       3       3       3       3       4       4
  -0.80012628037248409E-003       3       3       3       3       5       5
  -0.14767830599387494            3       3       4       3       3       4
  -0.80012628037248441E-003       3       3       4       4       4       4
  -0.21855300804709307E-004       3       3       4       4       5       5
  -0.75645852072152037E-003       3       3       4       5       5       4
  -0.14767830599387483            3       3       5       3       3       5
  -0.75645852072152005E-003       3       3       5       4       4       5
  -0.80012628037248366E-003       3       3       5       5       5       5
  -0.14767830599387499            3       4       4       3       4       4
  -0.75645852072152059E-003       3       4       4       3       5       5
  -0.14616390764768519            3       4       5       3       4       5
  -0.14767830599387505            3       5       5       3       5       5
  -0.15088215878919448            4       4       4       4       4       4
  -0.80012628037248561E-003       4       4       4       4       5       5
  -0.14767830599387483            4       4       5       4       4       5
  -0.80012628037248496E-003       4       4       5       5       5       5
  -0.14767830599387499            4       5       5       4       5       5
  -0.15088215878919448            5       5       5       5       5       5
