           5
  -0.28484833706158723E-001       1       1       1       1       1       1
   0.19182162683501415E-002       1       1       1       1       1       2
  -0.46514498118799052E-003       1       1       1       1       2       2
  -0.23640700916273444E-004       1       1       1       1       3       3
  -0.23640700916273539E-004       1       1       1       1       4       4
  -0.23640700916273377E-004       1       1       1       1       5       5
   0.84066669189457216E-004       1       1       1       2       2       2
  -0.52134365478656597E-005       1       1       1       2       3       3
  -0.52134365478656588E-005       1       1       1       2       4       4
  -0.52134365478656936E-005       1       1       1       2       5       5
  -0.33841149849544394E-001       1       1       2       1       1       2
  -0.20130332399420996E-002       1       1       2       1       2       2
  -0.25578088766666158E-003       1       1       2       1       3       3
  -0.25578088766666131E-003       1       1       2       1       4       4
  -0.25578088766666114E-003       1       1       2       1       5       5
   0.99942088391511205E-004       1       1       2       2       2       2
  -0.14495410920105022E-004       1       1       2       2       3       3
  -0.14495410920105020E-004       1       1       2       2       4       4
  -0.14495410920105007E-004       1       1       2       2       5       5
  -0.43909045529437807E-004       1       1       2       3       3       2
  -0.43909045529437834E-004       1       1       2       4       4       2
  -0.43909045529437834E-004       1       1       2       5       5       2
  -0.32627133621663321E-001       1       1       3       1       1       3
  -0.20021778839634254E-002       1       1       3       1       2       3
   0.10640844086844393E-003       1       1       3       2       2       3
  -0.51725460797626154E-004       1       1       3       3       3       3
  -0.49157535049252500E-005       1       1       3       3       4       4
  -0.49157535049252475E-005       1       1       3       3       5       5
  -0.41892145223815488E-004       1       1       3       4       4       3
  -0.41892145223815454E-004       1       1       3       5       5       3
  -0.32627133621663321E-001       1       1       4       1       1       4
  -0.20021778839634250E-002       1       1       4       1       2       4
   0.10640844086844382E-003       1       1       4       2       2       4
  -0.41892145223815508E-004       1       1       4       3       3       4
  -0.51725460797626168E-004       1       1       4       4       4       4
  -0.49157535049252491E-005       1       1       4       4       5       5
  -0.41892145223815434E-004       1       1       4       5       5       4
  -0.32627133621663265E-001       1       1       5       1       1       5
  -0.20021778839634276E-002       1       1       5       1       2       5
   0.10640844086844372E-003       1       1       5       2       2       5
  -0.41892145223815474E-004       1       1       5       3       3       5
  -0.41892145223815461E-004       1       1       5       4       4       5
  -0.51725460797626114E-004       1       1       5       5       5       5
  -0.84233521794256583E-001       1       2       2       1       2       2
  -0.39398707575190386E-002       1       2       2       1       3       3
  -0.39398707575190395E-002       1       2       2       1       4       4
  -0.39398707575190386E-002       1       2       2       1       5       5
  -0.20751396723775774E-002       1       2       2       2       2       2
  -0.37893922452739788E-004       1       2       2       2       3       3
  -0.37893922452739720E-004       1       2       2       2       4       4
  -0.37893922452739747E-004       1       2       2       2       5       5
  -0.37831850798462864E-003       1       2       2       3       2       3
  -0.37831850798462875E-003       1       2       2       4       2       4
  -0.37831850798462875E-003       1       2       2       5       2       5
  -0.82239995429767621E-001       1       2       3       1       2       3
  -0.20248927490514376E-002       1       2       3       2       2       3
  -0.40080044080000900E-003       1       2       3       3       3       3
  -0.17116386319285413E-004       1       2       3       3       4       4
  -0.17116386319285416E-004       1       2       3       3       5       5
  -0.17116386319285416E-004       1       2       3       4       3       4
  -0.36655429145460204E-003       1       2       3       4       4       3
  -0.17116386319285437E-004       1       2       3       5       3       5
  -0.36655429145460188E-003       1       2       3       5       5       3
  -0.82239995429767648E-001       1       2       4       1       2       4
  -0.20248927490514380E-002       1       2       4       2       2       4
  -0.36655429145460194E-003       1       2       4       3       3       4
  -0.40080044080000873E-003       1       2       4       4       4       4
  -0.17116386319285413E-004       1       2       4       4       5       5
  -0.17116386319285433E-004       1       2       4       5       4       5
  -0.36655429145460204E-003       1       2       4       5       5       4
  -0.82239995429767621E-001       1       2       5       1       2       5
  -0.20248927490514393E-002       1       2       5       2       2       5
  -0.36655429145460215E-003       1       2       5       3       3       5
  -0.36655429145460210E-003       1       2       5       4       4       5
  -0.40080044080000867E-003       1       2       5       5       5       5
  -0.80904864200725984E-001       1       3       3       1       3       3
  -0.46296988629560172E-003       1       3       3       1       4       4
  -0.46296988629560199E-003       1       3       3       1       5       5
  -0.19956336275711571E-002       1       3       3       2       3       3
  -0.16282762930650429E-004       1       3       3       2       4       4
  -0.16282762930650449E-004       1       3       3       2       5       5
  -0.79977725918481318E-001       1       3       4       1       3       4
  -0.19630535012239887E-002       1       3       4       2       3       4
  -0.79977725918481291E-001       1       3       5       1       3       5
  -0.19630535012239879E-002       1       3       5       2       3       5
  -0.80904864200725998E-001       1       4       4       1       4       4
  -0.46296988629560215E-003       1       4       4       1       5       5
  -0.19956336275711575E-002       1       4       4       2       4       4
  -0.16282762930650443E-004       1       4       4       2       5       5
  -0.79977725918481332E-001       1       4       5       1       4       5
  -0.19630535012239883E-002       1       4       5       2       4       5
  -0.80904864200725957E-001       1       5       5       1       5       5
  -0.19956336275711571E-002       1       5       5       2       5       5
  -0.15671159632436737            2       2       2       2       2       2
  -0.49997726333976394E-002       2       2       2       2       3       3
  -0.49997726333976377E-002       2       2       2       2       4       4
  -0.49997726333976403E-002       2       2       2       2       5       5
  -0.15346233799345557            2       2       3       2       2       3
  -0.51242440796090104E-002       2       2       3       3       3       3
  -0.12628171479112311E-003       2       2       3       3       4       4
  -0.12628171479112305E-003       2       2       3       3       5       5
  -0.48714688617244161E-002       2       2       3       4       4       3
  -0.48714688617244135E-002       2       2       3       5       5       3
  -0.15346233799345566            2       2       4       2       2       4
  -0.48714688617244178E-002       2       2       4       3       3       4
  -0.51242440796090156E-002       2       2       4       4       4       4
  -0.12628171479112322E-003       2       2       4       4       5       5
  -0.48714688617244126E-002       2       2       4       5       5       4
  -0.15346233799345574            2       2       5       2       2       5
  -0.48714688617244222E-002       2       2       5       3       3       5
  -0.48714688617244213E-002       2       2       5       4       4       5
  -0.51242440796090086E-002       2       2       5       5       5       5
  -0.15124437056426840            2       3       3       2       3       3
  -0.73546996301642885E-003       2       3       3       2       4       4
  -0.73546996301642972E-003       2       3       3       2       5       5
  -0.14977183020454954            2       3       4       2       3       4
  -0.14977183020454943            2       3       5       2       3       5
  -0.15124437056426840            2       4       4       2       4       4
  -0.73546996301642918E-003       2       4       4       2       5       5
  -0.14977183020454937            2       4       5       2       4       5
  -0.15124437056426829            2       5       5       2       5       5
  -0.15006323010558453            3       3       3       3       3       3
  -0.74197483657055497E-003       3       3       3       3       4       4
  -0.74197483657055584E-003       3       3       3       3       5       5
  -0.14709204341159732            3       3       4       3       3       4
  -0.74197483657055443E-003       3       3       4       4       4       4
  -0.22120728661430637E-004       3       3       4       4       5       5
  -0.69777067170898998E-003       3       3       4       5       5       4
  -0.14709204341159743            3       3       5       3       3       5
  -0.69777067170899020E-003       3       3       5       4       4       5
  -0.74197483657055530E-003       3       3       5       5       5       5
  -0.14709204341159737            3       4       4       3       4       4
  -0.69777067170898998E-003       3       4       4       3       5       5
  -0.14569503775496606            3       4       5       3       4       5
  -0.14709204341159746            3       5       5       3       5       5
  -0.15006323010558423            4       4       4       4       4       4
  -0.74197483657055616E-003       4       4       4       4       5       5
  -0.14709204341159748            4       4       5       4       4       5
  -0.74197483657055584E-003       4       4       5       5       5       5
  -0.14709204341159748            4       5       5       4       5       5
  -0.15006323010558414            5       5       5       5       5       5
