           5
  -0.28502634002665075E-001       1       1       1       1       1       1
   0.18662836645278679E-002       1       1       1       1       1       2
  -0.45809888040694802E-003       1       1       1       1       2       2
  -0.25555475402789192E-004       1       1       1       1       3       3
  -0.25555475402789114E-004       1       1       1       1       4       4
  -0.25555475402789118E-004       1       1       1       1       5       5
   0.83042216319396459E-004       1       1       1       2       2       2
  -0.50293183100132052E-005       1       1       1       2       3       3
  -0.50293183100132086E-005       1       1       1       2       4       4
  -0.50293183100132222E-005       1       1       1       2       5       5
  -0.34251731663501012E-001       1       1       2       1       1       2
  -0.20322446612045723E-002       1       1       2       1       2       2
  -0.27029830520817208E-003       1       1       2       1       3       3
  -0.27029830520817154E-003       1       1       2       1       4       4
  -0.27029830520817149E-003       1       1       2       1       5       5
   0.10095508263153588E-003       1       1       2       2       2       2
  -0.13502125399410455E-004       1       1       2       2       3       3
  -0.13502125399410489E-004       1       1       2       2       4       4
  -0.13502125399410457E-004       1       1       2       2       5       5
  -0.44798392522555963E-004       1       1       2       3       3       2
  -0.44798392522555963E-004       1       1       2       4       4       2
  -0.44798392522555963E-004       1       1       2       5       5       2
  -0.33039181000904257E-001       1       1       3       1       1       3
  -0.20199902911049285E-002       1       1       3       1       2       3
   0.10729348685242318E-003       1       1       3       2       2       3
  -0.52495148922778546E-004       1       1       3       3       3       3
  -0.48458715314797186E-005       1       1       3       3       4       4
  -0.48458715314797152E-005       1       1       3       3       5       5
  -0.42801617403708764E-004       1       1       3       4       4       3
  -0.42801617403708757E-004       1       1       3       5       5       3
  -0.33039181000904257E-001       1       1       4       1       1       4
  -0.20199902911049285E-002       1       1       4       1       2       4
   0.10729348685242288E-003       1       1       4       2       2       4
  -0.42801617403708757E-004       1       1       4       3       3       4
  -0.52495148922778553E-004       1       1       4       4       4       4
  -0.48458715314797161E-005       1       1       4       4       5       5
  -0.42801617403708751E-004       1       1       4       5       5       4
  -0.33039181000904243E-001       1       1       5       1       1       5
  -0.20199902911049281E-002       1       1       5       1       2       5
   0.10729348685242276E-003       1       1       5       2       2       5
  -0.42801617403708737E-004       1       1       5       3       3       5
  -0.42801617403708751E-004       1       1       5       4       4       5
  -0.52495148922778478E-004       1       1       5       5       5       5
  -0.85018177598569472E-001       1       2       2       1       2       2
  -0.40885158270138507E-002       1       2       2       1       3       3
  -0.40885158270138368E-002       1       2       2       1       4       4
  -0.40885158270138368E-002       1       2       2       1       5       5
  -0.20942087904940749E-002       1       2       2       2       2       2
  -0.37408845264246026E-004       1       2       2       2       3       3
  -0.37408845264245931E-004       1       2       2       2       4       4
  -0.37408845264245904E-004       1       2       2       2       5       5
  -0.38786706260920630E-003       1       2       2       3       2       3
  -0.38786706260920609E-003       1       2       2       4       2       4
  -0.38786706260920598E-003       1       2       2       5       2       5
  -0.83011902595945944E-001       1       2       3       1       2       3
  -0.20434861139449825E-002       1       2       3       2       2       3
  -0.41053078338636006E-003       1       2       3       3       3       3
  -0.17384658950443136E-004       1       2       3       3       4       4
  -0.17384658950443142E-004       1       2       3       3       5       5
  -0.17384658950443156E-004       1       2       3       4       3       4
  -0.37574778569819276E-003       1       2       3       4       4       3
  -0.17384658950443149E-004       1       2       3       5       3       5
  -0.37574778569819276E-003       1       2       3       5       5       3
  -0.83011902595945888E-001       1       2       4       1       2       4
  -0.20434861139449825E-002       1       2       4       2       2       4
  -0.37574778569819287E-003       1       2       4       3       3       4
  -0.41053078338636000E-003       1       2       4       4       4       4
  -0.17384658950443149E-004       1       2       4       4       5       5
  -0.17384658950443142E-004       1       2       4       5       4       5
  -0.37574778569819276E-003       1       2       4       5       5       4
  -0.83011902595945805E-001       1       2       5       1       2       5
  -0.20434861139449825E-002       1       2       5       2       2       5
  -0.37574778569819304E-003       1       2       5       3       3       5
  -0.37574778569819276E-003       1       2       5       4       4       5
  -0.41053078338636006E-003       1       2       5       5       5       5
  -0.81763578395647935E-001       1       3       3       1       3       3
  -0.53749248706603603E-003       1       3       3       1       4       4
  -0.53749248706603614E-003       1       3       3       1       5       5
  -0.20137770265693088E-002       1       3       3       2       3       3
  -0.16297305289195606E-004       1       3       3       2       4       4
  -0.16297305289195603E-004       1       3       3       2       5       5
  -0.80687360309981637E-001       1       3       4       1       3       4
  -0.19811675377859120E-002       1       3       4       2       3       4
  -0.80687360309981609E-001       1       3       5       1       3       5
  -0.19811675377859111E-002       1       3       5       2       3       5
  -0.81763578395647907E-001       1       4       4       1       4       4
  -0.53749248706603657E-003       1       4       4       1       5       5
  -0.20137770265693080E-002       1       4       4       2       4       4
  -0.16297305289195599E-004       1       4       4       2       5       5
  -0.80687360309981609E-001       1       4       5       1       4       5
  -0.19811675377859115E-002       1       4       5       2       4       5
  -0.81763578395647879E-001       1       5       5       1       5       5
  -0.20137770265693097E-002       1       5       5       2       5       5
  -0.15800381517918077            2       2       2       2       2       2
  -0.51718899167857539E-002       2       2       2       2       3       3
  -0.51718899167857383E-002       2       2       2       2       4       4
  -0.51718899167857400E-002       2       2       2       2       5       5
  -0.15473396586641530            2       2       3       2       2       3
  -0.53076501795054076E-002       2       2       3       3       3       3
  -0.13594209439505873E-003       2       2       3       3       4       4
  -0.13594209439505875E-003       2       2       3       3       5       5
  -0.50355463674454874E-002       2       2       3       4       4       3
  -0.50355463674454856E-002       2       2       3       5       5       3
  -0.15473396586641525            2       2       4       2       2       4
  -0.50355463674454908E-002       2       2       4       3       3       4
  -0.53076501795053946E-002       2       2       4       4       4       4
  -0.13594209439505867E-003       2       2       4       4       5       5
  -0.50355463674454839E-002       2       2       4       5       5       4
  -0.15473396586641522            2       2       5       2       2       5
  -0.50355463674454926E-002       2       2       5       3       3       5
  -0.50355463674454874E-002       2       2       5       4       4       5
  -0.53076501795053946E-002       2       2       5       5       5       5
  -0.15261405235427219            2       3       3       2       3       3
  -0.82425948562594650E-003       2       3       3       2       4       4
  -0.82425948562594672E-003       2       3       3       2       5       5
  -0.15096388875854774            2       3       4       2       3       4
  -0.15096388875854783            2       3       5       2       3       5
  -0.15261405235427228            2       4       4       2       4       4
  -0.82425948562594618E-003       2       4       4       2       5       5
  -0.15096388875854783            2       4       5       2       4       5
  -0.15261405235427219            2       5       5       2       5       5
  -0.15164656231551771            3       3       3       3       3       3
  -0.83003012228673114E-003       3       3       3       3       4       4
  -0.83003012228673200E-003       3       3       3       3       5       5
  -0.14832305304973270            3       3       4       3       3       4
  -0.83003012228673200E-003       3       3       4       4       4       4
  -0.22259041670454798E-004       3       3       4       4       5       5
  -0.78555742585419163E-003       3       3       4       5       5       4
  -0.14832305304973273            3       3       5       3       3       5
  -0.78555742585419142E-003       3       3       5       4       4       5
  -0.83003012228673200E-003       3       3       5       5       5       5
  -0.14832305304973273            3       4       4       3       4       4
  -0.78555742585419142E-003       3       4       4       3       5       5
  -0.14675044403158119            3       4       5       3       4       5
  -0.14832305304973276            3       5       5       3       5       5
  -0.15164656231551771            4       4       4       4       4       4
  -0.83003012228673200E-003       4       4       4       4       5       5
  -0.14832305304973267            4       4       5       4       4       5
  -0.83003012228673200E-003       4       4       5       5       5       5
  -0.14832305304973270            4       5       5       4       5       5
  -0.15164656231551765            5       5       5       5       5       5
