           5
  -0.27874178881006566E-001       1       1       1       1       1       1
   0.18187102224788336E-002       1       1       1       1       1       2
  -0.44992504580489411E-003       1       1       1       1       2       2
  -0.24066250160896904E-004       1       1       1       1       3       3
  -0.24066250160896890E-004       1       1       1       1       4       4
  -0.24066250160896992E-004       1       1       1       1       5       5
   0.81691966662532275E-004       1       1       1       2       2       2
  -0.51773272745467674E-005       1       1       1       2       3       3
  -0.51773272745467759E-005       1       1       1       2       4       4
  -0.51773272745467589E-005       1       1       1       2       5       5
  -0.33946482561790628E-001       1       1       2       1       1       2
  -0.19981926578745745E-002       1       1       2       1       2       2
  -0.25916689734240109E-003       1       1       2       1       3       3
  -0.25916689734240103E-003       1       1       2       1       4       4
  -0.25916689734240125E-003       1       1       2       1       5       5
   0.98580145688534351E-004       1       1       2       2       2       2
  -0.14437112416342617E-004       1       1       2       2       3       3
  -0.14437112416342610E-004       1       1       2       2       4       4
  -0.14437112416342586E-004       1       1       2       2       5       5
  -0.43835406470431447E-004       1       1       2       3       3       2
  -0.43835406470431467E-004       1       1       2       4       4       2
  -0.43835406470431447E-004       1       1       2       5       5       2
  -0.32737538669524072E-001       1       1       3       1       1       3
  -0.19868559615440649E-002       1       1       3       1       2       3
   0.10490027758679166E-003       1       1       3       2       2       3
  -0.51686776041078071E-004       1       1       3       3       3       3
  -0.49328288252731142E-005       1       1       3       3       4       4
  -0.49328288252731117E-005       1       1       3       3       5       5
  -0.41819315087167580E-004       1       1       3       4       4       3
  -0.41819315087167614E-004       1       1       3       5       5       3
  -0.32737538669524030E-001       1       1       4       1       1       4
  -0.19868559615440649E-002       1       1       4       1       2       4
   0.10490027758679177E-003       1       1       4       2       2       4
  -0.41819315087167567E-004       1       1       4       3       3       4
  -0.51686776041078064E-004       1       1       4       4       4       4
  -0.49328288252731091E-005       1       1       4       4       5       5
  -0.41819315087167614E-004       1       1       4       5       5       4
  -0.32737538669524009E-001       1       1       5       1       1       5
  -0.19868559615440649E-002       1       1       5       1       2       5
   0.10490027758679188E-003       1       1       5       2       2       5
  -0.41819315087167560E-004       1       1       5       3       3       5
  -0.41819315087167580E-004       1       1       5       4       4       5
  -0.51686776041078085E-004       1       1       5       5       5       5
  -0.84200589206727419E-001       1       2       2       1       2       2
  -0.39642195058993126E-002       1       2       2       1       3       3
  -0.39642195058993100E-002       1       2       2       1       4       4
  -0.39642195058993074E-002       1       2       2       1       5       5
  -0.20569892473395138E-002       1       2       2       2       2       2
  -0.37958090033071200E-004       1       2       2       2       3       3
  -0.37958090033071132E-004       1       2       2       2       4       4
  -0.37958090033071132E-004       1       2       2       2       5       5
  -0.38082749725444794E-003       1       2       2       3       2       3
  -0.38082749725444815E-003       1       2       2       4       2       4
  -0.38082749725444815E-003       1       2       2       5       2       5
  -0.82208282372994573E-001       1       2       3       1       2       3
  -0.20075556145769478E-002       1       2       3       2       2       3
  -0.40351261155957232E-003       1       2       3       3       3       3
  -0.17250888450556833E-004       1       2       3       3       4       4
  -0.17250888450556823E-004       1       2       3       3       5       5
  -0.17250888450556840E-004       1       2       3       4       3       4
  -0.36899740546309098E-003       1       2       3       4       4       3
  -0.17250888450556837E-004       1       2       3       5       3       5
  -0.36899740546309130E-003       1       2       3       5       5       3
  -0.82208282372994587E-001       1       2       4       1       2       4
  -0.20075556145769478E-002       1       2       4       2       2       4
  -0.36899740546309076E-003       1       2       4       3       3       4
  -0.40351261155957227E-003       1       2       4       4       4       4
  -0.17250888450556830E-004       1       2       4       4       5       5
  -0.17250888450556833E-004       1       2       4       5       4       5
  -0.36899740546309119E-003       1       2       4       5       5       4
  -0.82208282372994587E-001       1       2       5       1       2       5
  -0.20075556145769478E-002       1       2       5       2       2       5
  -0.36899740546309087E-003       1       2       5       3       3       5
  -0.36899740546309109E-003       1       2       5       4       4       5
  -0.40351261155957210E-003       1       2       5       5       5       5
  -0.80910792677067384E-001       1       3       3       1       3       3
  -0.49028803656482947E-003       1       3       3       1       4       4
  -0.49028803656483056E-003       1       3       3       1       5       5
  -0.19786894653672166E-002       1       3       3       2       3       3
  -0.15972647139138056E-004       1       3       3       2       4       4
  -0.15972647139138049E-004       1       3       3       2       5       5
  -0.79929015290342936E-001       1       3       4       1       3       4
  -0.19467296801162653E-002       1       3       4       2       3       4
  -0.79929015290342922E-001       1       3       5       1       3       5
  -0.19467296801162625E-002       1       3       5       2       3       5
  -0.80910792677067384E-001       1       4       4       1       4       4
  -0.49028803656483056E-003       1       4       4       1       5       5
  -0.19786894653672175E-002       1       4       4       2       4       4
  -0.15972647139138056E-004       1       4       4       2       5       5
  -0.79929015290342922E-001       1       4       5       1       4       5
  -0.19467296801162627E-002       1       4       5       2       4       5
  -0.80910792677067328E-001       1       5       5       1       5       5
  -0.19786894653672166E-002       1       5       5       2       5       5
  -0.15635303641325976            2       2       2       2       2       2
  -0.50231819622589269E-002       2       2       2       2       3       3
  -0.50231819622589208E-002       2       2       2       2       4       4
  -0.50231819622589208E-002       2       2       2       2       5       5
  -0.15311426449298041            2       2       3       2       2       3
  -0.51518911228870118E-002       2       2       3       3       3       3
  -0.12939441853967651E-003       2       2       3       3       4       4
  -0.12939441853967651E-003       2       2       3       3       5       5
  -0.48928900079238582E-002       2       2       3       4       4       3
  -0.48928900079238608E-002       2       2       3       5       5       3
  -0.15311426449298041            2       2       4       2       2       4
  -0.48928900079238634E-002       2       2       4       3       3       4
  -0.51518911228870066E-002       2       2       4       4       4       4
  -0.12939441853967651E-003       2       2       4       4       5       5
  -0.48928900079238617E-002       2       2       4       5       5       4
  -0.15311426449298043            2       2       5       2       2       5
  -0.48928900079238643E-002       2       2       5       3       3       5
  -0.48928900079238564E-002       2       2       5       4       4       5
  -0.51518911228870127E-002       2       2       5       5       5       5
  -0.15094619091945277            2       3       3       2       3       3
  -0.76514600330553051E-003       2       3       3       2       4       4
  -0.76514600330553008E-003       2       3       3       2       5       5
  -0.14941429723074057            2       3       4       2       3       4
  -0.14941429723074037            2       3       5       2       3       5
  -0.15094619091945272            2       4       4       2       4       4
  -0.76514600330553008E-003       2       4       4       2       5       5
  -0.14941429723074040            2       4       5       2       4       5
  -0.15094619091945263            2       5       5       2       5       5
  -0.14985269202680168            3       3       3       3       3       3
  -0.77116653883072905E-003       3       3       3       3       4       4
  -0.77116653883073046E-003       3       3       3       3       5       5
  -0.14676473238846346            3       3       4       3       3       4
  -0.77116653883072873E-003       3       3       4       4       4       4
  -0.21819227491070556E-004       3       3       4       4       5       5
  -0.72756787519241738E-003       3       3       4       5       5       4
  -0.14676473238846358            3       3       5       3       3       5
  -0.72756787519241662E-003       3       3       5       4       4       5
  -0.77116653883072992E-003       3       3       5       5       5       5
  -0.14676473238846335            3       4       4       3       4       4
  -0.72756787519241651E-003       3       4       4       3       5       5
  -0.14530813459636827            3       4       5       3       4       5
  -0.14676473238846344            3       5       5       3       5       5
  -0.14985269202680179            4       4       4       4       4       4
  -0.77116653883073068E-003       4       4       4       4       5       5
  -0.14676473238846355            4       4       5       4       4       5
  -0.77116653883073025E-003       4       4       5       5       5       5
  -0.14676473238846344            4       5       5       4       5       5
  -0.14985269202680207            5       5       5       5       5       5
