           5
  -0.28060431400201331E-001       1       1       1       1       1       1
   0.18630891291598855E-002       1       1       1       1       1       2
  -0.45845090124276689E-003       1       1       1       1       2       2
  -0.23790177433823623E-004       1       1       1       1       3       3
  -0.23790177433823633E-004       1       1       1       1       4       4
  -0.23790177433823620E-004       1       1       1       1       5       5
   0.83048724381678469E-004       1       1       1       2       2       2
  -0.51823211016145873E-005       1       1       1       2       3       3
  -0.51823211016145992E-005       1       1       1       2       4       4
  -0.51823211016146077E-005       1       1       1       2       5       5
  -0.33831676046252285E-001       1       1       2       1       1       2
  -0.20204461439317367E-002       1       1       2       1       2       2
  -0.26000229406446127E-003       1       1       2       1       3       3
  -0.26000229406446100E-003       1       1       2       1       4       4
  -0.26000229406446100E-003       1       1       2       1       5       5
   0.98851544200921759E-004       1       1       2       2       2       2
  -0.14390816944683327E-004       1       1       2       2       3       3
  -0.14390816944683315E-004       1       1       2       2       4       4
  -0.14390816944683295E-004       1       1       2       2       5       5
  -0.43831478153196251E-004       1       1       2       3       3       2
  -0.43831478153196251E-004       1       1       2       4       4       2
  -0.43831478153196251E-004       1       1       2       5       5       2
  -0.32619533241902456E-001       1       1       3       1       1       3
  -0.20092209377745940E-002       1       1       3       1       2       3
   0.10529461776162397E-003       1       1       3       2       2       3
  -0.51593021162506770E-004       1       1       3       3       3       3
  -0.48756054623334524E-005       1       1       3       3       4       4
  -0.48756054623334490E-005       1       1       3       3       5       5
  -0.41840012913342107E-004       1       1       3       4       4       3
  -0.41840012913342114E-004       1       1       3       5       5       3
  -0.32619533241902449E-001       1       1       4       1       1       4
  -0.20092209377745940E-002       1       1       4       1       2       4
   0.10529461776162411E-003       1       1       4       2       2       4
  -0.41840012913342127E-004       1       1       4       3       3       4
  -0.51593021162506757E-004       1       1       4       4       4       4
  -0.48756054623334465E-005       1       1       4       4       5       5
  -0.41840012913342107E-004       1       1       4       5       5       4
  -0.32619533241902428E-001       1       1       5       1       1       5
  -0.20092209377745958E-002       1       1       5       1       2       5
   0.10529461776162413E-003       1       1       5       2       2       5
  -0.41840012913342127E-004       1       1       5       3       3       5
  -0.41840012913342114E-004       1       1       5       4       4       5
  -0.51593021162506682E-004       1       1       5       5       5       5
  -0.84366769403624892E-001       1       2       2       1       2       2
  -0.39938124322343362E-002       1       2       2       1       3       3
  -0.39938124322343310E-002       1       2       2       1       4       4
  -0.39938124322343293E-002       1       2       2       1       5       5
  -0.21009156299408973E-002       1       2       2       2       2       2
  -0.39096626255192628E-004       1       2       2       2       3       3
  -0.39096626255192554E-004       1       2       2       2       4       4
  -0.39096626255192594E-004       1       2       2       2       5       5
  -0.38327064445100044E-003       1       2       2       3       2       3
  -0.38327064445100006E-003       1       2       2       4       2       4
  -0.38327064445099984E-003       1       2       2       5       2       5
  -0.82368514814700561E-001       1       2       3       1       2       3
  -0.20500930689038429E-002       1       2       3       2       2       3
  -0.40589241438813430E-003       1       2       3       3       3       3
  -0.17289754644134688E-004       1       2       3       3       4       4
  -0.17289754644134681E-004       1       2       3       3       5       5
  -0.17289754644134691E-004       1       2       3       4       3       4
  -0.37129933154045363E-003       1       2       3       4       4       3
  -0.17289754644134701E-004       1       2       3       5       3       5
  -0.37129933154045385E-003       1       2       3       5       5       3
  -0.82368514814700589E-001       1       2       4       1       2       4
  -0.20500930689038429E-002       1       2       4       2       2       4
  -0.37129933154045401E-003       1       2       4       3       3       4
  -0.40589241438813409E-003       1       2       4       4       4       4
  -0.17289754644134678E-004       1       2       4       4       5       5
  -0.17289754644134674E-004       1       2       4       5       4       5
  -0.37129933154045390E-003       1       2       4       5       5       4
  -0.82368514814700533E-001       1       2       5       1       2       5
  -0.20500930689038403E-002       1       2       5       2       2       5
  -0.37129933154045379E-003       1       2       5       3       3       5
  -0.37129933154045336E-003       1       2       5       4       4       5
  -0.40589241438813409E-003       1       2       5       5       5       5
  -0.81098073030424905E-001       1       3       3       1       3       3
  -0.51486592485088531E-003       1       3       3       1       4       4
  -0.51486592485088629E-003       1       3       3       1       5       5
  -0.20198382655611385E-002       1       3       3       2       3       3
  -0.15950274042346149E-004       1       3       3       2       4       4
  -0.15950274042346146E-004       1       3       3       2       5       5
  -0.80067125013903687E-001       1       3       4       1       3       4
  -0.19879227603360988E-002       1       3       4       2       3       4
  -0.80067125013903659E-001       1       3       5       1       3       5
  -0.19879227603360975E-002       1       3       5       2       3       5
  -0.81098073030424905E-001       1       4       4       1       4       4
  -0.51486592485088629E-003       1       4       4       1       5       5
  -0.20198382655611385E-002       1       4       4       2       4       4
  -0.15950274042346146E-004       1       4       4       2       5       5
  -0.80067125013903645E-001       1       4       5       1       4       5
  -0.19879227603360984E-002       1       4       5       2       4       5
  -0.81098073030424794E-001       1       5       5       1       5       5
  -0.20198382655611390E-002       1       5       5       2       5       5
  -0.15738965923571108            2       2       2       2       2       2
  -0.50874885598647529E-002       2       2       2       2       3       3
  -0.50874885598647425E-002       2       2       2       2       4       4
  -0.50874885598647373E-002       2       2       2       2       5       5
  -0.15412069595601618            2       2       3       2       2       3
  -0.52186289940138204E-002       2       2       3       3       3       3
  -0.13233235039822425E-003       2       2       3       3       4       4
  -0.13233235039822441E-003       2       2       3       3       5       5
  -0.49537488219048966E-002       2       2       3       4       4       3
  -0.49537488219049009E-002       2       2       3       5       5       3
  -0.15412069595601630            2       2       4       2       2       4
  -0.49537488219049053E-002       2       2       4       3       3       4
  -0.52186289940138126E-002       2       2       4       4       4       4
  -0.13233235039822411E-003       2       2       4       4       5       5
  -0.49537488219049000E-002       2       2       4       5       5       4
  -0.15412069595601613            2       2       5       2       2       5
  -0.49537488219049053E-002       2       2       5       3       3       5
  -0.49537488219048940E-002       2       2       5       4       4       5
  -0.52186289940138230E-002       2       2       5       5       5       5
  -0.15196176926602309            2       3       3       2       3       3
  -0.79406197341158960E-003       2       3       3       2       4       4
  -0.79406197341159068E-003       2       3       3       2       5       5
  -0.15037201628071295            2       3       4       2       3       4
  -0.15037201628071292            2       3       5       2       3       5
  -0.15196176926602314            2       4       4       2       4       4
  -0.79406197341159068E-003       2       4       4       2       5       5
  -0.15037201628071298            2       4       5       2       4       5
  -0.15196176926602301            2       5       5       2       5       5
  -0.15091554246989042            3       3       3       3       3       3
  -0.79976453945517227E-003       3       3       3       3       4       4
  -0.79976453945517292E-003       3       3       3       3       5       5
  -0.14771313104371050            3       3       4       3       3       4
  -0.79976453945517260E-003       3       3       4       4       4       4
  -0.21737696323715609E-004       3       3       4       4       5       5
  -0.75633227675136051E-003       3       3       4       5       5       4
  -0.14771313104371048            3       3       5       3       3       5
  -0.75633227675136051E-003       3       3       5       4       4       5
  -0.79976453945517260E-003       3       3       5       5       5       5
  -0.14771313104371053            3       4       4       3       4       4
  -0.75633227675136203E-003       3       4       4       3       5       5
  -0.14619898369982789            3       4       5       3       4       5
  -0.14771313104371064            3       5       5       3       5       5
  -0.15091554246989028            4       4       4       4       4       4
  -0.79976453945517292E-003       4       4       4       4       5       5
  -0.14771313104371053            4       4       5       4       4       5
  -0.79976453945517292E-003       4       4       5       5       5       5
  -0.14771313104371064            4       5       5       4       5       5
  -0.15091554246989031            5       5       5       5       5       5
