           5
  -0.28130852984703476E-001       1       1       1       1       1       1
   0.18284513001478840E-002       1       1       1       1       1       2
  -0.45198469976576286E-003       1       1       1       1       2       2
  -0.24840697526801810E-004       1       1       1       1       3       3
  -0.24840697526801794E-004       1       1       1       1       4       4
  -0.24840697526801716E-004       1       1       1       1       5       5
   0.81986486617413462E-004       1       1       1       2       2       2
  -0.51005035682108857E-005       1       1       1       2       3       3
  -0.51005035682108891E-005       1       1       1       2       4       4
  -0.51005035682108646E-005       1       1       1       2       5       5
  -0.34208202262370202E-001       1       1       2       1       1       2
  -0.20201213106520056E-002       1       1       2       1       2       2
  -0.27207002084780619E-003       1       1       2       1       3       3
  -0.27207002084780603E-003       1       1       2       1       4       4
  -0.27207002084780619E-003       1       1       2       1       5       5
   0.99893583322603613E-004       1       1       2       2       2       2
  -0.13619807458582537E-004       1       1       2       2       3       3
  -0.13619807458582561E-004       1       1       2       2       4       4
  -0.13619807458582537E-004       1       1       2       2       5       5
  -0.44568942841521481E-004       1       1       2       3       3       2
  -0.44568942841521529E-004       1       1       2       4       4       2
  -0.44568942841521508E-004       1       1       2       5       5       2
  -0.32994420271277879E-001       1       1       3       1       1       3
  -0.20079031935113494E-002       1       1       3       1       2       3
   0.10615532754796163E-003       1       1       3       2       2       3
  -0.52333288110638139E-004       1       1       3       3       3       3
  -0.48928134643014918E-005       1       1       3       3       4       4
  -0.48928134643014943E-005       1       1       3       3       5       5
  -0.42545862733357986E-004       1       1       3       4       4       3
  -0.42545862733357993E-004       1       1       3       5       5       3
  -0.32994420271277879E-001       1       1       4       1       1       4
  -0.20079031935113512E-002       1       1       4       1       2       4
   0.10615532754796160E-003       1       1       4       2       2       4
  -0.42545862733357986E-004       1       1       4       3       3       4
  -0.52333288110638139E-004       1       1       4       4       4       4
  -0.48928134643014901E-005       1       1       4       4       5       5
  -0.42545862733358027E-004       1       1       4       5       5       4
  -0.32994420271277851E-001       1       1       5       1       1       5
  -0.20079031935113499E-002       1       1       5       1       2       5
   0.10615532754796172E-003       1       1       5       2       2       5
  -0.42545862733357993E-004       1       1       5       3       3       5
  -0.42545862733357993E-004       1       1       5       4       4       5
  -0.52333288110638139E-004       1       1       5       5       5       5
  -0.84856758146186539E-001       1       2       2       1       2       2
  -0.40865872532234284E-002       1       2       2       1       3       3
  -0.40865872532234258E-002       1       2       2       1       4       4
  -0.40865872532234214E-002       1       2       2       1       5       5
  -0.20797465144301377E-002       1       2       2       2       2       2
  -0.37903871854744595E-004       1       2       2       2       3       3
  -0.37903871854744574E-004       1       2       2       2       4       4
  -0.37903871854744588E-004       1       2       2       2       5       5
  -0.39133788864821530E-003       1       2       2       3       2       3
  -0.39133788864821530E-003       1       2       2       4       2       4
  -0.39133788864821487E-003       1       2       2       5       2       5
  -0.82851735098979667E-001       1       2       3       1       2       3
  -0.20296466054813066E-002       1       2       3       2       2       3
  -0.41424998857893594E-003       1       2       3       3       3       3
  -0.17603930860198290E-004       1       2       3       3       4       4
  -0.17603930860198280E-004       1       2       3       3       5       5
  -0.17603930860198280E-004       1       2       3       4       3       4
  -0.37902836629653570E-003       1       2       3       4       4       3
  -0.17603930860198294E-004       1       2       3       5       3       5
  -0.37902836629653548E-003       1       2       3       5       5       3
  -0.82851735098979640E-001       1       2       4       1       2       4
  -0.20296466054813070E-002       1       2       4       2       2       4
  -0.37902836629653553E-003       1       2       4       3       3       4
  -0.41424998857893594E-003       1       2       4       4       4       4
  -0.17603930860198283E-004       1       2       4       4       5       5
  -0.17603930860198304E-004       1       2       4       5       4       5
  -0.37902836629653553E-003       1       2       4       5       5       4
  -0.82851735098979598E-001       1       2       5       1       2       5
  -0.20296466054813074E-002       1       2       5       2       2       5
  -0.37902836629653553E-003       1       2       5       3       3       5
  -0.37902836629653564E-003       1       2       5       4       4       5
  -0.41424998857893605E-003       1       2       5       5       5       5
  -0.81591965185088003E-001       1       3       3       1       3       3
  -0.52806936902889700E-003       1       3       3       1       4       4
  -0.52806936902889678E-003       1       3       3       1       5       5
  -0.20002701907162338E-002       1       3       3       2       3       3
  -0.16078417466559468E-004       1       3       3       2       4       4
  -0.16078417466559471E-004       1       3       3       2       5       5
  -0.80534604411717350E-001       1       3       4       1       3       4
  -0.19680986357152649E-002       1       3       4       2       3       4
  -0.80534604411717364E-001       1       3       5       1       3       5
  -0.19680986357152666E-002       1       3       5       2       3       5
  -0.81591965185087989E-001       1       4       4       1       4       4
  -0.52806936902889657E-003       1       4       4       1       5       5
  -0.20002701907162338E-002       1       4       4       2       4       4
  -0.16078417466559481E-004       1       4       4       2       5       5
  -0.80534604411717392E-001       1       4       5       1       4       5
  -0.19680986357152666E-002       1       4       5       2       4       5
  -0.81591965185087989E-001       1       5       5       1       5       5
  -0.20002701907162346E-002       1       5       5       2       5       5
  -0.15754504196227159            2       2       2       2       2       2
  -0.51764775064529010E-002       2       2       2       2       3       3
  -0.51764775064529010E-002       2       2       2       2       4       4
  -0.51764775064528940E-002       2       2       2       2       5       5
  -0.15428565326435931            2       2       3       2       2       3
  -0.53118062116797454E-002       2       2       3       3       3       3
  -0.13572925598169332E-003       2       2       3       3       4       4
  -0.13572925598169327E-003       2       2       3       3       5       5
  -0.50401291822229077E-002       2       2       3       4       4       3
  -0.50401291822229008E-002       2       2       3       5       5       3
  -0.15428565326435928            2       2       4       2       2       4
  -0.50401291822229086E-002       2       2       4       3       3       4
  -0.53118062116797463E-002       2       2       4       4       4       4
  -0.13572925598169348E-003       2       2       4       4       5       5
  -0.50401291822229025E-002       2       2       4       5       5       4
  -0.15428565326435939            2       2       5       2       2       5
  -0.50401291822229095E-002       2       2       5       3       3       5
  -0.50401291822229095E-002       2       2       5       4       4       5
  -0.53118062116797394E-002       2       2       5       5       5       5
  -0.15215640755510135            2       3       3       2       3       3
  -0.80960355135256071E-003       2       3       3       2       4       4
  -0.80960355135256126E-003       2       3       3       2       5       5
  -0.15053557168923948            2       3       4       2       3       4
  -0.15053557168923948            2       3       5       2       3       5
  -0.15215640755510140            2       4       4       2       4       4
  -0.80960355135256288E-003       2       4       4       2       5       5
  -0.15053557168923951            2       4       5       2       4       5
  -0.15215640755510135            2       5       5       2       5       5
  -0.15116011702254606            3       3       3       3       3       3
  -0.81539270667480468E-003       3       3       3       3       4       4
  -0.81539270667480360E-003       3       3       3       3       5       5
  -0.14789519170359061            3       3       4       3       3       4
  -0.81539270667480468E-003       3       3       4       4       4       4
  -0.21983330202366260E-004       3       3       4       4       5       5
  -0.77147018193727721E-003       3       3       4       5       5       4
  -0.14789519170359067            3       3       5       3       3       5
  -0.77147018193727580E-003       3       3       5       4       4       5
  -0.81539270667480381E-003       3       3       5       5       5       5
  -0.14789519170359058            3       4       4       3       4       4
  -0.77147018193727721E-003       3       4       4       3       5       5
  -0.14635076986009549            3       4       5       3       4       5
  -0.14789519170359061            3       5       5       3       5       5
  -0.15116011702254589            4       4       4       4       4       4
  -0.81539270667480381E-003       4       4       4       4       5       5
  -0.14789519170359058            4       4       5       4       4       5
  -0.81539270667480414E-003       4       4       5       5       5       5
  -0.14789519170359058            4       5       5       4       5       5
  -0.15116011702254586            5       5       5       5       5       5
