           5
  -0.28007235581458810E-001       1       1       1       1       1       1
   0.18553910569856348E-002       1       1       1       1       1       2
  -0.45973424900280183E-003       1       1       1       1       2       2
  -0.23672927423588941E-004       1       1       1       1       3       3
  -0.23672927423589002E-004       1       1       1       1       4       4
  -0.23672927423589222E-004       1       1       1       1       5       5
   0.83491320877034894E-004       1       1       1       2       2       2
  -0.52339727745943468E-005       1       1       1       2       3       3
  -0.52339727745943418E-005       1       1       1       2       4       4
  -0.52339727745943553E-005       1       1       1       2       5       5
  -0.34156295555910932E-001       1       1       2       1       1       2
  -0.20076450373550806E-002       1       1       2       1       2       2
  -0.25756533905602611E-003       1       1       2       1       3       3
  -0.25756533905602595E-003       1       1       2       1       4       4
  -0.25756533905602600E-003       1       1       2       1       5       5
   0.98614346280621231E-004       1       1       2       2       2       2
  -0.14574083730430402E-004       1       1       2       2       3       3
  -0.14574083730430407E-004       1       1       2       2       4       4
  -0.14574083730430366E-004       1       1       2       2       5       5
  -0.43723385449780270E-004       1       1       2       3       3       2
  -0.43723385449780290E-004       1       1       2       4       4       2
  -0.43723385449780263E-004       1       1       2       5       5       2
  -0.32925538728868838E-001       1       1       3       1       1       3
  -0.19982282821058095E-002       1       1       3       1       2       3
   0.10520311470727517E-003       1       1       3       2       2       3
  -0.51552234838904172E-004       1       1       3       3       3       3
  -0.49083880758575738E-005       1       1       3       3       4       4
  -0.49083880758575712E-005       1       1       3       3       5       5
  -0.41733654154223487E-004       1       1       3       4       4       3
  -0.41733654154223467E-004       1       1       3       5       5       3
  -0.32925538728868844E-001       1       1       4       1       1       4
  -0.19982282821058095E-002       1       1       4       1       2       4
   0.10520311470727515E-003       1       1       4       2       2       4
  -0.41733654154223460E-004       1       1       4       3       3       4
  -0.51552234838904152E-004       1       1       4       4       4       4
  -0.49083880758575704E-005       1       1       4       4       5       5
  -0.41733654154223453E-004       1       1       4       5       5       4
  -0.32925538728868879E-001       1       1       5       1       1       5
  -0.19982282821058113E-002       1       1       5       1       2       5
   0.10520311470727516E-003       1       1       5       2       2       5
  -0.41733654154223440E-004       1       1       5       3       3       5
  -0.41733654154223460E-004       1       1       5       4       4       5
  -0.51552234838904125E-004       1       1       5       5       5       5
  -0.84663450450900582E-001       1       2       2       1       2       2
  -0.39754833074264941E-002       1       2       2       1       3       3
  -0.39754833074264993E-002       1       2       2       1       4       4
  -0.39754833074265011E-002       1       2       2       1       5       5
  -0.20610592573275443E-002       1       2       2       2       2       2
  -0.37945495196518973E-004       1       2       2       2       3       3
  -0.37945495196518987E-004       1       2       2       2       4       4
  -0.37945495196519007E-004       1       2       2       2       5       5
  -0.38080995888550986E-003       1       2       2       3       2       3
  -0.38080995888550986E-003       1       2       2       4       2       4
  -0.38080995888550970E-003       1       2       2       5       2       5
  -0.82660707096696748E-001       1       2       3       1       2       3
  -0.20119448131571461E-002       1       2       3       2       2       3
  -0.40341539116274885E-003       1       2       3       3       3       3
  -0.17212310348906585E-004       1       2       3       3       4       4
  -0.17212310348906578E-004       1       2       3       3       5       5
  -0.17212310348906578E-004       1       2       3       4       3       4
  -0.36897731072075705E-003       1       2       3       4       4       3
  -0.17212310348906585E-004       1       2       3       5       3       5
  -0.36897731072075727E-003       1       2       3       5       5       3
  -0.82660707096696748E-001       1       2       4       1       2       4
  -0.20119448131571461E-002       1       2       4       2       2       4
  -0.36897731072075700E-003       1       2       4       3       3       4
  -0.40341539116274885E-003       1       2       4       4       4       4
  -0.17212310348906581E-004       1       2       4       4       5       5
  -0.17212310348906581E-004       1       2       4       5       4       5
  -0.36897731072075722E-003       1       2       4       5       5       4
  -0.82660707096696706E-001       1       2       5       1       2       5
  -0.20119448131571457E-002       1       2       5       2       2       5
  -0.36897731072075743E-003       1       2       5       3       3       5
  -0.36897731072075743E-003       1       2       5       4       4       5
  -0.40341539116274896E-003       1       2       5       5       5       5
  -0.81350965935749420E-001       1       3       3       1       3       3
  -0.48874367871652876E-003       1       3       3       1       4       4
  -0.48874367871652941E-003       1       3       3       1       5       5
  -0.19831844841281801E-002       1       3       3       2       3       3
  -0.15837293400643737E-004       1       3       3       2       4       4
  -0.15837293400643737E-004       1       3       3       2       5       5
  -0.80372271539815660E-001       1       3       4       1       3       4
  -0.19514956445731513E-002       1       3       4       2       3       4
  -0.80372271539815618E-001       1       3       5       1       3       5
  -0.19514956445731519E-002       1       3       5       2       3       5
  -0.81350965935749434E-001       1       4       4       1       4       4
  -0.48874367871652952E-003       1       4       4       1       5       5
  -0.19831844841281801E-002       1       4       4       2       4       4
  -0.15837293400643737E-004       1       4       4       2       5       5
  -0.80372271539815604E-001       1       4       5       1       4       5
  -0.19514956445731513E-002       1       4       5       2       4       5
  -0.81350965935749420E-001       1       5       5       1       5       5
  -0.19831844841281779E-002       1       5       5       2       5       5
  -0.15699368406065700            2       2       2       2       2       2
  -0.50387218734802928E-002       2       2       2       2       3       3
  -0.50387218734802954E-002       2       2       2       2       4       4
  -0.50387218734802858E-002       2       2       2       2       5       5
  -0.15374645733026121            2       2       3       2       2       3
  -0.51675240689274963E-002       2       2       3       3       3       3
  -0.12965674965233396E-003       2       2       3       3       4       4
  -0.12965674965233404E-003       2       2       3       3       5       5
  -0.49079976561424953E-002       2       2       3       4       4       3
  -0.49079976561424883E-002       2       2       3       5       5       3
  -0.15374645733026118            2       2       4       2       2       4
  -0.49079976561424926E-002       2       2       4       3       3       4
  -0.51675240689274980E-002       2       2       4       4       4       4
  -0.12965674965233413E-003       2       2       4       4       5       5
  -0.49079976561424900E-002       2       2       4       5       5       4
  -0.15374645733026113            2       2       5       2       2       5
  -0.49079976561424900E-002       2       2       5       3       3       5
  -0.49079976561424900E-002       2       2       5       4       4       5
  -0.51675240689274989E-002       2       2       5       5       5       5
  -0.15156565130573277            2       3       3       2       3       3
  -0.76190757578449239E-003       2       3       3       2       4       4
  -0.76190757578449271E-003       2       3       3       2       5       5
  -0.15004023008465364            2       3       4       2       3       4
  -0.15004023008465350            2       3       5       2       3       5
  -0.15156565130573277            2       4       4       2       4       4
  -0.76190757578449271E-003       2       4       4       2       5       5
  -0.15004023008465350            2       4       5       2       4       5
  -0.15156565130573271            2       5       5       2       5       5
  -0.15045556004907967            3       3       3       3       3       3
  -0.76806841130189489E-003       3       3       3       3       4       4
  -0.76806841130189554E-003       3       3       3       3       5       5
  -0.14737998427706381            3       3       4       3       3       4
  -0.76806841130189576E-003       3       3       4       4       4       4
  -0.21976269067281857E-004       3       3       4       4       5       5
  -0.72415517100026579E-003       3       3       4       5       5       4
  -0.14737998427706395            3       3       5       3       3       5
  -0.72415517100026428E-003       3       3       5       4       4       5
  -0.76806841130189608E-003       3       3       5       5       5       5
  -0.14737998427706384            3       4       4       3       4       4
  -0.72415517100026514E-003       3       4       4       3       5       5
  -0.14593020747844185            3       4       5       3       4       5
  -0.14737998427706400            3       5       5       3       5       5
  -0.15045556004907967            4       4       4       4       4       4
  -0.76806841130189608E-003       4       4       4       4       5       5
  -0.14737998427706400            4       4       5       4       4       5
  -0.76806841130189608E-003       4       4       5       5       5       5
  -0.14737998427706395            4       5       5       4       5       5
  -0.15045556004907973            5       5       5       5       5       5
