           5
  -0.28845092494251365E-001       1       1       1       1       1       1
   0.19255998032819892E-002       1       1       1       1       1       2
  -0.46404732373027163E-003       1       1       1       1       2       2
  -0.23305519765481192E-004       1       1       1       1       3       3
  -0.23305519765481209E-004       1       1       1       1       4       4
  -0.23305519765481236E-004       1       1       1       1       5       5
   0.83781979616899809E-004       1       1       1       2       2       2
  -0.53063505164936722E-005       1       1       1       2       3       3
  -0.53063505164936612E-005       1       1       1       2       4       4
  -0.53063505164936383E-005       1       1       1       2       5       5
  -0.33926894567438887E-001       1       1       2       1       1       2
  -0.20271539298413960E-002       1       1       2       1       2       2
  -0.26282947913664173E-003       1       1       2       1       3       3
  -0.26282947913664162E-003       1       1       2       1       4       4
  -0.26282947913664140E-003       1       1       2       1       5       5
   0.10149607465033818E-003       1       1       2       2       2       2
  -0.14367228897127232E-004       1       1       2       2       3       3
  -0.14367228897127238E-004       1       1       2       2       4       4
  -0.14367228897127233E-004       1       1       2       2       5       5
  -0.44400843601566541E-004       1       1       2       3       3       2
  -0.44400843601566534E-004       1       1       2       4       4       2
  -0.44400843601566527E-004       1       1       2       5       5       2
  -0.32725665934270676E-001       1       1       3       1       1       3
  -0.20145153543433773E-002       1       1       3       1       2       3
   0.10780296212953443E-003       1       1       3       2       2       3
  -0.52187107467898303E-004       1       1       3       3       3       3
  -0.48966488631954865E-005       1       1       3       3       4       4
  -0.48966488631954865E-005       1       1       3       3       5       5
  -0.42392012714119359E-004       1       1       3       4       4       3
  -0.42392012714119325E-004       1       1       3       5       5       3
  -0.32725665934270669E-001       1       1       4       1       1       4
  -0.20145153543433764E-002       1       1       4       1       2       4
   0.10780296212953440E-003       1       1       4       2       2       4
  -0.42392012714119352E-004       1       1       4       3       3       4
  -0.52187107467898289E-004       1       1       4       4       4       4
  -0.48966488631954890E-005       1       1       4       4       5       5
  -0.42392012714119345E-004       1       1       4       5       5       4
  -0.32725665934270641E-001       1       1       5       1       1       5
  -0.20145153543433781E-002       1       1       5       1       2       5
   0.10780296212953431E-003       1       1       5       2       2       5
  -0.42392012714119359E-004       1       1       5       3       3       5
  -0.42392012714119379E-004       1       1       5       4       4       5
  -0.52187107467898310E-004       1       1       5       5       5       5
  -0.84511604469182780E-001       1       2       2       1       2       2
  -0.40112471633017982E-002       1       2       2       1       3       3
  -0.40112471633017913E-002       1       2       2       1       4       4
  -0.40112471633017930E-002       1       2       2       1       5       5
  -0.20871156931009708E-002       1       2       2       2       2       2
  -0.39067144401876352E-004       1       2       2       2       3       3
  -0.39067144401876318E-004       1       2       2       2       4       4
  -0.39067144401876304E-004       1       2       2       2       5       5
  -0.38673133954345202E-003       1       2       2       3       2       3
  -0.38673133954345159E-003       1       2       2       4       2       4
  -0.38673133954345170E-003       1       2       2       5       2       5
  -0.82513641540633120E-001       1       2       3       1       2       3
  -0.20362395103036015E-002       1       2       3       2       2       3
  -0.40945623955541347E-003       1       2       3       3       3       3
  -0.17403058632130078E-004       1       2       3       3       4       4
  -0.17403058632130078E-004       1       2       3       3       5       5
  -0.17403058632130085E-004       1       2       3       4       3       4
  -0.37463649420913837E-003       1       2       3       4       4       3
  -0.17403058632130082E-004       1       2       3       5       3       5
  -0.37463649420913848E-003       1       2       3       5       5       3
  -0.82513641540633093E-001       1       2       4       1       2       4
  -0.20362395103036015E-002       1       2       4       2       2       4
  -0.37463649420913880E-003       1       2       4       3       3       4
  -0.40945623955541315E-003       1       2       4       4       4       4
  -0.17403058632130085E-004       1       2       4       4       5       5
  -0.17403058632130071E-004       1       2       4       5       4       5
  -0.37463649420913837E-003       1       2       4       5       5       4
  -0.82513641540633148E-001       1       2       5       1       2       5
  -0.20362395103035997E-002       1       2       5       2       2       5
  -0.37463649420913880E-003       1       2       5       3       3       5
  -0.37463649420913837E-003       1       2       5       4       4       5
  -0.40945623955541299E-003       1       2       5       5       5       5
  -0.81237313570011349E-001       1       3       3       1       3       3
  -0.51026760807634818E-003       1       3       3       1       4       4
  -0.51026760807634743E-003       1       3       3       1       5       5
  -0.20064598713798818E-002       1       3       3       2       3       3
  -0.16358229030350805E-004       1       3       3       2       4       4
  -0.16358229030350784E-004       1       3       3       2       5       5
  -0.80215565014584628E-001       1       3       4       1       3       4
  -0.19737283729726373E-002       1       3       4       2       3       4
  -0.80215565014584642E-001       1       3       5       1       3       5
  -0.19737283729726386E-002       1       3       5       2       3       5
  -0.81237313570011349E-001       1       4       4       1       4       4
  -0.51026760807634732E-003       1       4       4       1       5       5
  -0.20064598713798818E-002       1       4       4       2       4       4
  -0.16358229030350781E-004       1       4       4       2       5       5
  -0.80215565014584669E-001       1       4       5       1       4       5
  -0.19737283729726381E-002       1       4       5       2       4       5
  -0.81237313570011391E-001       1       5       5       1       5       5
  -0.20064598713798792E-002       1       5       5       2       5       5
  -0.15732745733283487            2       2       2       2       2       2
  -0.51036433205000082E-002       2       2       2       2       3       3
  -0.51036433204999987E-002       2       2       2       2       4       4
  -0.51036433205000021E-002       2       2       2       2       5       5
  -0.15406404419850911            2       2       3       2       2       3
  -0.52350031562802078E-002       2       2       3       3       3       3
  -0.13245097636081793E-003       2       2       3       3       4       4
  -0.13245097636081798E-003       2       2       3       3       5       5
  -0.49698854323826326E-002       2       2       3       4       4       3
  -0.49698854323826317E-002       2       2       3       5       5       3
  -0.15406404419850908            2       2       4       2       2       4
  -0.49698854323826404E-002       2       2       4       3       3       4
  -0.52350031562801991E-002       2       2       4       4       4       4
  -0.13245097636081787E-003       2       2       4       4       5       5
  -0.49698854323826334E-002       2       2       4       5       5       4
  -0.15406404419850922            2       2       5       2       2       5
  -0.49698854323826413E-002       2       2       5       3       3       5
  -0.49698854323826352E-002       2       2       5       4       4       5
  -0.52350031562801973E-002       2       2       5       5       5       5
  -0.15190697328090672            2       3       3       2       3       3
  -0.79154168619187230E-003       2       3       3       2       4       4
  -0.79154168619187176E-003       2       3       3       2       5       5
  -0.15032226554127542            2       3       4       2       3       4
  -0.15032226554127548            2       3       5       2       3       5
  -0.15190697328090663            2       4       4       2       4       4
  -0.79154168619187133E-003       2       4       4       2       5       5
  -0.15032226554127542            2       4       5       2       4       5
  -0.15190697328090663            2       5       5       2       5       5
  -0.15085966040534732            3       3       3       3       3       3
  -0.79748780988075376E-003       3       3       3       3       4       4
  -0.79748780988075278E-003       3       3       3       3       5       5
  -0.14766636538511219            3       3       4       3       3       4
  -0.79748780988075311E-003       3       3       4       4       4       4
  -0.21997454714199619E-004       3       3       4       4       5       5
  -0.75353531060202462E-003       3       3       4       5       5       4
  -0.14766636538511210            3       3       5       3       3       5
  -0.75353531060202484E-003       3       3       5       4       4       5
  -0.79748780988075224E-003       3       3       5       5       5       5
  -0.14766636538511219            3       4       4       3       4       4
  -0.75353531060202484E-003       3       4       4       3       5       5
  -0.14615781606227368            3       4       5       3       4       5
  -0.14766636538511213            3       5       5       3       5       5
  -0.15085966040534740            4       4       4       4       4       4
  -0.79748780988075159E-003       4       4       4       4       5       5
  -0.14766636538511213            4       4       5       4       4       5
  -0.79748780988075159E-003       4       4       5       5       5       5
  -0.14766636538511207            4       5       5       4       5       5
  -0.15085966040534751            5       5       5       5       5       5
