           5
  -0.28089489508258087E-001       1       1       1       1       1       1
   0.18911574218060494E-002       1       1       1       1       1       2
  -0.46059859684459740E-003       1       1       1       1       2       2
  -0.23380336786292474E-004       1       1       1       1       3       3
  -0.23380336786292413E-004       1       1       1       1       4       4
  -0.23380336786292562E-004       1       1       1       1       5       5
   0.83275122773316705E-004       1       1       1       2       2       2
  -0.52698456898061390E-005       1       1       1       2       3       3
  -0.52698456898061483E-005       1       1       1       2       4       4
  -0.52698456898061407E-005       1       1       1       2       5       5
  -0.33743548877705948E-001       1       1       2       1       1       2
  -0.19929498282418587E-002       1       1       2       1       2       2
  -0.25582187980874549E-003       1       1       2       1       3       3
  -0.25582187980874554E-003       1       1       2       1       4       4
  -0.25582187980874576E-003       1       1       2       1       5       5
   0.98349487342680130E-004       1       1       2       2       2       2
  -0.14693515669131700E-004       1       1       2       2       3       3
  -0.14693515669131710E-004       1       1       2       2       4       4
  -0.14693515669131724E-004       1       1       2       2       5       5
  -0.43734583056618745E-004       1       1       2       3       3       2
  -0.43734583056618731E-004       1       1       2       4       4       2
  -0.43734583056618731E-004       1       1       2       5       5       2
  -0.32524980766223274E-001       1       1       3       1       1       3
  -0.19827012985555070E-002       1       1       3       1       2       3
   0.10480261980983215E-003       1       1       3       2       2       3
  -0.51621195392190369E-004       1       1       3       3       3       3
  -0.49523478084976494E-005       1       1       3       3       4       4
  -0.49523478084976469E-005       1       1       3       3       5       5
  -0.41714693742686521E-004       1       1       3       4       4       3
  -0.41714693742686474E-004       1       1       3       5       5       3
  -0.32524980766223247E-001       1       1       4       1       1       4
  -0.19827012985555088E-002       1       1       4       1       2       4
   0.10480261980983236E-003       1       1       4       2       2       4
  -0.41714693742686508E-004       1       1       4       3       3       4
  -0.51621195392190396E-004       1       1       4       4       4       4
  -0.49523478084976477E-005       1       1       4       4       5       5
  -0.41714693742686494E-004       1       1       4       5       5       4
  -0.32524980766223219E-001       1       1       5       1       1       5
  -0.19827012985555079E-002       1       1       5       1       2       5
   0.10480261980983257E-003       1       1       5       2       2       5
  -0.41714693742686474E-004       1       1       5       3       3       5
  -0.41714693742686494E-004       1       1       5       4       4       5
  -0.51621195392190376E-004       1       1       5       5       5       5
  -0.83877055425050542E-001       1       2       2       1       2       2
  -0.39525424933960218E-002       1       2       2       1       3       3
  -0.39525424933960270E-002       1       2       2       1       4       4
  -0.39525424933960262E-002       1       2       2       1       5       5
  -0.20534863182580087E-002       1       2       2       2       2       2
  -0.38346617136000982E-004       1       2       2       2       3       3
  -0.38346617136001009E-004       1       2       2       2       4       4
  -0.38346617136001043E-004       1       2       2       2       5       5
  -0.37904989217368309E-003       1       2       2       3       2       3
  -0.37904989217368325E-003       1       2       2       4       2       4
  -0.37904989217368325E-003       1       2       2       5       2       5
  -0.81889296867921513E-001       1       2       3       1       2       3
  -0.20040651358377891E-002       1       2       3       2       2       3
  -0.40189827943413776E-003       1       2       3       3       3       3
  -0.17351971941150041E-004       1       2       3       3       4       4
  -0.17351971941150054E-004       1       2       3       3       5       5
  -0.17351971941150031E-004       1       2       3       4       3       4
  -0.36718088997902618E-003       1       2       3       4       4       3
  -0.17351971941150031E-004       1       2       3       5       3       5
  -0.36718088997902623E-003       1       2       3       5       5       3
  -0.81889296867921513E-001       1       2       4       1       2       4
  -0.20040651358377896E-002       1       2       4       2       2       4
  -0.36718088997902596E-003       1       2       4       3       3       4
  -0.40189827943413786E-003       1       2       4       4       4       4
  -0.17351971941150054E-004       1       2       4       4       5       5
  -0.17351971941150051E-004       1       2       4       5       4       5
  -0.36718088997902639E-003       1       2       4       5       5       4
  -0.81889296867921527E-001       1       2       5       1       2       5
  -0.20040651358377891E-002       1       2       5       2       2       5
  -0.36718088997902618E-003       1       2       5       3       3       5
  -0.36718088997902645E-003       1       2       5       4       4       5
  -0.40189827943413754E-003       1       2       5       5       5       5
  -0.80633347739892239E-001       1       3       3       1       3       3
  -0.51826745921268718E-003       1       3       3       1       4       4
  -0.51826745921268761E-003       1       3       3       1       5       5
  -0.19751009936853211E-002       1       3       3       2       3       3
  -0.15889520935931365E-004       1       3       3       2       4       4
  -0.15889520935931371E-004       1       3       3       2       5       5
  -0.79595607692890272E-001       1       3       4       1       3       4
  -0.19433073829805199E-002       1       3       4       2       3       4
  -0.79595607692890230E-001       1       3       5       1       3       5
  -0.19433073829805208E-002       1       3       5       2       3       5
  -0.80633347739892253E-001       1       4       4       1       4       4
  -0.51826745921268783E-003       1       4       4       1       5       5
  -0.19751009936853207E-002       1       4       4       2       4       4
  -0.15889520935931368E-004       1       4       4       2       5       5
  -0.79595607692890258E-001       1       4       5       1       4       5
  -0.19433073829805206E-002       1       4       5       2       4       5
  -0.80633347739892197E-001       1       5       5       1       5       5
  -0.19751009936853246E-002       1       5       5       2       5       5
  -0.15580496611588385            2       2       2       2       2       2
  -0.50114816811068974E-002       2       2       2       2       3       3
  -0.50114816811069017E-002       2       2       2       2       4       4
  -0.50114816811069000E-002       2       2       2       2       5       5
  -0.15257766413092902            2       2       3       2       2       3
  -0.51442576951042825E-002       2       2       3       3       3       3
  -0.13230944819906575E-003       2       2       3       3       4       4
  -0.13230944819906586E-003       2       2       3       3       5       5
  -0.48794253736968310E-002       2       2       3       4       4       3
  -0.48794253736968406E-002       2       2       3       5       5       3
  -0.15257766413092916            2       2       4       2       2       4
  -0.48794253736968258E-002       2       2       4       3       3       4
  -0.51442576951042877E-002       2       2       4       4       4       4
  -0.13230944819906594E-003       2       2       4       4       5       5
  -0.48794253736968414E-002       2       2       4       5       5       4
  -0.15257766413092899            2       2       5       2       2       5
  -0.48794253736968328E-002       2       2       5       3       3       5
  -0.48794253736968354E-002       2       2       5       4       4       5
  -0.51442576951042868E-002       2       2       5       5       5       5
  -0.15046126386898295            2       3       3       2       3       3
  -0.79559390930459585E-003       2       3       3       2       4       4
  -0.79559390930459553E-003       2       3       3       2       5       5
  -0.14886846855684865            2       3       4       2       3       4
  -0.14886846855684865            2       3       5       2       3       5
  -0.15046126386898298            2       4       4       2       4       4
  -0.79559390930459553E-003       2       4       4       2       5       5
  -0.14886846855684865            2       4       5       2       4       5
  -0.15046126386898293            2       5       5       2       5       5
  -0.14945931380380451            3       3       3       3       3       3
  -0.80157966531927815E-003       3       3       3       3       4       4
  -0.80157966531927815E-003       3       3       3       3       5       5
  -0.14624968456038989            3       3       4       3       3       4
  -0.80157966531927750E-003       3       3       4       4       4       4
  -0.22042579236822552E-004       3       3       4       4       5       5
  -0.75753721075233103E-003       3       3       4       5       5       4
  -0.14624968456038984            3       3       5       3       3       5
  -0.75753721075233049E-003       3       3       5       4       4       5
  -0.80157966531927750E-003       3       3       5       5       5       5
  -0.14624968456039000            3       4       4       3       4       4
  -0.75753721075233157E-003       3       4       4       3       5       5
  -0.14473314800659332            3       4       5       3       4       5
  -0.14624968456038995            3       5       5       3       5       5
  -0.14945931380380445            4       4       4       4       4       4
  -0.80157966531927837E-003       4       4       4       4       5       5
  -0.14624968456038989            4       4       5       4       4       5
  -0.80157966531927782E-003       4       4       5       5       5       5
  -0.14624968456038989            4       5       5       4       5       5
  -0.14945931380380464            5       5       5       5       5       5
