           5
  -0.28087796462144671E-001       1       1       1       1       1       1
   0.18182064218577791E-002       1       1       1       1       1       2
  -0.44957359955627495E-003       1       1       1       1       2       2
  -0.24205854424436432E-004       1       1       1       1       3       3
  -0.24205854424436432E-004       1       1       1       1       4       4
  -0.24205854424436493E-004       1       1       1       1       5       5
   0.81581696271337695E-004       1       1       1       2       2       2
  -0.52035892557892917E-005       1       1       1       2       3       3
  -0.52035892557893120E-005       1       1       1       2       4       4
  -0.52035892557892866E-005       1       1       1       2       5       5
  -0.34133804557364214E-001       1       1       2       1       1       2
  -0.20178401847447897E-002       1       1       2       1       2       2
  -0.26617078503910494E-003       1       1       2       1       3       3
  -0.26617078503910499E-003       1       1       2       1       4       4
  -0.26617078503910499E-003       1       1       2       1       5       5
   0.99640199537259370E-004       1       1       2       2       2       2
  -0.14280671529882861E-004       1       1       2       2       3       3
  -0.14280671529882874E-004       1       1       2       2       4       4
  -0.14280671529882857E-004       1       1       2       2       5       5
  -0.44375748582655900E-004       1       1       2       3       3       2
  -0.44375748582655893E-004       1       1       2       4       4       2
  -0.44375748582655913E-004       1       1       2       5       5       2
  -0.32926683392154252E-001       1       1       3       1       1       3
  -0.20052174193574512E-002       1       1       3       1       2       3
   0.10586737721627058E-003       1       1       3       2       2       3
  -0.52077251037340244E-004       1       1       3       3       3       3
  -0.48288062143570508E-005       1       1       3       3       4       4
  -0.48288062143570449E-005       1       1       3       3       5       5
  -0.42417858686102079E-004       1       1       3       4       4       3
  -0.42417858686102072E-004       1       1       3       5       5       3
  -0.32926683392154238E-001       1       1       4       1       1       4
  -0.20052174193574521E-002       1       1       4       1       2       4
   0.10586737721627064E-003       1       1       4       2       2       4
  -0.42417858686102079E-004       1       1       4       3       3       4
  -0.52077251037340265E-004       1       1       4       4       4       4
  -0.48288062143570440E-005       1       1       4       4       5       5
  -0.42417858686102072E-004       1       1       4       5       5       4
  -0.32926683392154224E-001       1       1       5       1       1       5
  -0.20052174193574521E-002       1       1       5       1       2       5
   0.10586737721627071E-003       1       1       5       2       2       5
  -0.42417858686102092E-004       1       1       5       3       3       5
  -0.42417858686102092E-004       1       1       5       4       4       5
  -0.52077251037340217E-004       1       1       5       5       5       5
  -0.84747600409670110E-001       1       2       2       1       2       2
  -0.40591956492086103E-002       1       2       2       1       3       3
  -0.40591956492086086E-002       1       2       2       1       4       4
  -0.40591956492086094E-002       1       2       2       1       5       5
  -0.20827805200745262E-002       1       2       2       2       2       2
  -0.39007834619780536E-004       1       2       2       2       3       3
  -0.39007834619780549E-004       1       2       2       2       4       4
  -0.39007834619780563E-004       1       2       2       2       5       5
  -0.38875658713443577E-003       1       2       2       3       2       3
  -0.38875658713443566E-003       1       2       2       4       2       4
  -0.38875658713443583E-003       1       2       2       5       2       5
  -0.82743543358433091E-001       1       2       3       1       2       3
  -0.20324858899607259E-002       1       2       3       2       2       3
  -0.41190927632110848E-003       1       2       3       3       3       3
  -0.17696871335423106E-004       1       2       3       3       4       4
  -0.17696871335423106E-004       1       2       3       3       5       5
  -0.17696871335423116E-004       1       2       3       4       3       4
  -0.37650170211676762E-003       1       2       3       4       4       3
  -0.17696871335423116E-004       1       2       3       5       3       5
  -0.37650170211676794E-003       1       2       3       5       5       3
  -0.82743543358433105E-001       1       2       4       1       2       4
  -0.20324858899607254E-002       1       2       4       2       2       4
  -0.37650170211676794E-003       1       2       4       3       3       4
  -0.41190927632110794E-003       1       2       4       4       4       4
  -0.17696871335423116E-004       1       2       4       4       5       5
  -0.17696871335423113E-004       1       2       4       5       4       5
  -0.37650170211676805E-003       1       2       4       5       5       4
  -0.82743543358433119E-001       1       2       5       1       2       5
  -0.20324858899607246E-002       1       2       5       2       2       5
  -0.37650170211676800E-003       1       2       5       3       3       5
  -0.37650170211676794E-003       1       2       5       4       4       5
  -0.41190927632110816E-003       1       2       5       5       5       5
  -0.81555534434805288E-001       1       3       3       1       3       3
  -0.58105024401851487E-003       1       3       3       1       4       4
  -0.58105024401851487E-003       1       3       3       1       5       5
  -0.20030192713251559E-002       1       3       3       2       3       3
  -0.16153641160840413E-004       1       3       3       2       4       4
  -0.16153641160840419E-004       1       3       3       2       5       5
  -0.80392193324308608E-001       1       3       4       1       3       4
  -0.19706969039034300E-002       1       3       4       2       3       4
  -0.80392193324308608E-001       1       3       5       1       3       5
  -0.19706969039034292E-002       1       3       5       2       3       5
  -0.81555534434805343E-001       1       4       4       1       4       4
  -0.58105024401851498E-003       1       4       4       1       5       5
  -0.20030192713251576E-002       1       4       4       2       4       4
  -0.16153641160840416E-004       1       4       4       2       5       5
  -0.80392193324308581E-001       1       4       5       1       4       5
  -0.19706969039034292E-002       1       4       5       2       4       5
  -0.81555534434805316E-001       1       5       5       1       5       5
  -0.20030192713251585E-002       1       5       5       2       5       5
  -0.15755183967713554            2       2       2       2       2       2
  -0.51540647353158515E-002       2       2       2       2       3       3
  -0.51540647353158471E-002       2       2       2       2       4       4
  -0.51540647353158489E-002       2       2       2       2       5       5
  -0.15428711035553314            2       2       3       2       2       3
  -0.52961976743657237E-002       2       2       3       3       3       3
  -0.14065862562155363E-003       2       2       3       3       4       4
  -0.14065862562155363E-003       2       2       3       3       5       5
  -0.50146596268596539E-002       2       2       3       4       4       3
  -0.50146596268596504E-002       2       2       3       5       5       3
  -0.15428711035553314            2       2       4       2       2       4
  -0.50146596268596565E-002       2       2       4       3       3       4
  -0.52961976743657185E-002       2       2       4       4       4       4
  -0.14065862562155350E-003       2       2       4       4       5       5
  -0.50146596268596504E-002       2       2       4       5       5       4
  -0.15428711035553325            2       2       5       2       2       5
  -0.50146596268596574E-002       2       2       5       3       3       5
  -0.50146596268596522E-002       2       2       5       4       4       5
  -0.52961976743657159E-002       2       2       5       5       5       5
  -0.15223800669529547            2       3       3       2       3       3
  -0.87349402842966265E-003       2       3       3       2       4       4
  -0.87349402842966384E-003       2       3       3       2       5       5
  -0.15048935985918602            2       3       4       2       3       4
  -0.15048935985918621            2       3       5       2       3       5
  -0.15223800669529558            2       4       4       2       4       4
  -0.87349402842966427E-003       2       4       4       2       5       5
  -0.15048935985918616            2       4       5       2       4       5
  -0.15223800669529564            2       5       5       2       5       5
  -0.15140589467411442            3       3       3       3       3       3
  -0.87904011677873966E-003       3       3       3       3       4       4
  -0.87904011677874053E-003       3       3       3       3       5       5
  -0.14788630861296559            3       3       4       3       3       4
  -0.87904011677873988E-003       3       3       4       4       4       4
  -0.22521022685598202E-004       3       3       4       4       5       5
  -0.83404870427384681E-003       3       3       4       5       5       4
  -0.14788630861296551            3       3       5       3       3       5
  -0.83404870427384594E-003       3       3       5       4       4       5
  -0.87904011677874096E-003       3       3       5       5       5       5
  -0.14788630861296559            3       4       4       3       4       4
  -0.83404870427384583E-003       3       4       4       3       5       5
  -0.14621671226707955            3       4       5       3       4       5
  -0.14788630861296567            3       5       5       3       5       5
  -0.15140589467411442            4       4       4       4       4       4
  -0.87904011677874183E-003       4       4       4       4       5       5
  -0.14788630861296556            4       4       5       4       4       5
  -0.87904011677874150E-003       4       4       5       5       5       5
  -0.14788630861296559            4       5       5       4       5       5
  -0.15140589467411453            5       5       5       5       5       5
