&FCI
 NORB=5,
 NELEC=8,
 MS2=2,
 ISYM=1,
 ORBSYM=1,1,1,1,1,
 ST=1,
 III=1,
 OCC=5,
 CLOSED=3,
 /
    4.7054436077694746            1       1       1       1
  -0.68716363479924403            2       1       1       1
  -0.27119061207090722            1       2       1       1
    1.0524936360827311            2       2       1       1
    1.0416587256751826            3       3       1       1
    1.0416587256751826            4       4       1       1
    1.0416587256751826            5       5       1       1
  -0.68716363479924403            1       1       2       1
   0.12234693956691504            2       1       2       1
   0.77759969436589860E-001       1       2       2       1
  -0.79010121338047246E-001       2       2       2       1
  -0.67684547275011928E-001       3       3       2       1
  -0.67684547275011914E-001       4       4       2       1
  -0.67684547275011872E-001       5       5       2       1
   0.43797301931264368E-001       3       1       3       1
   0.47009607039557103E-001       3       2       3       1
   0.26087868929349164E-001       1       3       3       1
   0.45451932482625447E-001       2       3       3       1
   0.43797301931264354E-001       4       1       4       1
   0.47009607039557103E-001       4       2       4       1
   0.26087868929349157E-001       1       4       4       1
   0.45451932482625440E-001       2       4       4       1
   0.43797301931264333E-001       5       1       5       1
   0.47009607039557116E-001       5       2       5       1
   0.26087868929349139E-001       1       5       5       1
   0.45451932482625454E-001       2       5       5       1
  -0.27119061207090722            1       1       1       2
   0.77759969436589860E-001       2       1       1       2
   0.33172999306264661E-001       1       2       1       2
   0.26969743182307444E-001       2       2       1       2
   0.35553995289365578E-001       3       3       1       2
   0.35553995289365578E-001       4       4       1       2
   0.35553995289365536E-001       5       5       1       2
    1.0524936360827311            1       1       2       2
  -0.79010121338047246E-001       2       1       2       2
   0.26969743182307444E-001       1       2       2       2
   0.60866058793048738            2       2       2       2
   0.62247370784256495            3       3       2       2
   0.62247370784256495            4       4       2       2
   0.62247370784256506            5       5       2       2
   0.47009607039557103E-001       3       1       3       2
   0.14184887021583592            3       2       3       2
   0.22712868319829247E-001       1       3       3       2
   0.14944711827762974            2       3       3       2
   0.47009607039557103E-001       4       1       4       2
   0.14184887021583592            4       2       4       2
   0.22712868319829271E-001       1       4       4       2
   0.14944711827762977            2       4       4       2
   0.47009607039557116E-001       5       1       5       2
   0.14184887021583592            5       2       5       2
   0.22712868319829278E-001       1       5       5       2
   0.14944711827762977            2       5       5       2
   0.26087868929349164E-001       3       1       1       3
   0.22712868319829247E-001       3       2       1       3
   0.83784359274339630E-002       1       3       1       3
   0.21155193762897581E-001       2       3       1       3
   0.45451932482625447E-001       3       1       2       3
   0.14944711827762974            3       2       2       3
   0.21155193762897581E-001       1       3       2       3
   0.15704536633942359            2       3       2       3
    1.0416587256751826            1       1       3       3
  -0.67684547275011928E-001       2       1       3       3
   0.35553995289365578E-001       1       2       3       3
   0.62247370784256495            2       2       3       3
   0.69593977817873021            3       3       3       3
   0.61131059773271157            4       4       3       3
   0.61131059773271179            5       5       3       3
   0.42318016233221907E-001       4       3       4       3
   0.42318016233221900E-001       3       4       4       3
   0.42318016233221900E-001       5       3       5       3
   0.42318016233221900E-001       3       5       5       3
   0.26087868929349157E-001       4       1       1       4
   0.22712868319829271E-001       4       2       1       4
   0.83784359274339595E-002       1       4       1       4
   0.21155193762897602E-001       2       4       1       4
   0.45451932482625440E-001       4       1       2       4
   0.14944711827762977            4       2       2       4
   0.21155193762897602E-001       1       4       2       4
   0.15704536633942362            2       4       2       4
   0.42318016233221900E-001       4       3       3       4
   0.42318016233221900E-001       3       4       3       4
    1.0416587256751826            1       1       4       4
  -0.67684547275011914E-001       2       1       4       4
   0.35553995289365578E-001       1       2       4       4
   0.62247370784256495            2       2       4       4
   0.61131059773271157            3       3       4       4
   0.69593977817873043            4       4       4       4
   0.61131059773271179            5       5       4       4
   0.42318016233221907E-001       5       4       5       4
   0.42318016233221907E-001       4       5       5       4
   0.26087868929349139E-001       5       1       1       5
   0.22712868319829278E-001       5       2       1       5
   0.83784359274339457E-002       1       5       1       5
   0.21155193762897609E-001       2       5       1       5
   0.45451932482625454E-001       5       1       2       5
   0.14944711827762977            5       2       2       5
   0.21155193762897609E-001       1       5       2       5
   0.15704536633942362            2       5       2       5
   0.42318016233221900E-001       5       3       3       5
   0.42318016233221900E-001       3       5       3       5
   0.42318016233221907E-001       5       4       4       5
   0.42318016233221907E-001       4       5       4       5
    1.0416587256751826            1       1       5       5
  -0.67684547275011872E-001       2       1       5       5
   0.35553995289365536E-001       1       2       5       5
   0.62247370784256506            2       2       5       5
   0.61131059773271179            3       3       5       5
   0.61131059773271179            4       4       5       5
   0.69593977817873065            5       5       5       5
   -31.919962959408817            1       1       0       0
   0.62901133642328189            1       2       0       0
   0.62901133642328189            2       1       0       0
   -6.9898519406208859            2       2       0       0
   -6.4686338456767469            3       3       0       0
   -6.4686338456767469            4       4       0       0
   -6.4686338456767469            5       5       0       0
    0.0000000000000000            0       0       0       0
