&FCI
 NORB=5,
 NELEC=8,
 MS2=2,
 ISYM=1,
 ORBSYM=1,1,1,1,1,
 ST=1,
 III=1,
 OCC=5,
 CLOSED=3,
 /
    4.7045884924822508            1       1       1       1
  -0.68948986685463809            2       1       1       1
  -0.26874224915659384            1       2       1       1
    1.0524236878115678            2       2       1       1
    1.0415715189701620            3       3       1       1
    1.0415715189701620            4       4       1       1
    1.0415715189701620            5       5       1       1
  -0.68948986685463809            1       1       2       1
   0.12294230588499963            2       1       2       1
   0.77756292995280779E-001       1       2       2       1
  -0.79060214140901586E-001       2       2       2       1
  -0.67728892114173184E-001       3       3       2       1
  -0.67728892114173198E-001       4       4       2       1
  -0.67728892114173128E-001       5       5       2       1
   0.43810284054658324E-001       3       1       3       1
   0.46457472666584912E-001       3       2       3       1
   0.26085879508982276E-001       1       3       3       1
   0.44929492728190988E-001       2       3       3       1
   0.43810284054658331E-001       4       1       4       1
   0.46457472666584912E-001       4       2       4       1
   0.26085879508982272E-001       1       4       4       1
   0.44929492728190981E-001       2       4       4       1
   0.43810284054658324E-001       5       1       5       1
   0.46457472666584912E-001       5       2       5       1
   0.26085879508982272E-001       1       5       5       1
   0.44929492728190981E-001       2       5       5       1
  -0.26874224915659384            1       1       1       2
   0.77756292995280779E-001       2       1       1       2
   0.32570280105561913E-001       1       2       1       2
   0.27014141613153748E-001       2       2       1       2
   0.35596660966565191E-001       3       3       1       2
   0.35596660966565219E-001       4       4       1       2
   0.35596660966565247E-001       5       5       1       2
    1.0524236878115678            1       1       2       2
  -0.79060214140901586E-001       2       1       2       2
   0.27014141613153748E-001       1       2       2       2
   0.60810645893685322            2       2       2       2
   0.62194654838373198            3       3       2       2
   0.62194654838373198            4       4       2       2
   0.62194654838373187            5       5       2       2
   0.46457472666584912E-001       3       1       3       2
   0.14128100744480387            3       2       3       2
   0.23175199904823619E-001       1       3       3       2
   0.14915627628228539            2       3       3       2
   0.46457472666584912E-001       4       1       4       2
   0.14128100744480379            4       2       4       2
   0.23175199904823640E-001       1       4       4       2
   0.14915627628228534            2       4       4       2
   0.46457472666584912E-001       5       1       5       2
   0.14128100744480376            5       2       5       2
   0.23175199904823633E-001       1       5       5       2
   0.14915627628228531            2       5       5       2
   0.26085879508982276E-001       3       1       1       3
   0.23175199904823619E-001       3       2       1       3
   0.83614749633062237E-002       1       3       1       3
   0.21647219966429682E-001       2       3       1       3
   0.44929492728190988E-001       3       1       2       3
   0.14915627628228539            3       2       2       3
   0.21647219966429682E-001       1       3       2       3
   0.15703154511976689            2       3       2       3
    1.0415715189701620            1       1       3       3
  -0.67728892114173184E-001       2       1       3       3
   0.35596660966565191E-001       1       2       3       3
   0.62194654838373198            2       2       3       3
   0.69496072656162844            3       3       3       3
   0.61104736943749494            4       4       3       3
   0.61104736943749494            5       5       3       3
   0.41960168851899758E-001       4       3       4       3
   0.41960168851899758E-001       3       4       4       3
   0.41960168851899765E-001       5       3       5       3
   0.41960168851899765E-001       3       5       5       3
   0.26085879508982272E-001       4       1       1       4
   0.23175199904823640E-001       4       2       1       4
   0.83614749633062133E-002       1       4       1       4
   0.21647219966429702E-001       2       4       1       4
   0.44929492728190981E-001       4       1       2       4
   0.14915627628228534            4       2       2       4
   0.21647219966429702E-001       1       4       2       4
   0.15703154511976686            2       4       2       4
   0.41960168851899758E-001       4       3       3       4
   0.41960168851899765E-001       3       4       3       4
    1.0415715189701620            1       1       4       4
  -0.67728892114173198E-001       2       1       4       4
   0.35596660966565219E-001       1       2       4       4
   0.62194654838373198            2       2       4       4
   0.61104736943749494            3       3       4       4
   0.69496072656162822            4       4       4       4
   0.61104736943749494            5       5       4       4
   0.41960168851899758E-001       5       4       5       4
   0.41960168851899758E-001       4       5       5       4
   0.26085879508982272E-001       5       1       1       5
   0.23175199904823633E-001       5       2       1       5
   0.83614749633062237E-002       1       5       1       5
   0.21647219966429692E-001       2       5       1       5
   0.44929492728190981E-001       5       1       2       5
   0.14915627628228531            5       2       2       5
   0.21647219966429692E-001       1       5       2       5
   0.15703154511976683            2       5       2       5
   0.41960168851899765E-001       5       3       3       5
   0.41960168851899765E-001       3       5       3       5
   0.41960168851899758E-001       5       4       4       5
   0.41960168851899758E-001       4       5       4       5
    1.0415715189701620            1       1       5       5
  -0.67728892114173128E-001       2       1       5       5
   0.35596660966565247E-001       1       2       5       5
   0.62194654838373187            2       2       5       5
   0.61104736943749494            3       3       5       5
   0.61104736943749494            4       4       5       5
   0.69496072656162822            5       5       5       5
   -31.919962959408817            1       1       0       0
   0.62901133642328189            1       2       0       0
   0.62901133642328189            2       1       0       0
   -6.9898519406208859            2       2       0       0
   -6.4686338456767469            3       3       0       0
   -6.4686338456767469            4       4       0       0
   -6.4686338456767469            5       5       0       0
    0.0000000000000000            0       0       0       0
