&FCI
 NORB=5,
 NELEC=8,
 MS2=2,
 ISYM=1,
 ORBSYM=1,1,1,1,1,
 ST=1,
 III=1,
 OCC=5,
 CLOSED=3,
 /
    4.7058109074867964            1       1       1       1
  -0.68674544009654026            2       1       1       1
  -0.27178629800860782            1       2       1       1
    1.0521550645725304            2       2       1       1
    1.0413200167796666            3       3       1       1
    1.0413200167796666            4       4       1       1
    1.0413200167796668            5       5       1       1
  -0.68674544009654026            1       1       2       1
   0.12217217752088125            2       1       2       1
   0.77770535270311122E-001       1       2       2       1
  -0.79014758695642978E-001       2       2       2       1
  -0.67702416191802020E-001       3       3       2       1
  -0.67702416191801978E-001       4       4       2       1
  -0.67702416191801965E-001       5       5       2       1
   0.43817736602698165E-001       3       1       3       1
   0.46291498116375264E-001       3       2       3       1
   0.26080497722864509E-001       1       3       3       1
   0.44774242603124605E-001       2       3       3       1
   0.43817736602698165E-001       4       1       4       1
   0.46291498116375257E-001       4       2       4       1
   0.26080497722864512E-001       1       4       4       1
   0.44774242603124598E-001       2       4       4       1
   0.43817736602698179E-001       5       1       5       1
   0.46291498116375257E-001       5       2       5       1
   0.26080497722864499E-001       1       5       5       1
   0.44774242603124584E-001       2       5       5       1
  -0.27178629800860782            1       1       1       2
   0.77770535270311122E-001       2       1       1       2
   0.33368893019740990E-001       1       2       1       2
   0.26959256973043334E-001       2       2       1       2
   0.35557168680142970E-001       3       3       1       2
   0.35557168680142970E-001       4       4       1       2
   0.35557168680142928E-001       5       5       1       2
    1.0521550645725304            1       1       2       2
  -0.79014758695642978E-001       2       1       2       2
   0.26959256973043334E-001       1       2       2       2
   0.60830144757545346            2       2       2       2
   0.62211251909909360            3       3       2       2
   0.62211251909909371            4       4       2       2
   0.62211251909909382            5       5       2       2
   0.46291498116375264E-001       3       1       3       2
   0.14053555428566158            3       2       3       2
   0.23295262752473081E-001       1       3       3       2
   0.14878423779534389            2       3       3       2
   0.46291498116375257E-001       4       1       4       2
   0.14053555428566156            4       2       4       2
   0.23295262752473078E-001       1       4       4       2
   0.14878423779534389            2       4       4       2
   0.46291498116375257E-001       5       1       5       2
   0.14053555428566153            5       2       5       2
   0.23295262752473091E-001       1       5       5       2
   0.14878423779534386            2       5       5       2
   0.26080497722864509E-001       3       1       1       3
   0.23295262752473081E-001       3       2       1       3
   0.83432588430308527E-002       1       3       1       3
   0.21778007239222415E-001       2       3       1       3
   0.44774242603124605E-001       3       1       2       3
   0.14878423779534389            3       2       2       3
   0.21778007239222415E-001       1       3       2       3
   0.15703292130502619            2       3       2       3
    1.0413200167796666            1       1       3       3
  -0.67702416191802020E-001       2       1       3       3
   0.35557168680142970E-001       1       2       3       3
   0.62211251909909360            2       2       3       3
   0.69503801623820594            3       3       3       3
   0.61121693812724498            4       4       3       3
   0.61121693812724498            5       5       3       3
   0.41914044295187622E-001       4       3       4       3
   0.41914044295187622E-001       3       4       4       3
   0.41914044295187622E-001       5       3       5       3
   0.41914044295187629E-001       3       5       5       3
   0.26080497722864512E-001       4       1       1       4
   0.23295262752473078E-001       4       2       1       4
   0.83432588430308596E-002       1       4       1       4
   0.21778007239222408E-001       2       4       1       4
   0.44774242603124598E-001       4       1       2       4
   0.14878423779534389            4       2       2       4
   0.21778007239222408E-001       1       4       2       4
   0.15703292130502622            2       4       2       4
   0.41914044295187622E-001       4       3       3       4
   0.41914044295187622E-001       3       4       3       4
    1.0413200167796666            1       1       4       4
  -0.67702416191801978E-001       2       1       4       4
   0.35557168680142970E-001       1       2       4       4
   0.62211251909909371            2       2       4       4
   0.61121693812724498            3       3       4       4
   0.69503801623820571            4       4       4       4
   0.61121693812724476            5       5       4       4
   0.41914044295187622E-001       5       4       5       4
   0.41914044295187622E-001       4       5       5       4
   0.26080497722864499E-001       5       1       1       5
   0.23295262752473091E-001       5       2       1       5
   0.83432588430308215E-002       1       5       1       5
   0.21778007239222418E-001       2       5       1       5
   0.44774242603124584E-001       5       1       2       5
   0.14878423779534386            5       2       2       5
   0.21778007239222418E-001       1       5       2       5
   0.15703292130502619            2       5       2       5
   0.41914044295187629E-001       5       3       3       5
   0.41914044295187629E-001       3       5       3       5
   0.41914044295187622E-001       5       4       4       5
   0.41914044295187629E-001       4       5       4       5
    1.0413200167796668            1       1       5       5
  -0.67702416191801965E-001       2       1       5       5
   0.35557168680142928E-001       1       2       5       5
   0.62211251909909382            2       2       5       5
   0.61121693812724498            3       3       5       5
   0.61121693812724476            4       4       5       5
   0.69503801623820571            5       5       5       5
   -31.919962959408817            1       1       0       0
   0.62901133642328189            1       2       0       0
   0.62901133642328189            2       1       0       0
   -6.9898519406208859            2       2       0       0
   -6.4686338456767469            3       3       0       0
   -6.4686338456767469            4       4       0       0
   -6.4686338456767469            5       5       0       0
    0.0000000000000000            0       0       0       0
