&FCI
 NORB=5,
 NELEC=8,
 MS2=2,
 ISYM=1,
 ORBSYM=1,1,1,1,1,
 ST=1,
 III=1,
 OCC=5,
 CLOSED=3,
 /
    4.7045311005239645            1       1       1       1
  -0.68968834623161435            2       1       1       1
  -0.26854976481687037            1       2       1       1
    1.0520270846320192            2       2       1       1
    1.0411934035500916            3       3       1       1
    1.0411934035500916            4       4       1       1
    1.0411934035500916            5       5       1       1
  -0.68968834623161435            1       1       2       1
   0.12306076674211672            2       1       2       1
   0.77759033262557259E-001       1       2       2       1
  -0.78656984714401051E-001       2       2       2       1
  -0.67332179354362323E-001       3       3       2       1
  -0.67332179354362323E-001       4       4       2       1
  -0.67332179354362337E-001       5       5       2       1
   0.43712423019336866E-001       3       1       3       1
   0.46021113982957690E-001       3       2       3       1
   0.26083816160240865E-001       1       3       3       1
   0.44527481459036407E-001       2       3       3       1
   0.43712423019336866E-001       4       1       4       1
   0.46021113982957662E-001       4       2       4       1
   0.26083816160240865E-001       1       4       4       1
   0.44527481459036379E-001       2       4       4       1
   0.43712423019336866E-001       5       1       5       1
   0.46021113982957655E-001       5       2       5       1
   0.26083816160240865E-001       1       5       5       1
   0.44527481459036372E-001       2       5       5       1
  -0.26854976481687037            1       1       1       2
   0.77759033262557259E-001       2       1       1       2
   0.32457299782997794E-001       1       2       1       2
   0.26638303605298327E-001       2       2       1       2
   0.35227995028039721E-001       3       3       1       2
   0.35227995028039708E-001       4       4       1       2
   0.35227995028039735E-001       5       5       1       2
    1.0520270846320192            1       1       2       2
  -0.78656984714401051E-001       2       1       2       2
   0.26638303605298327E-001       1       2       2       2
   0.60819903309194823            2       2       2       2
   0.62201717770446074            3       3       2       2
   0.62201717770446074            4       4       2       2
   0.62201717770446063            5       5       2       2
   0.46021113982957690E-001       3       1       3       2
   0.14054255298936408            3       2       3       2
   0.23551806266078112E-001       1       3       3       2
   0.14897083181996745            2       3       3       2
   0.46021113982957662E-001       4       1       4       2
   0.14054255298936405            4       2       4       2
   0.23551806266078109E-001       1       4       4       2
   0.14897083181996748            2       4       4       2
   0.46021113982957655E-001       5       1       5       2
   0.14054255298936402            5       2       5       2
   0.23551806266078112E-001       1       5       5       2
   0.14897083181996745            2       5       5       2
   0.26083816160240865E-001       3       1       1       3
   0.23551806266078112E-001       3       2       1       3
   0.84552093011448677E-002       1       3       1       3
   0.22058173742156826E-001       2       3       1       3
   0.44527481459036407E-001       3       1       2       3
   0.14897083181996745            3       2       2       3
   0.22058173742156826E-001       1       3       2       3
   0.15739911065057086            2       3       2       3
    1.0411934035500916            1       1       3       3
  -0.67332179354362323E-001       2       1       3       3
   0.35227995028039721E-001       1       2       3       3
   0.62201717770446074            2       2       3       3
   0.69507386738634280            3       3       3       3
   0.61106760046617659            4       4       3       3
   0.61106760046617659            5       5       3       3
   0.42006605503757045E-001       4       3       4       3
   0.42006605503757052E-001       3       4       4       3
   0.42006605503757052E-001       5       3       5       3
   0.42006605503757052E-001       3       5       5       3
   0.26083816160240865E-001       4       1       1       4
   0.23551806266078109E-001       4       2       1       4
   0.84552093011448642E-002       1       4       1       4
   0.22058173742156816E-001       2       4       1       4
   0.44527481459036379E-001       4       1       2       4
   0.14897083181996748            4       2       2       4
   0.22058173742156816E-001       1       4       2       4
   0.15739911065057088            2       4       2       4
   0.42006605503757052E-001       4       3       3       4
   0.42006605503757052E-001       3       4       3       4
    1.0411934035500916            1       1       4       4
  -0.67332179354362323E-001       2       1       4       4
   0.35227995028039708E-001       1       2       4       4
   0.62201717770446074            2       2       4       4
   0.61106760046617659            3       3       4       4
   0.69507386738634269            4       4       4       4
   0.61106760046617647            5       5       4       4
   0.42006605503757045E-001       5       4       5       4
   0.42006605503757045E-001       4       5       5       4
   0.26083816160240865E-001       5       1       1       5
   0.23551806266078112E-001       5       2       1       5
   0.84552093011448642E-002       1       5       1       5
   0.22058173742156822E-001       2       5       1       5
   0.44527481459036372E-001       5       1       2       5
   0.14897083181996745            5       2       2       5
   0.22058173742156822E-001       1       5       2       5
   0.15739911065057091            2       5       2       5
   0.42006605503757052E-001       5       3       3       5
   0.42006605503757052E-001       3       5       3       5
   0.42006605503757045E-001       5       4       4       5
   0.42006605503757045E-001       4       5       4       5
    1.0411934035500916            1       1       5       5
  -0.67332179354362337E-001       2       1       5       5
   0.35227995028039735E-001       1       2       5       5
   0.62201717770446063            2       2       5       5
   0.61106760046617659            3       3       5       5
   0.61106760046617647            4       4       5       5
   0.69507386738634258            5       5       5       5
   -31.919962959408817            1       1       0       0
   0.62901133642328189            1       2       0       0
   0.62901133642328189            2       1       0       0
   -6.9898519406208859            2       2       0       0
   -6.4686338456767469            3       3       0       0
   -6.4686338456767469            4       4       0       0
   -6.4686338456767469            5       5       0       0
    0.0000000000000000            0       0       0       0
