&FCI
 NORB=5,
 NELEC=8,
 MS2=2,
 ISYM=1,
 ORBSYM=1,1,1,1,1,
 ST=1,
 III=1,
 OCC=5,
 CLOSED=3,
 /
    4.7054191141749415            1       1       1       1
  -0.68743406121982065            2       1       1       1
  -0.27095245141573521            1       2       1       1
    1.0530230228041249            2       2       1       1
    1.0421480258426405            3       3       1       1
    1.0421480258426405            4       4       1       1
    1.0421480258426405            5       5       1       1
  -0.68743406121982065            1       1       2       1
   0.12238823099471638            2       1       2       1
   0.77764310009802037E-001       1       2       2       1
  -0.79178940286368335E-001       2       2       2       1
  -0.67847453744569200E-001       3       3       2       1
  -0.67847453744569075E-001       4       4       2       1
  -0.67847453744569047E-001       5       5       2       1
   0.43925761061281196E-001       3       1       3       1
   0.47174823456197737E-001       3       2       3       1
   0.26086410680269935E-001       1       3       3       1
   0.45588159589111950E-001       2       3       3       1
   0.43925761061281196E-001       4       1       4       1
   0.47174823456197772E-001       4       2       4       1
   0.26086410680269935E-001       1       4       4       1
   0.45588159589111985E-001       2       4       4       1
   0.43925761061281210E-001       5       1       5       1
   0.47174823456197765E-001       5       2       5       1
   0.26086410680269935E-001       1       5       5       1
   0.45588159589111985E-001       2       5       5       1
  -0.27095245141573521            1       1       1       2
   0.77764310009802037E-001       2       1       1       2
   0.33140389024887695E-001       1       2       1       2
   0.27101388452021591E-001       2       2       1       2
   0.35684123653517127E-001       3       3       1       2
   0.35684123653517155E-001       4       4       1       2
   0.35684123653517127E-001       5       5       1       2
    1.0530230228041249            1       1       2       2
  -0.79178940286368335E-001       2       1       2       2
   0.27101388452021591E-001       1       2       2       2
   0.60869922129186649            2       2       2       2
   0.62253262758985894            3       3       2       2
   0.62253262758985906            4       4       2       2
   0.62253262758985894            5       5       2       2
   0.47174823456197737E-001       3       1       3       2
   0.14198878480130855            3       2       3       2
   0.22538195006294205E-001       1       3       3       2
   0.14924219655397530            2       3       3       2
   0.47174823456197772E-001       4       1       4       2
   0.14198878480130855            4       2       4       2
   0.22538195006294198E-001       1       4       4       2
   0.14924219655397530            2       4       4       2
   0.47174823456197765E-001       5       1       5       2
   0.14198878480130858            5       2       5       2
   0.22538195006294191E-001       1       5       5       2
   0.14924219655397533            2       5       5       2
   0.26086410680269935E-001       3       1       1       3
   0.22538195006294205E-001       3       2       1       3
   0.82470602992586739E-002       1       3       1       3
   0.20951531139208411E-001       2       3       1       3
   0.45588159589111950E-001       3       1       2       3
   0.14924219655397530            3       2       2       3
   0.20951531139208411E-001       1       3       2       3
   0.15649560830664203            2       3       2       3
    1.0421480258426405            1       1       3       3
  -0.67847453744569200E-001       2       1       3       3
   0.35684123653517127E-001       1       2       3       3
   0.62253262758985894            2       2       3       3
   0.69557073738989272            3       3       3       3
   0.61161015202468150            4       4       3       3
   0.61161015202468150            5       5       3       3
   0.41983787625180777E-001       4       3       4       3
   0.41983787625180777E-001       3       4       4       3
   0.41983787625180777E-001       5       3       5       3
   0.41983787625180777E-001       3       5       5       3
   0.26086410680269935E-001       4       1       1       4
   0.22538195006294198E-001       4       2       1       4
   0.82470602992586739E-002       1       4       1       4
   0.20951531139208404E-001       2       4       1       4
   0.45588159589111985E-001       4       1       2       4
   0.14924219655397530            4       2       2       4
   0.20951531139208404E-001       1       4       2       4
   0.15649560830664205            2       4       2       4
   0.41983787625180777E-001       4       3       3       4
   0.41983787625180777E-001       3       4       3       4
    1.0421480258426405            1       1       4       4
  -0.67847453744569075E-001       2       1       4       4
   0.35684123653517155E-001       1       2       4       4
   0.62253262758985906            2       2       4       4
   0.61161015202468150            3       3       4       4
   0.69557073738989272            4       4       4       4
   0.61161015202468161            5       5       4       4
   0.41983787625180784E-001       5       4       5       4
   0.41983787625180784E-001       4       5       5       4
   0.26086410680269935E-001       5       1       1       5
   0.22538195006294191E-001       5       2       1       5
   0.82470602992586566E-002       1       5       1       5
   0.20951531139208397E-001       2       5       1       5
   0.45588159589111985E-001       5       1       2       5
   0.14924219655397533            5       2       2       5
   0.20951531139208397E-001       1       5       2       5
   0.15649560830664208            2       5       2       5
   0.41983787625180777E-001       5       3       3       5
   0.41983787625180784E-001       3       5       3       5
   0.41983787625180784E-001       5       4       4       5
   0.41983787625180784E-001       4       5       4       5
    1.0421480258426405            1       1       5       5
  -0.67847453744569047E-001       2       1       5       5
   0.35684123653517127E-001       1       2       5       5
   0.62253262758985894            2       2       5       5
   0.61161015202468150            3       3       5       5
   0.61161015202468161            4       4       5       5
   0.69557073738989272            5       5       5       5
   -31.919962959408817            1       1       0       0
   0.62901133642328189            1       2       0       0
   0.62901133642328189            2       1       0       0
   -6.9898519406208859            2       2       0       0
   -6.4686338456767469            3       3       0       0
   -6.4686338456767469            4       4       0       0
   -6.4686338456767469            5       5       0       0
    0.0000000000000000            0       0       0       0
