&FCI
 NORB=5,
 NELEC=8,
 MS2=2,
 ISYM=1,
 ORBSYM=1,1,1,1,1,
 ST=1,
 III=1,
 OCC=5,
 CLOSED=3,
 /
    4.7048698181210309            1       1       1       1
  -0.68974856521860550            2       1       1       1
  -0.26866308895759972            1       2       1       1
    1.0512942204056104            2       2       1       1
    1.0404822099646376            3       3       1       1
    1.0404822099646376            4       4       1       1
    1.0404822099646378            5       5       1       1
  -0.68974856521860550            1       1       2       1
   0.12293481872870185            2       1       2       1
   0.77766926357356880E-001       1       2       2       1
  -0.78551879210147377E-001       2       2       2       1
  -0.67264602148475683E-001       3       3       2       1
  -0.67264602148475697E-001       4       4       2       1
  -0.67264602148475711E-001       5       5       2       1
   0.43714875624159065E-001       3       1       3       1
   0.45965471856000056E-001       3       2       3       1
   0.26083200044781676E-001       1       3       3       1
   0.44473923264397627E-001       2       3       3       1
   0.43714875624159058E-001       4       1       4       1
   0.45965471856000042E-001       4       2       4       1
   0.26083200044781672E-001       1       4       4       1
   0.44473923264397607E-001       2       4       4       1
   0.43714875624159058E-001       5       1       5       1
   0.45965471856000049E-001       5       2       5       1
   0.26083200044781658E-001       1       5       5       1
   0.44473923264397620E-001       2       5       5       1
  -0.26866308895759972            1       1       1       2
   0.77766926357356880E-001       2       1       1       2
   0.32599033986011917E-001       1       2       1       2
   0.26558746655137626E-001       2       2       1       2
   0.35181810913281639E-001       3       3       1       2
   0.35181810913281639E-001       4       4       1       2
   0.35181810913281694E-001       5       5       1       2
    1.0512942204056104            1       1       2       2
  -0.78551879210147377E-001       2       1       2       2
   0.26558746655137626E-001       1       2       2       2
   0.60770211125342732            2       2       2       2
   0.62151261201441299            3       3       2       2
   0.62151261201441288            4       4       2       2
   0.62151261201441277            5       5       2       2
   0.45965471856000056E-001       3       1       3       2
   0.14045824051999406            3       2       3       2
   0.23588102778118715E-001       1       3       3       2
   0.14888393988435455            2       3       3       2
   0.45965471856000042E-001       4       1       4       2
   0.14045824051999412            4       2       4       2
   0.23588102778118725E-001       1       4       4       2
   0.14888393988435458            2       4       4       2
   0.45965471856000049E-001       5       1       5       2
   0.14045824051999412            5       2       5       2
   0.23588102778118725E-001       1       5       5       2
   0.14888393988435458            2       5       5       2
   0.26083200044781676E-001       3       1       1       3
   0.23588102778118715E-001       3       2       1       3
   0.84515244654042865E-002       1       3       1       3
   0.22096554186516279E-001       2       3       1       3
   0.44473923264397627E-001       3       1       2       3
   0.14888393988435455            3       2       2       3
   0.22096554186516279E-001       1       3       2       3
   0.15730963924871505            2       3       2       3
    1.0404822099646376            1       1       3       3
  -0.67264602148475683E-001       2       1       3       3
   0.35181810913281639E-001       1       2       3       3
   0.62151261201441299            2       2       3       3
   0.69448325325587412            3       3       3       3
   0.61059569228575095            4       4       3       3
   0.61059569228575095            5       5       3       3
   0.41947291604202311E-001       4       3       4       3
   0.41947291604202318E-001       3       4       4       3
   0.41947291604202311E-001       5       3       5       3
   0.41947291604202318E-001       3       5       5       3
   0.26083200044781672E-001       4       1       1       4
   0.23588102778118725E-001       4       2       1       4
   0.84515244654042830E-002       1       4       1       4
   0.22096554186516282E-001       2       4       1       4
   0.44473923264397607E-001       4       1       2       4
   0.14888393988435458            4       2       2       4
   0.22096554186516282E-001       1       4       2       4
   0.15730963924871508            2       4       2       4
   0.41947291604202318E-001       4       3       3       4
   0.41947291604202325E-001       3       4       3       4
    1.0404822099646376            1       1       4       4
  -0.67264602148475697E-001       2       1       4       4
   0.35181810913281639E-001       1       2       4       4
   0.62151261201441288            2       2       4       4
   0.61059569228575095            3       3       4       4
   0.69448325325587390            4       4       4       4
   0.61059569228575106            5       5       4       4
   0.41947291604202325E-001       5       4       5       4
   0.41947291604202325E-001       4       5       5       4
   0.26083200044781658E-001       5       1       1       5
   0.23588102778118725E-001       5       2       1       5
   0.84515244654042587E-002       1       5       1       5
   0.22096554186516289E-001       2       5       1       5
   0.44473923264397620E-001       5       1       2       5
   0.14888393988435458            5       2       2       5
   0.22096554186516289E-001       1       5       2       5
   0.15730963924871508            2       5       2       5
   0.41947291604202318E-001       5       3       3       5
   0.41947291604202325E-001       3       5       3       5
   0.41947291604202325E-001       5       4       4       5
   0.41947291604202325E-001       4       5       4       5
    1.0404822099646378            1       1       5       5
  -0.67264602148475711E-001       2       1       5       5
   0.35181810913281694E-001       1       2       5       5
   0.62151261201441277            2       2       5       5
   0.61059569228575095            3       3       5       5
   0.61059569228575106            4       4       5       5
   0.69448325325587401            5       5       5       5
   -31.919962959408817            1       1       0       0
   0.62901133642328189            1       2       0       0
   0.62901133642328189            2       1       0       0
   -6.9898519406208859            2       2       0       0
   -6.4686338456767469            3       3       0       0
   -6.4686338456767469            4       4       0       0
   -6.4686338456767469            5       5       0       0
    0.0000000000000000            0       0       0       0
