&FCI
 NORB=5,
 NELEC=8,
 MS2=2,
 ISYM=1,
 ORBSYM=1,1,1,1,1,
 ST=1,
 III=1,
 OCC=5,
 CLOSED=3,
 /
    4.7049286291942582            1       1       1       1
  -0.68949208891065772            2       1       1       1
  -0.26892288462575520            1       2       1       1
    1.0513026723309957            2       2       1       1
    1.0404928948027101            3       3       1       1
    1.0404928948027101            4       4       1       1
    1.0404928948027101            5       5       1       1
  -0.68949208891065772            1       1       2       1
   0.12279464077257950            2       1       2       1
   0.77764938711544621E-001       1       2       2       1
  -0.79178592870464026E-001       2       2       2       1
  -0.67872778727871869E-001       3       3       2       1
  -0.67872778727871785E-001       4       4       2       1
  -0.67872778727871744E-001       5       5       2       1
   0.43646101718334454E-001       3       1       3       1
   0.46161750564021928E-001       3       2       3       1
   0.26081827837821588E-001       1       3       3       1
   0.44663975869339387E-001       2       3       3       1
   0.43646101718334454E-001       4       1       4       1
   0.46161750564021928E-001       4       2       4       1
   0.26081827837821595E-001       1       4       4       1
   0.44663975869339401E-001       2       4       4       1
   0.43646101718334482E-001       5       1       5       1
   0.46161750564021921E-001       5       2       5       1
   0.26081827837821616E-001       1       5       5       1
   0.44663975869339387E-001       2       5       5       1
  -0.26892288462575520            1       1       1       2
   0.77764938711544621E-001       2       1       1       2
   0.32735236650509751E-001       1       2       1       2
   0.27114754576472021E-001       2       2       1       2
   0.35721303731923101E-001       3       3       1       2
   0.35721303731923101E-001       4       4       1       2
   0.35721303731923115E-001       5       5       1       2
    1.0513026723309957            1       1       2       2
  -0.79178592870464026E-001       2       1       2       2
   0.27114754576472021E-001       1       2       2       2
   0.60691535125607687            2       2       2       2
   0.62075570284581938            3       3       2       2
   0.62075570284581927            4       4       2       2
   0.62075570284581938            5       5       2       2
   0.46161750564021928E-001       3       1       3       2
   0.14070778407809789            3       2       3       2
   0.23425469167479781E-001       1       3       3       2
   0.14898108832108861            2       3       3       2
   0.46161750564021928E-001       4       1       4       2
   0.14070778407809792            4       2       4       2
   0.23425469167479764E-001       1       4       4       2
   0.14898108832108864            2       4       4       2
   0.46161750564021921E-001       5       1       5       2
   0.14070778407809797            5       2       5       2
   0.23425469167479757E-001       1       5       5       2
   0.14898108832108864            2       5       5       2
   0.26081827837821588E-001       3       1       1       3
   0.23425469167479781E-001       3       2       1       3
   0.85175539573087190E-002       1       3       1       3
   0.21927694472797236E-001       2       3       1       3
   0.44663975869339387E-001       3       1       2       3
   0.14898108832108861            3       2       2       3
   0.21927694472797236E-001       1       3       2       3
   0.15725439256407933            2       3       2       3
    1.0404928948027101            1       1       3       3
  -0.67872778727871869E-001       2       1       3       3
   0.35721303731923101E-001       1       2       3       3
   0.62075570284581938            2       2       3       3
   0.69388921684860960            3       3       3       3
   0.60980040404297253            4       4       3       3
   0.60980040404297264            5       5       3       3
   0.42047917068370827E-001       4       3       4       3
   0.42047917068370827E-001       3       4       4       3
   0.42047917068370827E-001       5       3       5       3
   0.42047917068370827E-001       3       5       5       3
   0.26081827837821595E-001       4       1       1       4
   0.23425469167479764E-001       4       2       1       4
   0.85175539573087329E-002       1       4       1       4
   0.21927694472797226E-001       2       4       1       4
   0.44663975869339401E-001       4       1       2       4
   0.14898108832108864            4       2       2       4
   0.21927694472797226E-001       1       4       2       4
   0.15725439256407936            2       4       2       4
   0.42047917068370827E-001       4       3       3       4
   0.42047917068370820E-001       3       4       3       4
    1.0404928948027101            1       1       4       4
  -0.67872778727871785E-001       2       1       4       4
   0.35721303731923101E-001       1       2       4       4
   0.62075570284581927            2       2       4       4
   0.60980040404297253            3       3       4       4
   0.69388921684860971            4       4       4       4
   0.60980040404297275            5       5       4       4
   0.42047917068370820E-001       5       4       5       4
   0.42047917068370820E-001       4       5       5       4
   0.26081827837821616E-001       5       1       1       5
   0.23425469167479757E-001       5       2       1       5
   0.85175539573087468E-002       1       5       1       5
   0.21927694472797219E-001       2       5       1       5
   0.44663975869339387E-001       5       1       2       5
   0.14898108832108864            5       2       2       5
   0.21927694472797219E-001       1       5       2       5
   0.15725439256407930            2       5       2       5
   0.42047917068370827E-001       5       3       3       5
   0.42047917068370827E-001       3       5       3       5
   0.42047917068370820E-001       5       4       4       5
   0.42047917068370820E-001       4       5       4       5
    1.0404928948027101            1       1       5       5
  -0.67872778727871744E-001       2       1       5       5
   0.35721303731923115E-001       1       2       5       5
   0.62075570284581938            2       2       5       5
   0.60980040404297264            3       3       5       5
   0.60980040404297275            4       4       5       5
   0.69388921684860982            5       5       5       5
   -31.919962959408817            1       1       0       0
   0.62901133642328189            1       2       0       0
   0.62901133642328189            2       1       0       0
   -6.9898519406208859            2       2       0       0
   -6.4686338456767469            3       3       0       0
   -6.4686338456767469            4       4       0       0
   -6.4686338456767469            5       5       0       0
    0.0000000000000000            0       0       0       0
