&FCI
 NORB=5,
 NELEC=8,
 MS2=2,
 ISYM=1,
 ORBSYM=1,1,1,1,1,
 ST=1,
 III=1,
 OCC=5,
 CLOSED=3,
 /
    4.7045416741545756            1       1       1       1
  -0.69076139503652922            2       1       1       1
  -0.26768154558870971            1       2       1       1
    1.0497087529288300            2       2       1       1
    1.0389632815394259            3       3       1       1
    1.0389632815394261            4       4       1       1
    1.0389632815394259            5       5       1       1
  -0.69076139503652922            1       1       2       1
   0.12300341109016888            2       1       2       1
   0.77767301427052488E-001       1       2       2       1
  -0.78684151313687140E-001       2       2       2       1
  -0.67432425872735943E-001       3       3       2       1
  -0.67432425872735902E-001       4       4       2       1
  -0.67432425872735915E-001       5       5       2       1
   0.43594239139084251E-001       3       1       3       1
   0.45278827274171471E-001       3       2       3       1
   0.26079810008079130E-001       1       3       3       1
   0.43844356043235611E-001       2       3       3       1
   0.43594239139084244E-001       4       1       4       1
   0.45278827274171457E-001       4       2       4       1
   0.26079810008079123E-001       1       4       4       1
   0.43844356043235604E-001       2       4       4       1
   0.43594239139084244E-001       5       1       5       1
   0.45278827274171457E-001       5       2       5       1
   0.26079810008079119E-001       1       5       5       1
   0.43844356043235597E-001       2       5       5       1
  -0.26768154558870971            1       1       1       2
   0.77767301427052488E-001       2       1       1       2
   0.32531191763936103E-001       1       2       1       2
   0.26749567282210215E-001       2       2       1       2
   0.35403223259572097E-001       3       3       1       2
   0.35403223259572097E-001       4       4       1       2
   0.35403223259572111E-001       5       5       1       2
    1.0497087529288300            1       1       2       2
  -0.78684151313687140E-001       2       1       2       2
   0.26749567282210215E-001       1       2       2       2
   0.60661559433377232            2       2       2       2
   0.62041032650595174            3       3       2       2
   0.62041032650595174            4       4       2       2
   0.62041032650595185            5       5       2       2
   0.45278827274171471E-001       3       1       3       2
   0.13958564429583642            3       2       3       2
   0.24186639749871099E-001       1       3       3       2
   0.14869990921280116            2       3       3       2
   0.45278827274171457E-001       4       1       4       2
   0.13958564429583648            4       2       4       2
   0.24186639749871106E-001       1       4       4       2
   0.14869990921280116            2       4       4       2
   0.45278827274171457E-001       5       1       5       2
   0.13958564429583650            5       2       5       2
   0.24186639749871112E-001       1       5       5       2
   0.14869990921280118            2       5       5       2
   0.26079810008079130E-001       3       1       1       3
   0.24186639749871099E-001       3       2       1       3
   0.85653808770740081E-002       1       3       1       3
   0.22752168518935235E-001       2       3       1       3
   0.43844356043235611E-001       3       1       2       3
   0.14869990921280116            3       2       2       3
   0.22752168518935235E-001       1       3       2       3
   0.15781417412976587            2       3       2       3
    1.0389632815394259            1       1       3       3
  -0.67432425872735943E-001       2       1       3       3
   0.35403223259572097E-001       1       2       3       3
   0.62041032650595174            2       2       3       3
   0.69346946956125777            3       3       3       3
   0.60943101700954205            4       4       3       3
   0.60943101700954216            5       5       3       3
   0.42022709567947091E-001       4       3       4       3
   0.42022709567947091E-001       3       4       4       3
   0.42022709567947084E-001       5       3       5       3
   0.42022709567947091E-001       3       5       5       3
   0.26079810008079123E-001       4       1       1       4
   0.24186639749871106E-001       4       2       1       4
   0.85653808770740011E-002       1       4       1       4
   0.22752168518935242E-001       2       4       1       4
   0.43844356043235604E-001       4       1       2       4
   0.14869990921280116            4       2       2       4
   0.22752168518935242E-001       1       4       2       4
   0.15781417412976587            2       4       2       4
   0.42022709567947091E-001       4       3       3       4
   0.42022709567947097E-001       3       4       3       4
    1.0389632815394261            1       1       4       4
  -0.67432425872735902E-001       2       1       4       4
   0.35403223259572097E-001       1       2       4       4
   0.62041032650595174            2       2       4       4
   0.60943101700954205            3       3       4       4
   0.69346946956125755            4       4       4       4
   0.60943101700954216            5       5       4       4
   0.42022709567947091E-001       5       4       5       4
   0.42022709567947097E-001       4       5       5       4
   0.26079810008079119E-001       5       1       1       5
   0.24186639749871112E-001       5       2       1       5
   0.85653808770739942E-002       1       5       1       5
   0.22752168518935245E-001       2       5       1       5
   0.43844356043235597E-001       5       1       2       5
   0.14869990921280118            5       2       2       5
   0.22752168518935245E-001       1       5       2       5
   0.15781417412976584            2       5       2       5
   0.42022709567947091E-001       5       3       3       5
   0.42022709567947097E-001       3       5       3       5
   0.42022709567947097E-001       5       4       4       5
   0.42022709567947097E-001       4       5       4       5
    1.0389632815394259            1       1       5       5
  -0.67432425872735915E-001       2       1       5       5
   0.35403223259572111E-001       1       2       5       5
   0.62041032650595185            2       2       5       5
   0.60943101700954216            3       3       5       5
   0.60943101700954216            4       4       5       5
   0.69346946956125755            5       5       5       5
   -31.919962959408817            1       1       0       0
   0.62901133642328189            1       2       0       0
   0.62901133642328189            2       1       0       0
   -6.9898519406208859            2       2       0       0
   -6.4686338456767469            3       3       0       0
   -6.4686338456767469            4       4       0       0
   -6.4686338456767469            5       5       0       0
    0.0000000000000000            0       0       0       0
