&FCI
 NORB=5,
 NELEC=8,
 MS2=2,
 ISYM=1,
 ORBSYM=1,1,1,1,1,
 ST=1,
 III=1,
 OCC=5,
 CLOSED=3,
 /
    4.7043921809544829            1       1       1       1
  -0.68986118844546773            2       1       1       1
  -0.26833908542604740            1       2       1       1
    1.0527647418557184            2       2       1       1
    1.0418883505878884            3       3       1       1
    1.0418883505878886            4       4       1       1
    1.0418883505878886            5       5       1       1
  -0.68986118844546773            1       1       2       1
   0.12310774446077118            2       1       2       1
   0.77755722275059225E-001       1       2       2       1
  -0.78749928488499987E-001       2       2       2       1
  -0.67419728015296276E-001       3       3       2       1
  -0.67419728015296318E-001       4       4       2       1
  -0.67419728015296360E-001       5       5       2       1
   0.43841487824971062E-001       3       1       3       1
   0.46235991891223474E-001       3       2       3       1
   0.26080975413671034E-001       1       3       3       1
   0.44717713621452965E-001       2       3       3       1
   0.43841487824971055E-001       4       1       4       1
   0.46235991891223481E-001       4       2       4       1
   0.26080975413671027E-001       1       4       4       1
   0.44717713621452965E-001       2       4       4       1
   0.43841487824971048E-001       5       1       5       1
   0.46235991891223488E-001       5       2       5       1
   0.26080975413671034E-001       1       5       5       1
   0.44717713621452965E-001       2       5       5       1
  -0.26833908542604740            1       1       1       2
   0.77755722275059225E-001       2       1       1       2
   0.32403700089347280E-001       1       2       1       2
   0.26717699955682433E-001       2       2       1       2
   0.35301940358636028E-001       3       3       1       2
   0.35301940358636000E-001       4       4       1       2
   0.35301940358635986E-001       5       5       1       2
    1.0527647418557184            1       1       2       2
  -0.78749928488499987E-001       2       1       2       2
   0.26717699955682433E-001       1       2       2       2
   0.60871171421123749            2       2       2       2
   0.62254000631972073            3       3       2       2
   0.62254000631972062            4       4       2       2
   0.62254000631972062            5       5       2       2
   0.46235991891223474E-001       3       1       3       2
   0.14112095570952907            3       2       3       2
   0.23356908553845084E-001       1       3       3       2
   0.14910141568527388            2       3       3       2
   0.46235991891223481E-001       4       1       4       2
   0.14112095570952901            4       2       4       2
   0.23356908553845077E-001       1       4       4       2
   0.14910141568527382            2       4       4       2
   0.46235991891223488E-001       5       1       5       2
   0.14112095570952898            5       2       5       2
   0.23356908553845077E-001       1       5       5       2
   0.14910141568527382            2       5       5       2
   0.26080975413671034E-001       3       1       1       3
   0.23356908553845084E-001       3       2       1       3
   0.83204630023709994E-002       1       3       1       3
   0.21838630284074560E-001       2       3       1       3
   0.44717713621452965E-001       3       1       2       3
   0.14910141568527388            3       2       2       3
   0.21838630284074560E-001       1       3       2       3
   0.15708187566101867            2       3       2       3
    1.0418883505878884            1       1       3       3
  -0.67419728015296276E-001       2       1       3       3
   0.35301940358636028E-001       1       2       3       3
   0.62254000631972073            2       2       3       3
   0.69561504178425171            3       3       3       3
   0.61159179370429495            4       4       3       3
   0.61159179370429495            5       5       3       3
   0.42015155209448235E-001       4       3       4       3
   0.42015155209448235E-001       3       4       4       3
   0.42015155209448235E-001       5       3       5       3
   0.42015155209448235E-001       3       5       5       3
   0.26080975413671027E-001       4       1       1       4
   0.23356908553845077E-001       4       2       1       4
   0.83204630023710029E-002       1       4       1       4
   0.21838630284074553E-001       2       4       1       4
   0.44717713621452965E-001       4       1       2       4
   0.14910141568527382            4       2       2       4
   0.21838630284074553E-001       1       4       2       4
   0.15708187566101864            2       4       2       4
   0.42015155209448235E-001       4       3       3       4
   0.42015155209448235E-001       3       4       3       4
    1.0418883505878886            1       1       4       4
  -0.67419728015296318E-001       2       1       4       4
   0.35301940358636000E-001       1       2       4       4
   0.62254000631972062            2       2       4       4
   0.61159179370429495            3       3       4       4
   0.69561504178425171            4       4       4       4
   0.61159179370429495            5       5       4       4
   0.42015155209448235E-001       5       4       5       4
   0.42015155209448235E-001       4       5       5       4
   0.26080975413671034E-001       5       1       1       5
   0.23356908553845077E-001       5       2       1       5
   0.83204630023710133E-002       1       5       1       5
   0.21838630284074553E-001       2       5       1       5
   0.44717713621452965E-001       5       1       2       5
   0.14910141568527382            5       2       2       5
   0.21838630284074553E-001       1       5       2       5
   0.15708187566101864            2       5       2       5
   0.42015155209448235E-001       5       3       3       5
   0.42015155209448235E-001       3       5       3       5
   0.42015155209448235E-001       5       4       4       5
   0.42015155209448228E-001       4       5       4       5
    1.0418883505878886            1       1       5       5
  -0.67419728015296360E-001       2       1       5       5
   0.35301940358635986E-001       1       2       5       5
   0.62254000631972062            2       2       5       5
   0.61159179370429495            3       3       5       5
   0.61159179370429495            4       4       5       5
   0.69561504178425160            5       5       5       5
   -31.919962959408817            1       1       0       0
   0.62901133642328189            1       2       0       0
   0.62901133642328189            2       1       0       0
   -6.9898519406208859            2       2       0       0
   -6.4686338456767469            3       3       0       0
   -6.4686338456767469            4       4       0       0
   -6.4686338456767469            5       5       0       0
    0.0000000000000000            0       0       0       0
