&FCI
 NORB=5,
 NELEC=8,
 MS2=2,
 ISYM=1,
 ORBSYM=1,1,1,1,1,
 ST=1,
 III=1,
 OCC=5,
 CLOSED=3,
 /
    4.7051100178375318            1       1       1       1
  -0.68825944202313905            2       1       1       1
  -0.27012191847332934            1       2       1       1
    1.0517487694442009            2       2       1       1
    1.0409314765678446            3       3       1       1
    1.0409314765678443            4       4       1       1
    1.0409314765678441            5       5       1       1
  -0.68825944202313905            1       1       2       1
   0.12253917178998416            2       1       2       1
   0.77761108681087945E-001       1       2       2       1
  -0.78958503778856048E-001       2       2       2       1
  -0.67653950771073224E-001       3       3       2       1
  -0.67653950771073265E-001       4       4       2       1
  -0.67653950771073237E-001       5       5       2       1
   0.43722188124503819E-001       3       1       3       1
   0.45825610224022956E-001       3       2       3       1
   0.26080233554300343E-001       1       3       3       1
   0.44343208834943068E-001       2       3       3       1
   0.43722188124503826E-001       4       1       4       1
   0.45825610224022983E-001       4       2       4       1
   0.26080233554300350E-001       1       4       4       1
   0.44343208834943089E-001       2       4       4       1
   0.43722188124503805E-001       5       1       5       1
   0.45825610224022983E-001       5       2       5       1
   0.26080233554300336E-001       1       5       5       1
   0.44343208834943089E-001       2       5       5       1
  -0.27012191847332934            1       1       1       2
   0.77761108681087945E-001       2       1       1       2
   0.32983045572191741E-001       1       2       1       2
   0.26934156126001377E-001       2       2       1       2
   0.35538036591258024E-001       3       3       1       2
   0.35538036591257996E-001       4       4       1       2
   0.35538036591257968E-001       5       5       1       2
    1.0517487694442009            1       1       2       2
  -0.78958503778856048E-001       2       1       2       2
   0.26934156126001377E-001       1       2       2       2
   0.60780786903491124            2       2       2       2
   0.62163132964091827            3       3       2       2
   0.62163132964091827            4       4       2       2
   0.62163132964091838            5       5       2       2
   0.45825610224022956E-001       3       1       3       2
   0.14022702416370270            3       2       3       2
   0.23707685602897124E-001       1       3       3       2
   0.14880145310524784            2       3       3       2
   0.45825610224022983E-001       4       1       4       2
   0.14022702416370270            4       2       4       2
   0.23707685602897141E-001       1       4       4       2
   0.14880145310524787            2       4       4       2
   0.45825610224022983E-001       5       1       5       2
   0.14022702416370270            5       2       5       2
   0.23707685602897138E-001       1       5       5       2
   0.14880145310524787            2       5       5       2
   0.26080233554300343E-001       3       1       1       3
   0.23707685602897124E-001       3       2       1       3
   0.84382789840968635E-002       1       3       1       3
   0.22225284213817226E-001       2       3       1       3
   0.44343208834943068E-001       3       1       2       3
   0.14880145310524784            3       2       2       3
   0.22225284213817226E-001       1       3       2       3
   0.15737588204679298            2       3       2       3
    1.0409314765678446            1       1       3       3
  -0.67653950771073224E-001       2       1       3       3
   0.35538036591258024E-001       1       2       3       3
   0.62163132964091827            2       2       3       3
   0.69453181588115787            3       3       3       3
   0.61076666187940076            4       4       3       3
   0.61076666187940065            5       5       3       3
   0.41886092465892942E-001       4       3       4       3
   0.41886092465892942E-001       3       4       4       3
   0.41886092465892942E-001       5       3       5       3
   0.41886092465892942E-001       3       5       5       3
   0.26080233554300350E-001       4       1       1       4
   0.23707685602897141E-001       4       2       1       4
   0.84382789840968704E-002       1       4       1       4
   0.22225284213817240E-001       2       4       1       4
   0.44343208834943089E-001       4       1       2       4
   0.14880145310524787            4       2       2       4
   0.22225284213817240E-001       1       4       2       4
   0.15737588204679304            2       4       2       4
   0.41886092465892942E-001       4       3       3       4
   0.41886092465892942E-001       3       4       3       4
    1.0409314765678443            1       1       4       4
  -0.67653950771073265E-001       2       1       4       4
   0.35538036591257996E-001       1       2       4       4
   0.62163132964091827            2       2       4       4
   0.61076666187940076            3       3       4       4
   0.69453181588115775            4       4       4       4
   0.61076666187940054            5       5       4       4
   0.41886092465892935E-001       5       4       5       4
   0.41886092465892942E-001       4       5       5       4
   0.26080233554300336E-001       5       1       1       5
   0.23707685602897138E-001       5       2       1       5
   0.84382789840968635E-002       1       5       1       5
   0.22225284213817233E-001       2       5       1       5
   0.44343208834943089E-001       5       1       2       5
   0.14880145310524787            5       2       2       5
   0.22225284213817233E-001       1       5       2       5
   0.15737588204679301            2       5       2       5
   0.41886092465892942E-001       5       3       3       5
   0.41886092465892942E-001       3       5       3       5
   0.41886092465892942E-001       5       4       4       5
   0.41886092465892942E-001       4       5       4       5
    1.0409314765678441            1       1       5       5
  -0.67653950771073237E-001       2       1       5       5
   0.35538036591257968E-001       1       2       5       5
   0.62163132964091838            2       2       5       5
   0.61076666187940065            3       3       5       5
   0.61076666187940054            4       4       5       5
   0.69453181588115764            5       5       5       5
   -31.919962959408817            1       1       0       0
   0.62901133642328189            1       2       0       0
   0.62901133642328189            2       1       0       0
   -6.9898519406208859            2       2       0       0
   -6.4686338456767469            3       3       0       0
   -6.4686338456767469            4       4       0       0
   -6.4686338456767469            5       5       0       0
    0.0000000000000000            0       0       0       0
