           5
  -0.26948458379774221E-001       1       1       1       1       1       1
   0.78182119814281372E-003       1       1       1       1       1       2
  -0.35209918022627502E-003       1       1       1       1       2       2
  -0.40617601143100102E-004       1       1       1       1       3       3
  -0.40617601143100042E-004       1       1       1       1       4       4
  -0.40617601143100082E-004       1       1       1       1       5       5
   0.68502699841513709E-004       1       1       1       2       2       2
  -0.36370750084697364E-005       1       1       1       2       3       3
  -0.36370750084697431E-005       1       1       1       2       4       4
  -0.36370750084697431E-005       1       1       1       2       5       5
  -0.49631829068355934E-001       1       1       2       1       1       2
  -0.22570336754046960E-002       1       1       2       1       2       2
  -0.40248999967283856E-003       1       1       2       1       3       3
  -0.40248999967283877E-003       1       1       2       1       4       4
  -0.40248999967283872E-003       1       1       2       1       5       5
   0.10202069676365226E-003       1       1       2       2       2       2
  -0.82220657438712712E-005       1       1       2       2       3       3
  -0.82220657438712695E-005       1       1       2       2       4       4
  -0.82220657438712390E-005       1       1       2       2       5       5
  -0.48828736228031699E-004       1       1       2       3       3       2
  -0.48828736228031699E-004       1       1       2       4       4       2
  -0.48828736228031719E-004       1       1       2       5       5       2
  -0.47938204613729329E-001       1       1       3       1       1       3
  -0.22439989376093496E-002       1       1       3       1       2       3
   0.10754289378792713E-003       1       1       3       2       2       3
  -0.57297292263801733E-004       1       1       3       3       3       3
  -0.54318209902522180E-005       1       1       3       3       4       4
  -0.54318209902522188E-005       1       1       3       3       5       5
  -0.46431511649912186E-004       1       1       3       4       4       3
  -0.46431511649912206E-004       1       1       3       5       5       3
  -0.47938204613729309E-001       1       1       4       1       1       4
  -0.22439989376093488E-002       1       1       4       1       2       4
   0.10754289378792721E-003       1       1       4       2       2       4
  -0.46431511649912206E-004       1       1       4       3       3       4
  -0.57297292263801726E-004       1       1       4       4       4       4
  -0.54318209902522146E-005       1       1       4       4       5       5
  -0.46431511649912186E-004       1       1       4       5       5       4
  -0.47938204613729281E-001       1       1       5       1       1       5
  -0.22439989376093496E-002       1       1       5       1       2       5
   0.10754289378792726E-003       1       1       5       2       2       5
  -0.46431511649912159E-004       1       1       5       3       3       5
  -0.46431511649912179E-004       1       1       5       4       4       5
  -0.57297292263801726E-004       1       1       5       5       5       5
  -0.10763780567910106            1       2       2       1       2       2
  -0.57962116997515856E-002       1       2       2       1       3       3
  -0.57962116997515804E-002       1       2       2       1       4       4
  -0.57962116997515830E-002       1       2       2       1       5       5
  -0.20815586021808346E-002       1       2       2       2       2       2
  -0.20241848259818261E-004       1       2       2       2       3       3
  -0.20241848259818271E-004       1       2       2       2       4       4
  -0.20241848259818264E-004       1       2       2       2       5       5
  -0.45305686473601952E-003       1       2       2       3       2       3
  -0.45305686473601990E-003       1       2       2       4       2       4
  -0.45305686473601984E-003       1       2       2       5       2       5
  -0.10529870410203099            1       2       3       1       2       3
  -0.20439551541623262E-002       1       2       3       2       2       3
  -0.48309057501163166E-003       1       2       3       3       3       3
  -0.21837743139489579E-004       1       2       3       3       4       4
  -0.21837743139489576E-004       1       2       3       3       5       5
  -0.21837743139489583E-004       1       2       3       4       3       4
  -0.43939832580338467E-003       1       2       3       4       4       3
  -0.21837743139489566E-004       1       2       3       5       3       5
  -0.43939832580338430E-003       1       2       3       5       5       3
  -0.10529870410203104            1       2       4       1       2       4
  -0.20439551541623253E-002       1       2       4       2       2       4
  -0.43939832580338451E-003       1       2       4       3       3       4
  -0.48309057501163172E-003       1       2       4       4       4       4
  -0.21837743139489583E-004       1       2       4       4       5       5
  -0.21837743139489579E-004       1       2       4       5       4       5
  -0.43939832580338419E-003       1       2       4       5       5       4
  -0.10529870410203113            1       2       5       1       2       5
  -0.20439551541623249E-002       1       2       5       2       2       5
  -0.43939832580338424E-003       1       2       5       3       3       5
  -0.43939832580338446E-003       1       2       5       4       4       5
  -0.48309057501163172E-003       1       2       5       5       5       5
  -0.10420950514951832            1       3       3       1       3       3
  -0.91280412192211707E-003       1       3       3       1       4       4
  -0.91280412192211793E-003       1       3       3       1       5       5
  -0.20239452451771929E-002       1       3       3       2       3       3
  -0.14056222067279864E-004       1       3       3       2       4       4
  -0.14056222067279867E-004       1       3       3       2       5       5
  -0.10238222063529896            1       3       4       1       3       4
  -0.19958205908225555E-002       1       3       4       2       3       4
  -0.10238222063529896            1       3       5       1       3       5
  -0.19958205908225547E-002       1       3       5       2       3       5
  -0.10420950514951824            1       4       4       1       4       4
  -0.91280412192211707E-003       1       4       4       1       5       5
  -0.20239452451771911E-002       1       4       4       2       4       4
  -0.14056222067279877E-004       1       4       4       2       5       5
  -0.10238222063529896            1       4       5       1       4       5
  -0.19958205908225547E-002       1       4       5       2       4       5
  -0.10420950514951817            1       5       5       1       5       5
  -0.20239452451771920E-002       1       5       5       2       5       5
  -0.17806305974616313            2       2       2       2       2       2
  -0.64094252113415448E-002       2       2       2       2       3       3
  -0.64094252113415431E-002       2       2       2       2       4       4
  -0.64094252113415465E-002       2       2       2       2       5       5
  -0.17491405604633706            2       2       3       2       2       3
  -0.66416735862406609E-002       2       2       3       3       3       3
  -0.19376607943800465E-003       2       2       3       3       4       4
  -0.19376607943800462E-003       2       2       3       3       5       5
  -0.62538660877850582E-002       2       2       3       4       4       3
  -0.62538660877850608E-002       2       2       3       5       5       3
  -0.17491405604633697            2       2       4       2       2       4
  -0.62538660877850582E-002       2       2       4       3       3       4
  -0.66416735862406652E-002       2       2       4       4       4       4
  -0.19376607943800452E-003       2       2       4       4       5       5
  -0.62538660877850582E-002       2       2       4       5       5       4
  -0.17491405604633706            2       2       5       2       2       5
  -0.62538660877850486E-002       2       2       5       3       3       5
  -0.62538660877850512E-002       2       2       5       4       4       5
  -0.66416735862406748E-002       2       2       5       5       5       5
  -0.17330060697368516            2       3       3       2       3       3
  -0.11283417085195509E-002       2       3       3       2       4       4
  -0.11283417085195518E-002       2       3       3       2       5       5
  -0.17104196449406209            2       3       4       2       3       4
  -0.17104196449406209            2       3       5       2       3       5
  -0.17330060697368524            2       4       4       2       4       4
  -0.11283417085195511E-002       2       4       4       2       5       5
  -0.17104196449406217            2       4       5       2       4       5
  -0.17330060697368532            2       5       5       2       5       5
  -0.17323991573724484            3       3       3       3       3       3
  -0.11379398522954240E-002       3       3       3       3       4       4
  -0.11379398522954256E-002       3       3       3       3       5       5
  -0.16868407379321959            3       3       4       3       3       4
  -0.11379398522954245E-002       3       3       4       4       4       4
  -0.23506707043121620E-004       3       3       4       4       5       5
  -0.10910024202541550E-002       3       3       4       5       5       4
  -0.16868407379321954            3       3       5       3       3       5
  -0.10910024202541550E-002       3       3       5       4       4       5
  -0.11379398522954264E-002       3       3       5       5       5       5
  -0.16868407379321954            3       4       4       3       4       4
  -0.10910024202541555E-002       3       4       4       3       5       5
  -0.16650030678409003            3       4       5       3       4       5
  -0.16868407379321965            3       5       5       3       5       5
  -0.17323991573724468            4       4       4       4       4       4
  -0.11379398522954262E-002       4       4       4       4       5       5
  -0.16868407379321954            4       4       5       4       4       5
  -0.11379398522954262E-002       4       4       5       5       5       5
  -0.16868407379321959            4       5       5       4       5       5
  -0.17323991573724454            5       5       5       5       5       5
