           5
  -0.27018246993808396E-001       1       1       1       1       1       1
   0.70802600874632761E-003       1       1       1       1       1       2
  -0.34709526606149945E-003       1       1       1       1       2       2
  -0.42990244046056794E-004       1       1       1       1       3       3
  -0.42990244046056780E-004       1       1       1       1       4       4
  -0.42990244046056821E-004       1       1       1       1       5       5
   0.68172475208621555E-004       1       1       1       2       2       2
  -0.34318677466194871E-005       1       1       1       2       3       3
  -0.34318677466194884E-005       1       1       1       2       4       4
  -0.34318677466194837E-005       1       1       1       2       5       5
  -0.51460718416247775E-001       1       1       2       1       1       2
  -0.22632672401329836E-002       1       1       2       1       2       2
  -0.42449311006475946E-003       1       1       2       1       3       3
  -0.42449311006475989E-003       1       1       2       1       4       4
  -0.42449311006475957E-003       1       1       2       1       5       5
   0.10343103283645295E-003       1       1       2       2       2       2
  -0.72198396513713552E-005       1       1       2       2       3       3
  -0.72198396513713518E-005       1       1       2       2       4       4
  -0.72198396513713298E-005       1       1       2       2       5       5
  -0.49599619260449320E-004       1       1       2       3       3       2
  -0.49599619260449313E-004       1       1       2       4       4       2
  -0.49599619260449286E-004       1       1       2       5       5       2
  -0.49698760287121259E-001       1       1       3       1       1       3
  -0.22518319895358276E-002       1       1       3       1       2       3
   0.10900960342675088E-003       1       1       3       2       2       3
  -0.58478166014705528E-004       1       1       3       3       3       3
  -0.57409106432870630E-005       1       1       3       3       4       4
  -0.57409106432870689E-005       1       1       3       3       5       5
  -0.46994101846951877E-004       1       1       3       4       4       3
  -0.46994101846951850E-004       1       1       3       5       5       3
  -0.49698760287121280E-001       1       1       4       1       1       4
  -0.22518319895358267E-002       1       1       4       1       2       4
   0.10900960342675099E-003       1       1       4       2       2       4
  -0.46994101846951877E-004       1       1       4       3       3       4
  -0.58478166014705480E-004       1       1       4       4       4       4
  -0.57409106432870689E-005       1       1       4       4       5       5
  -0.46994101846951877E-004       1       1       4       5       5       4
  -0.49698760287121280E-001       1       1       5       1       1       5
  -0.22518319895358267E-002       1       1       5       1       2       5
   0.10900960342675094E-003       1       1       5       2       2       5
  -0.46994101846951897E-004       1       1       5       3       3       5
  -0.46994101846951877E-004       1       1       5       4       4       5
  -0.58478166014705501E-004       1       1       5       5       5       5
  -0.11002243471159223            1       2       2       1       2       2
  -0.60918984058130387E-002       1       2       2       1       3       3
  -0.60918984058130430E-002       1       2       2       1       4       4
  -0.60918984058130421E-002       1       2       2       1       5       5
  -0.20381927729976124E-002       1       2       2       2       2       2
  -0.17041580018199548E-004       1       2       2       2       3       3
  -0.17041580018199548E-004       1       2       2       2       4       4
  -0.17041580018199548E-004       1       2       2       2       5       5
  -0.46389961979504633E-003       1       2       2       3       2       3
  -0.46389961979504649E-003       1       2       2       4       2       4
  -0.46389961979504616E-003       1       2       2       5       2       5
  -0.10765371601709252            1       2       3       1       2       3
  -0.20028150798238348E-002       1       2       3       2       2       3
  -0.49516899034608816E-003       1       2       3       3       3       3
  -0.22624700193329145E-004       1       2       3       3       4       4
  -0.22624700193329148E-004       1       2       3       3       5       5
  -0.22624700193329138E-004       1       2       3       4       3       4
  -0.44990234494763634E-003       1       2       3       4       4       3
  -0.22624700193329148E-004       1       2       3       5       3       5
  -0.44990234494763650E-003       1       2       3       5       5       3
  -0.10765371601709253            1       2       4       1       2       4
  -0.20028150798238353E-002       1       2       4       2       2       4
  -0.44990234494763596E-003       1       2       4       3       3       4
  -0.49516899034608838E-003       1       2       4       4       4       4
  -0.22624700193329148E-004       1       2       4       4       5       5
  -0.22624700193329148E-004       1       2       4       5       4       5
  -0.44990234494763655E-003       1       2       4       5       5       4
  -0.10765371601709257            1       2       5       1       2       5
  -0.20028150798238340E-002       1       2       5       2       2       5
  -0.44990234494763606E-003       1       2       5       3       3       5
  -0.44990234494763628E-003       1       2       5       4       4       5
  -0.49516899034608849E-003       1       2       5       5       5       5
  -0.10652129270485866            1       3       3       1       3       3
  -0.90371979024792741E-003       1       3       3       1       4       4
  -0.90371979024792828E-003       1       3       3       1       5       5
  -0.19849008442135050E-002       1       3       3       2       3       3
  -0.14006334089782284E-004       1       3       3       2       4       4
  -0.14006334089782297E-004       1       3       3       2       5       5
  -0.10471214193584995            1       3       4       1       3       4
  -0.19568767109062412E-002       1       3       4       2       3       4
  -0.10471214193584995            1       3       5       1       3       5
  -0.19568767109062407E-002       1       3       5       2       3       5
  -0.10652129270485873            1       4       4       1       4       4
  -0.90371979024792795E-003       1       4       4       1       5       5
  -0.19849008442135059E-002       1       4       4       2       4       4
  -0.14006334089782302E-004       1       4       4       2       5       5
  -0.10471214193585002            1       4       5       1       4       5
  -0.19568767109062412E-002       1       4       5       2       4       5
  -0.10652129270485880            1       5       5       1       5       5
  -0.19849008442135068E-002       1       5       5       2       5       5
  -0.17952883690982060            2       2       2       2       2       2
  -0.66274142208217479E-002       2       2       2       2       3       3
  -0.66274142208217566E-002       2       2       2       2       4       4
  -0.66274142208217549E-002       2       2       2       2       5       5
  -0.17641321038453889            2       2       3       2       2       3
  -0.68698376617249406E-002       2       2       3       3       3       3
  -0.19908266614510487E-003       2       2       3       3       4       4
  -0.19908266614510506E-003       2       2       3       3       5       5
  -0.64713881491676390E-002       2       2       3       4       4       3
  -0.64713881491676398E-002       2       2       3       5       5       3
  -0.17641321038453889            2       2       4       2       2       4
  -0.64713881491676312E-002       2       2       4       3       3       4
  -0.68698376617249467E-002       2       2       4       4       4       4
  -0.19908266614510517E-003       2       2       4       4       5       5
  -0.64713881491676398E-002       2       2       4       5       5       4
  -0.17641321038453889            2       2       5       2       2       5
  -0.64713881491676329E-002       2       2       5       3       3       5
  -0.64713881491676433E-002       2       2       5       4       4       5
  -0.68698376617249536E-002       2       2       5       5       5       5
  -0.17480144689412463            2       3       3       2       3       3
  -0.11065546881298606E-002       2       3       3       2       4       4
  -0.11065546881298622E-002       2       3       3       2       5       5
  -0.17258637022393175            2       3       4       2       3       4
  -0.17258637022393170            2       3       5       2       3       5
  -0.17480144689412472            2       4       4       2       4       4
  -0.11065546881298600E-002       2       4       4       2       5       5
  -0.17258637022393170            2       4       5       2       4       5
  -0.17480144689412469            2       5       5       2       5       5
  -0.17471310708584381            3       3       3       3       3       3
  -0.11166618854955796E-002       3       3       3       3       4       4
  -0.11166618854955813E-002       3       3       3       3       5       5
  -0.17024236258466408            3       3       4       3       3       4
  -0.11166618854955804E-002       3       3       4       4       4       4
  -0.23184492524587605E-004       3       3       4       4       5       5
  -0.10703658826511696E-002       3       3       4       5       5       4
  -0.17024236258466399            3       3       5       3       3       5
  -0.10703658826511689E-002       3       3       5       4       4       5
  -0.11166618854955811E-002       3       3       5       5       5       5
  -0.17024236258466413            3       4       4       3       4       4
  -0.10703658826511685E-002       3       4       4       3       5       5
  -0.16809985473105118            3       4       5       3       4       5
  -0.17024236258466421            3       5       5       3       5       5
  -0.17471310708584364            4       4       4       4       4       4
  -0.11166618854955811E-002       4       4       4       4       5       5
  -0.17024236258466396            4       4       5       4       4       5
  -0.11166618854955811E-002       4       4       5       5       5       5
  -0.17024236258466408            4       5       5       4       5       5
  -0.17471310708584370            5       5       5       5       5       5
