           5
  -0.26419092774452119E-001       1       1       1       1       1       1
   0.70694892267526431E-003       1       1       1       1       1       2
  -0.34376518541911734E-003       1       1       1       1       2       2
  -0.42819325554667301E-004       1       1       1       1       3       3
  -0.42819325554667410E-004       1       1       1       1       4       4
  -0.42819325554667444E-004       1       1       1       1       5       5
   0.67368177931463559E-004       1       1       1       2       2       2
  -0.34071839660181987E-005       1       1       1       2       3       3
  -0.34071839660181954E-005       1       1       1       2       4       4
  -0.34071839660181852E-005       1       1       1       2       5       5
  -0.50122732855412022E-001       1       1       2       1       1       2
  -0.22506411253472277E-002       1       1       2       1       2       2
  -0.41558006911610512E-003       1       1       2       1       3       3
  -0.41558006911610507E-003       1       1       2       1       4       4
  -0.41558006911610480E-003       1       1       2       1       5       5
   0.10108663865857327E-003       1       1       2       2       2       2
  -0.75984666335925323E-005       1       1       2       2       3       3
  -0.75984666335925357E-005       1       1       2       2       4       4
  -0.75984666335925298E-005       1       1       2       2       5       5
  -0.49270596940160145E-004       1       1       2       3       3       2
  -0.49270596940160152E-004       1       1       2       4       4       2
  -0.49270596940160152E-004       1       1       2       5       5       2
  -0.48404532556849955E-001       1       1       3       1       1       3
  -0.22384541230399207E-002       1       1       3       1       2       3
   0.10662098345893478E-003       1       1       3       2       2       3
  -0.57951449404381806E-004       1       1       3       3       3       3
  -0.55943791230778567E-005       1       1       3       3       4       4
  -0.55943791230778533E-005       1       1       3       3       5       5
  -0.46760496034406312E-004       1       1       3       4       4       3
  -0.46760496034406312E-004       1       1       3       5       5       3
  -0.48404532556849941E-001       1       1       4       1       1       4
  -0.22384541230399211E-002       1       1       4       1       2       4
   0.10662098345893493E-003       1       1       4       2       2       4
  -0.46760496034406312E-004       1       1       4       3       3       4
  -0.57951449404381819E-004       1       1       4       4       4       4
  -0.55943791230778533E-005       1       1       4       4       5       5
  -0.46760496034406292E-004       1       1       4       5       5       4
  -0.48404532556849900E-001       1       1       5       1       1       5
  -0.22384541230399194E-002       1       1       5       1       2       5
   0.10662098345893490E-003       1       1       5       2       2       5
  -0.46760496034406278E-004       1       1       5       3       3       5
  -0.46760496034406278E-004       1       1       5       4       4       5
  -0.57951449404381840E-004       1       1       5       5       5       5
  -0.10821934423961894            1       2       2       1       2       2
  -0.59320408032053473E-002       1       2       2       1       3       3
  -0.59320408032053368E-002       1       2       2       1       4       4
  -0.59320408032053299E-002       1       2       2       1       5       5
  -0.20667008325383381E-002       1       2       2       2       2       2
  -0.19563095062048669E-004       1       2       2       2       3       3
  -0.19563095062048591E-004       1       2       2       2       4       4
  -0.19563095062048608E-004       1       2       2       2       5       5
  -0.46061230446142249E-003       1       2       2       3       2       3
  -0.46061230446142227E-003       1       2       2       4       2       4
  -0.46061230446142222E-003       1       2       2       5       2       5
  -0.10587196934221794            1       2       3       1       2       3
  -0.20300118159137714E-002       1       2       3       2       2       3
  -0.49146802364665116E-003       1       2       3       3       3       3
  -0.22429662124755985E-004       1       2       3       3       4       4
  -0.22429662124755975E-004       1       2       3       3       5       5
  -0.22429662124755982E-004       1       2       3       4       3       4
  -0.44659160910095596E-003       1       2       3       4       4       3
  -0.22429662124755996E-004       1       2       3       5       3       5
  -0.44659160910095553E-003       1       2       3       5       5       3
  -0.10587196934221790            1       2       4       1       2       4
  -0.20300118159137714E-002       1       2       4       2       2       4
  -0.44659160910095563E-003       1       2       4       3       3       4
  -0.49146802364665127E-003       1       2       4       4       4       4
  -0.22429662124755972E-004       1       2       4       4       5       5
  -0.22429662124755999E-004       1       2       4       5       4       5
  -0.44659160910095542E-003       1       2       4       5       5       4
  -0.10587196934221793            1       2       5       1       2       5
  -0.20300118159137718E-002       1       2       5       2       2       5
  -0.44659160910095563E-003       1       2       5       3       3       5
  -0.44659160910095580E-003       1       2       5       4       4       5
  -0.49146802364665105E-003       1       2       5       5       5       5
  -0.10480461891554305            1       3       3       1       3       3
  -0.93580491216734875E-003       1       3       3       1       4       4
  -0.93580491216735070E-003       1       3       3       1       5       5
  -0.20108045610170450E-002       1       3       3       2       3       3
  -0.13979414427696781E-004       1       3       3       2       4       4
  -0.13979414427696787E-004       1       3       3       2       5       5
  -0.10293131625687038            1       3       4       1       3       4
  -0.19828335996603967E-002       1       3       4       2       3       4
  -0.10293131625687035            1       3       5       1       3       5
  -0.19828335996603967E-002       1       3       5       2       3       5
  -0.10480461891554296            1       4       4       1       4       4
  -0.93580491216735027E-003       1       4       4       1       5       5
  -0.20108045610170437E-002       1       4       4       2       4       4
  -0.13979414427696793E-004       1       4       4       2       5       5
  -0.10293131625687031            1       4       5       1       4       5
  -0.19828335996603958E-002       1       4       5       2       4       5
  -0.10480461891554296            1       5       5       1       5       5
  -0.20108045610170407E-002       1       5       5       2       5       5
  -0.17828507824075215            2       2       2       2       2       2
  -0.65299372647336269E-002       2       2       2       2       3       3
  -0.65299372647336165E-002       2       2       2       2       4       4
  -0.65299372647336139E-002       2       2       2       2       5       5
  -0.17514997865474147            2       2       3       2       2       3
  -0.67708387682778367E-002       2       2       3       3       3       3
  -0.19981283789770451E-003       2       2       3       3       4       4
  -0.19981283789770443E-003       2       2       3       3       5       5
  -0.63709325233611211E-002       2       2       3       4       4       3
  -0.63709325233611116E-002       2       2       3       5       5       3
  -0.17514997865474161            2       2       4       2       2       4
  -0.63709325233611185E-002       2       2       4       3       3       4
  -0.67708387682778332E-002       2       2       4       4       4       4
  -0.19981283789770440E-003       2       2       4       4       5       5
  -0.63709325233611116E-002       2       2       4       5       5       4
  -0.17514997865474152            2       2       5       2       2       5
  -0.63709325233611211E-002       2       2       5       3       3       5
  -0.63709325233611185E-002       2       2       5       4       4       5
  -0.67708387682778263E-002       2       2       5       5       5       5
  -0.17357570209995798            2       3       3       2       3       3
  -0.11479375652591705E-002       2       3       3       2       4       4
  -0.11479375652591697E-002       2       3       3       2       5       5
  -0.17127785734922585            2       3       4       2       3       4
  -0.17127785734922574            2       3       5       2       3       5
  -0.17357570209995821            2       4       4       2       4       4
  -0.11479375652591703E-002       2       4       4       2       5       5
  -0.17127785734922579            2       4       5       2       4       5
  -0.17357570209995812            2       5       5       2       5       5
  -0.17358089739983112            3       3       3       3       3       3
  -0.11579894659436067E-002       3       3       3       3       4       4
  -0.11579894659436087E-002       3       3       3       3       5       5
  -0.16894483179252709            3       3       4       3       3       4
  -0.11579894659436074E-002       3       3       4       4       4       4
  -0.23941993582978096E-004       3       3       4       4       5       5
  -0.11101834059369169E-002       3       3       4       5       5       4
  -0.16894483179252728            3       3       5       3       3       5
  -0.11101834059369163E-002       3       3       5       4       4       5
  -0.11579894659436082E-002       3       3       5       5       5       5
  -0.16894483179252720            3       4       4       3       4       4
  -0.11101834059369176E-002       3       4       4       3       5       5
  -0.16672269539456719            3       4       5       3       4       5
  -0.16894483179252720            3       5       5       3       5       5
  -0.17358089739983124            4       4       4       4       4       4
  -0.11579894659436087E-002       4       4       4       4       5       5
  -0.16894483179252728            4       4       5       4       4       5
  -0.11579894659436087E-002       4       4       5       5       5       5
  -0.16894483179252720            4       5       5       4       5       5
  -0.17358089739983121            5       5       5       5       5       5
