           5
  -0.26220811256997382E-001       1       1       1       1       1       1
   0.71007327712161936E-003       1       1       1       1       1       2
  -0.34093315316980190E-003       1       1       1       1       2       2
  -0.40503652211574253E-004       1       1       1       1       3       3
  -0.40503652211574328E-004       1       1       1       1       4       4
  -0.40503652211574246E-004       1       1       1       1       5       5
   0.66744171608605781E-004       1       1       1       2       2       2
  -0.35194907182910595E-005       1       1       1       2       3       3
  -0.35194907182910493E-005       1       1       1       2       4       4
  -0.35194907182910515E-005       1       1       1       2       5       5
  -0.49292680492717601E-001       1       1       2       1       1       2
  -0.22438421306447561E-002       1       1       2       1       2       2
  -0.39338632958096453E-003       1       1       2       1       3       3
  -0.39338632958096453E-003       1       1       2       1       4       4
  -0.39338632958096426E-003       1       1       2       1       5       5
   0.99874659503576668E-004       1       1       2       2       2       2
  -0.88060672527561595E-005       1       1       2       2       3       3
  -0.88060672527561544E-005       1       1       2       2       4       4
  -0.88060672527561426E-005       1       1       2       2       5       5
  -0.47879150860880103E-004       1       1       2       3       3       2
  -0.47879150860880103E-004       1       1       2       4       4       2
  -0.47879150860880070E-004       1       1       2       5       5       2
  -0.47609958203726946E-001       1       1       3       1       1       3
  -0.22305474349265768E-002       1       1       3       1       2       3
   0.10535329405091901E-003       1       1       3       2       2       3
  -0.56547302063419178E-004       1       1       3       3       3       3
  -0.55859902005423463E-005       1       1       3       3       4       4
  -0.55859902005423446E-005       1       1       3       3       5       5
  -0.45373135383100463E-004       1       1       3       4       4       3
  -0.45373135383100463E-004       1       1       3       5       5       3
  -0.47609958203726960E-001       1       1       4       1       1       4
  -0.22305474349265781E-002       1       1       4       1       2       4
   0.10535329405091923E-003       1       1       4       2       2       4
  -0.45373135383100483E-004       1       1       4       3       3       4
  -0.56547302063419158E-004       1       1       4       4       4       4
  -0.55859902005423463E-005       1       1       4       4       5       5
  -0.45373135383100456E-004       1       1       4       5       5       4
  -0.47609958203726960E-001       1       1       5       1       1       5
  -0.22305474349265750E-002       1       1       5       1       2       5
   0.10535329405091924E-003       1       1       5       2       2       5
  -0.45373135383100469E-004       1       1       5       3       3       5
  -0.45373135383100483E-004       1       1       5       4       4       5
  -0.56547302063419144E-004       1       1       5       5       5       5
  -0.10706330204456671            1       2       2       1       2       2
  -0.57389699761873116E-002       1       2       2       1       3       3
  -0.57389699761873220E-002       1       2       2       1       4       4
  -0.57389699761873116E-002       1       2       2       1       5       5
  -0.20902699234242915E-002       1       2       2       2       2       2
  -0.22450792471566786E-004       1       2       2       2       3       3
  -0.22450792471566867E-004       1       2       2       2       4       4
  -0.22450792471566823E-004       1       2       2       2       5       5
  -0.44798472409741117E-003       1       2       2       3       2       3
  -0.44798472409741117E-003       1       2       2       4       2       4
  -0.44798472409741149E-003       1       2       2       5       2       5
  -0.10473183254014407            1       2       3       1       2       3
  -0.20523730324965321E-002       1       2       3       2       2       3
  -0.47815974182399896E-003       1       2       3       3       3       3
  -0.21915696160008952E-004       1       2       3       3       4       4
  -0.21915696160008962E-004       1       2       3       3       5       5
  -0.21915696160008942E-004       1       2       3       4       3       4
  -0.43431158894291814E-003       1       2       3       4       4       3
  -0.21915696160008949E-004       1       2       3       5       3       5
  -0.43431158894291760E-003       1       2       3       5       5       3
  -0.10473183254014408            1       2       4       1       2       4
  -0.20523730324965321E-002       1       2       4       2       2       4
  -0.43431158894291771E-003       1       2       4       3       3       4
  -0.47815974182399939E-003       1       2       4       4       4       4
  -0.21915696160008942E-004       1       2       4       4       5       5
  -0.21915696160008942E-004       1       2       4       5       4       5
  -0.43431158894291760E-003       1       2       4       5       5       4
  -0.10473183254014407            1       2       5       1       2       5
  -0.20523730324965329E-002       1       2       5       2       2       5
  -0.43431158894291749E-003       1       2       5       3       3       5
  -0.43431158894291787E-003       1       2       5       4       4       5
  -0.47815974182399907E-003       1       2       5       5       5       5
  -0.10363103045875868            1       3       3       1       3       3
  -0.89832930071748727E-003       1       3       3       1       4       4
  -0.89832930071748684E-003       1       3       3       1       5       5
  -0.20328323317223727E-002       1       3       3       2       3       3
  -0.14610842072525625E-004       1       3       3       2       4       4
  -0.14610842072525633E-004       1       3       3       2       5       5
  -0.10183270214113044            1       3       4       1       3       4
  -0.20035979173677874E-002       1       3       4       2       3       4
  -0.10183270214113045            1       3       5       1       3       5
  -0.20035979173677857E-002       1       3       5       2       3       5
  -0.10363103045875872            1       4       4       1       4       4
  -0.89832930071748738E-003       1       4       4       1       5       5
  -0.20328323317223736E-002       1       4       4       2       4       4
  -0.14610842072525647E-004       1       4       4       2       5       5
  -0.10183270214113045            1       4       5       1       4       5
  -0.20035979173677852E-002       1       4       5       2       4       5
  -0.10363103045875879            1       5       5       1       5       5
  -0.20328323317223740E-002       1       5       5       2       5       5
  -0.17754574365062631            2       2       2       2       2       2
  -0.63745866120647199E-002       2       2       2       2       3       3
  -0.63745866120647242E-002       2       2       2       2       4       4
  -0.63745866120647164E-002       2       2       2       2       5       5
  -0.17439729620234873            2       2       3       2       2       3
  -0.66041929487677554E-002       2       2       3       3       3       3
  -0.19199699060845534E-003       2       2       3       3       4       4
  -0.19199699060845540E-003       2       2       3       3       5       5
  -0.62199232234633611E-002       2       2       3       4       4       3
  -0.62199232234633585E-002       2       2       3       5       5       3
  -0.17439729620234867            2       2       4       2       2       4
  -0.62199232234633507E-002       2       2       4       3       3       4
  -0.66041929487677693E-002       2       2       4       4       4       4
  -0.19199699060845534E-003       2       2       4       4       5       5
  -0.62199232234633611E-002       2       2       4       5       5       4
  -0.17439729620234862            2       2       5       2       2       5
  -0.62199232234633585E-002       2       2       5       3       3       5
  -0.62199232234633663E-002       2       2       5       4       4       5
  -0.66041929487677623E-002       2       2       5       5       5       5
  -0.17277101930980335            2       3       3       2       3       3
  -0.11180922648173666E-002       2       3       3       2       4       4
  -0.11180922648173662E-002       2       3       3       2       5       5
  -0.17053287497051287            2       3       4       2       3       4
  -0.17053287497051278            2       3       5       2       3       5
  -0.17277101930980343            2       4       4       2       4       4
  -0.11180922648173653E-002       2       4       4       2       5       5
  -0.17053287497051278            2       4       5       2       4       5
  -0.17277101930980354            2       5       5       2       5       5
  -0.17268463202795128            3       3       3       3       3       3
  -0.11278783445193754E-002       3       3       3       3       4       4
  -0.11278783445193769E-002       3       3       3       3       5       5
  -0.16816903491739299            3       3       4       3       3       4
  -0.11278783445193754E-002       3       3       4       4       4       4
  -0.23769169735936246E-004       3       3       4       4       5       5
  -0.10804150334209014E-002       3       3       4       5       5       4
  -0.16816903491739313            3       3       5       3       3       5
  -0.10804150334209010E-002       3       3       5       4       4       5
  -0.11278783445193773E-002       3       3       5       5       5       5
  -0.16816903491739299            3       4       4       3       4       4
  -0.10804150334209018E-002       3       4       4       3       5       5
  -0.16600644219106614            3       4       5       3       4       5
  -0.16816903491739299            3       5       5       3       5       5
  -0.17268463202795142            4       4       4       4       4       4
  -0.11278783445193769E-002       4       4       4       4       5       5
  -0.16816903491739313            4       4       5       4       4       5
  -0.11278783445193773E-002       4       4       5       5       5       5
  -0.16816903491739299            4       5       5       4       5       5
  -0.17268463202795137            5       5       5       5       5       5
