           5
  -0.26722205602315842E-001       1       1       1       1       1       1
   0.71517081828014319E-003       1       1       1       1       1       2
  -0.34556474030393862E-003       1       1       1       1       2       2
  -0.41588240942240886E-004       1       1       1       1       3       3
  -0.41588240942240899E-004       1       1       1       1       4       4
  -0.41588240942240981E-004       1       1       1       1       5       5
   0.67673409996155774E-004       1       1       1       2       2       2
  -0.34559588970575604E-005       1       1       1       2       3       3
  -0.34559588970575549E-005       1       1       1       2       4       4
  -0.34559588970575558E-005       1       1       1       2       5       5
  -0.50418009982515756E-001       1       1       2       1       1       2
  -0.22686958956755149E-002       1       1       2       1       2       2
  -0.40783589588068772E-003       1       1       2       1       3       3
  -0.40783589588068767E-003       1       1       2       1       4       4
  -0.40783589588068805E-003       1       1       2       1       5       5
   0.10221062381971524E-003       1       1       2       2       2       2
  -0.77571702650727119E-005       1       1       2       2       3       3
  -0.77571702650726984E-005       1       1       2       2       4       4
  -0.77571702650727085E-005       1       1       2       2       5       5
  -0.48639696952450823E-004       1       1       2       3       3       2
  -0.48639696952450863E-004       1       1       2       4       4       2
  -0.48639696952450816E-004       1       1       2       5       5       2
  -0.48696513577631419E-001       1       1       3       1       1       3
  -0.22558083144284791E-002       1       1       3       1       2       3
   0.10771639557778609E-003       1       1       3       2       2       3
  -0.57153007992721963E-004       1       1       3       3       3       3
  -0.54780675889525223E-005       1       1       3       3       4       4
  -0.54780675889525206E-005       1       1       3       3       5       5
  -0.46194700631700780E-004       1       1       3       4       4       3
  -0.46194700631700774E-004       1       1       3       5       5       3
  -0.48696513577631419E-001       1       1       4       1       1       4
  -0.22558083144284800E-002       1       1       4       1       2       4
   0.10771639557778586E-003       1       1       4       2       2       4
  -0.46194700631700807E-004       1       1       4       3       3       4
  -0.57153007992721990E-004       1       1       4       4       4       4
  -0.54780675889525257E-005       1       1       4       4       5       5
  -0.46194700631700753E-004       1       1       4       5       5       4
  -0.48696513577631412E-001       1       1       5       1       1       5
  -0.22558083144284787E-002       1       1       5       1       2       5
   0.10771639557778571E-003       1       1       5       2       2       5
  -0.46194700631700801E-004       1       1       5       3       3       5
  -0.46194700631700767E-004       1       1       5       4       4       5
  -0.57153007992722003E-004       1       1       5       5       5       5
  -0.10881977694903329            1       2       2       1       2       2
  -0.59080291706151838E-002       1       2       2       1       3       3
  -0.59080291706151786E-002       1       2       2       1       4       4
  -0.59080291706151769E-002       1       2       2       1       5       5
  -0.20842750416813377E-002       1       2       2       2       2       2
  -0.19766767730025268E-004       1       2       2       2       3       3
  -0.19766767730025213E-004       1       2       2       2       4       4
  -0.19766767730025210E-004       1       2       2       2       5       5
  -0.45346369853093988E-003       1       2       2       3       2       3
  -0.45346369853094005E-003       1       2       2       4       2       4
  -0.45346369853093983E-003       1       2       2       5       2       5
  -0.10646302762703000            1       2       3       1       2       3
  -0.20470837037261935E-002       1       2       3       2       2       3
  -0.48350905988661115E-003       1       2       3       3       3       3
  -0.21792574433918683E-004       1       2       3       3       4       4
  -0.21792574433918686E-004       1       2       3       3       5       5
  -0.21792574433918686E-004       1       2       3       4       3       4
  -0.43990711655539068E-003       1       2       3       4       4       3
  -0.21792574433918696E-004       1       2       3       5       3       5
  -0.43990711655539014E-003       1       2       3       5       5       3
  -0.10646302762703003            1       2       4       1       2       4
  -0.20470837037261931E-002       1       2       4       2       2       4
  -0.43990711655539046E-003       1       2       4       3       3       4
  -0.48350905988661094E-003       1       2       4       4       4       4
  -0.21792574433918686E-004       1       2       4       4       5       5
  -0.21792574433918690E-004       1       2       4       5       4       5
  -0.43990711655539019E-003       1       2       4       5       5       4
  -0.10646302762703000            1       2       5       1       2       5
  -0.20470837037261944E-002       1       2       5       2       2       5
  -0.43990711655539035E-003       1       2       5       3       3       5
  -0.43990711655539025E-003       1       2       5       4       4       5
  -0.48350905988661099E-003       1       2       5       5       5       5
  -0.10531199753866423            1       3       3       1       3       3
  -0.88005491037382831E-003       1       3       3       1       4       4
  -0.88005491037382831E-003       1       3       3       1       5       5
  -0.20278284435116299E-002       1       3       3       2       3       3
  -0.14318670421871292E-004       1       3       3       2       4       4
  -0.14318670421871292E-004       1       3       3       2       5       5
  -0.10355019615140804            1       3       4       1       3       4
  -0.19991788420695056E-002       1       3       4       2       3       4
  -0.10355019615140815            1       3       5       1       3       5
  -0.19991788420695056E-002       1       3       5       2       3       5
  -0.10531199753866427            1       4       4       1       4       4
  -0.88005491037382918E-003       1       4       4       1       5       5
  -0.20278284435116291E-002       1       4       4       2       4       4
  -0.14318670421871295E-004       1       4       4       2       5       5
  -0.10355019615140817            1       4       5       1       4       5
  -0.19991788420695056E-002       1       4       5       2       4       5
  -0.10531199753866449            1       5       5       1       5       5
  -0.20278284435116273E-002       1       5       5       2       5       5
  -0.17926709928692047            2       2       2       2       2       2
  -0.65001623508142911E-002       2       2       2       2       3       3
  -0.65001623508142720E-002       2       2       2       2       4       4
  -0.65001623508142772E-002       2       2       2       2       5       5
  -0.17611785102980781            2       2       3       2       2       3
  -0.67314498051984717E-002       2       2       3       3       3       3
  -0.19227589541763348E-003       2       2       3       3       4       4
  -0.19227589541763348E-003       2       2       3       3       5       5
  -0.63466192550370171E-002       2       2       3       4       4       3
  -0.63466192550370214E-002       2       2       3       5       5       3
  -0.17611785102980793            2       2       4       2       2       4
  -0.63466192550370240E-002       2       2       4       3       3       4
  -0.67314498051984709E-002       2       2       4       4       4       4
  -0.19227589541763340E-003       2       2       4       4       5       5
  -0.63466192550370205E-002       2       2       4       5       5       4
  -0.17611785102980798            2       2       5       2       2       5
  -0.63466192550370205E-002       2       2       5       3       3       5
  -0.63466192550370171E-002       2       2       5       4       4       5
  -0.67314498051984587E-002       2       2       5       5       5       5
  -0.17445439156697962            2       3       3       2       3       3
  -0.10916278121260825E-002       2       3       3       2       4       4
  -0.10916278121260834E-002       2       3       3       2       5       5
  -0.17226916822270813            2       3       4       2       3       4
  -0.17226916822270805            2       3       5       2       3       5
  -0.17445439156697962            2       4       4       2       4       4
  -0.10916278121260825E-002       2       4       4       2       5       5
  -0.17226916822270805            2       4       5       2       4       5
  -0.17445439156697964            2       5       5       2       5       5
  -0.17429415531879627            3       3       3       3       3       3
  -0.11011302125688287E-002       3       3       3       3       4       4
  -0.11011302125688281E-002       3       3       3       3       5       5
  -0.16988553959821179            3       3       4       3       3       4
  -0.11011302125688287E-002       3       3       4       4       4       4
  -0.22825668035090613E-004       3       3       4       4       5       5
  -0.10555511061729774E-002       3       3       4       5       5       4
  -0.16988553959821179            3       3       5       3       3       5
  -0.10555511061729778E-002       3       3       5       4       4       5
  -0.11011302125688283E-002       3       3       5       5       5       5
  -0.16988553959821195            3       4       4       3       4       4
  -0.10555511061729769E-002       3       4       4       3       5       5
  -0.16777266034036797            3       4       5       3       4       5
  -0.16988553959821198            3       5       5       3       5       5
  -0.17429415531879650            4       4       4       4       4       4
  -0.11011302125688276E-002       4       4       4       4       5       5
  -0.16988553959821187            4       4       5       4       4       5
  -0.11011302125688283E-002       4       4       5       5       5       5
  -0.16988553959821184            4       5       5       4       5       5
  -0.17429415531879650            5       5       5       5       5       5
