           5
  -0.25870120401825559E-001       1       1       1       1       1       1
   0.65442013912320358E-003       1       1       1       1       1       2
  -0.33568079866406705E-003       1       1       1       1       2       2
  -0.42723535578674621E-004       1       1       1       1       3       3
  -0.42723535578674506E-004       1       1       1       1       4       4
  -0.42723535578674594E-004       1       1       1       1       5       5
   0.66095409066122904E-004       1       1       1       2       2       2
  -0.33858385410573371E-005       1       1       1       2       3       3
  -0.33858385410573316E-005       1       1       1       2       4       4
  -0.33858385410573384E-005       1       1       1       2       5       5
  -0.49889539041809990E-001       1       1       2       1       1       2
  -0.22419844248201060E-002       1       1       2       1       2       2
  -0.40941184456296149E-003       1       1       2       1       3       3
  -0.40941184456296122E-003       1       1       2       1       4       4
  -0.40941184456296117E-003       1       1       2       1       5       5
   0.99637535997086526E-004       1       1       2       2       2       2
  -0.79913794512787801E-005       1       1       2       2       3       3
  -0.79913794512787699E-005       1       1       2       2       4       4
  -0.79913794512787564E-005       1       1       2       2       5       5
  -0.48805395159665275E-004       1       1       2       3       3       2
  -0.48805395159665262E-004       1       1       2       4       4       2
  -0.48805395159665262E-004       1       1       2       5       5       2
  -0.48177306593966442E-001       1       1       3       1       1       3
  -0.22295945213214258E-002       1       1       3       1       2       3
   0.10513345431152773E-003       1       1       3       2       2       3
  -0.57540596695623089E-004       1       1       3       3       3       3
  -0.56264935959953518E-005       1       1       3       3       4       4
  -0.56264935959953425E-005       1       1       3       3       5       5
  -0.46285409325111805E-004       1       1       3       4       4       3
  -0.46285409325111784E-004       1       1       3       5       5       3
  -0.48177306593966462E-001       1       1       4       1       1       4
  -0.22295945213214258E-002       1       1       4       1       2       4
   0.10513345431152754E-003       1       1       4       2       2       4
  -0.46285409325111784E-004       1       1       4       3       3       4
  -0.57540596695623109E-004       1       1       4       4       4       4
  -0.56264935959953425E-005       1       1       4       4       5       5
  -0.46285409325111805E-004       1       1       4       5       5       4
  -0.48177306593966462E-001       1       1       5       1       1       5
  -0.22295945213214258E-002       1       1       5       1       2       5
   0.10513345431152743E-003       1       1       5       2       2       5
  -0.46285409325111805E-004       1       1       5       3       3       5
  -0.46285409325111805E-004       1       1       5       4       4       5
  -0.57540596695623089E-004       1       1       5       5       5       5
  -0.10776559150244228            1       2       2       1       2       2
  -0.59344897828408185E-002       1       2       2       1       3       3
  -0.59344897828408141E-002       1       2       2       1       4       4
  -0.59344897828408115E-002       1       2       2       1       5       5
  -0.20737404357621166E-002       1       2       2       2       2       2
  -0.20756988094789240E-004       1       2       2       2       3       3
  -0.20756988094789196E-004       1       2       2       2       4       4
  -0.20756988094789213E-004       1       2       2       2       5       5
  -0.45676915760851705E-003       1       2       2       3       2       3
  -0.45676915760851726E-003       1       2       2       4       2       4
  -0.45676915760851716E-003       1       2       2       5       2       5
  -0.10542696194497131            1       2       3       1       2       3
  -0.20368170468673995E-002       1       2       3       2       2       3
  -0.48781034110859588E-003       1       2       3       3       3       3
  -0.22532415395902606E-004       1       2       3       3       4       4
  -0.22532415395902595E-004       1       2       3       3       5       5
  -0.22532415395902623E-004       1       2       3       4       3       4
  -0.44272847457149710E-003       1       2       3       4       4       3
  -0.22532415395902623E-004       1       2       3       5       3       5
  -0.44272847457149688E-003       1       2       3       5       5       3
  -0.10542696194497136            1       2       4       1       2       4
  -0.20368170468673995E-002       1       2       4       2       2       4
  -0.44272847457149721E-003       1       2       4       3       3       4
  -0.48781034110859583E-003       1       2       4       4       4       4
  -0.22532415395902599E-004       1       2       4       4       5       5
  -0.22532415395902612E-004       1       2       4       5       4       5
  -0.44272847457149683E-003       1       2       4       5       5       4
  -0.10542696194497132            1       2       5       1       2       5
  -0.20368170468674012E-002       1       2       5       2       2       5
  -0.44272847457149710E-003       1       2       5       3       3       5
  -0.44272847457149704E-003       1       2       5       4       4       5
  -0.48781034110859621E-003       1       2       5       5       5       5
  -0.10434558454912624            1       3       3       1       3       3
  -0.91892470458489477E-003       1       3       3       1       4       4
  -0.91892470458489553E-003       1       3       3       1       5       5
  -0.20177292043534437E-002       1       3       3       2       3       3
  -0.14229823869505385E-004       1       3       3       2       4       4
  -0.14229823869505392E-004       1       3       3       2       5       5
  -0.10250605181578698            1       3       4       1       3       4
  -0.19892572486323225E-002       1       3       4       2       3       4
  -0.10250605181578709            1       3       5       1       3       5
  -0.19892572486323212E-002       1       3       5       2       3       5
  -0.10434558454912624            1       4       4       1       4       4
  -0.91892470458489379E-003       1       4       4       1       5       5
  -0.20177292043534441E-002       1       4       4       2       4       4
  -0.14229823869505384E-004       1       4       4       2       5       5
  -0.10250605181578705            1       4       5       1       4       5
  -0.19892572486323217E-002       1       4       5       2       4       5
  -0.10434558454912631            1       5       5       1       5       5
  -0.20177292043534458E-002       1       5       5       2       5       5
  -0.17774008927546195            2       2       2       2       2       2
  -0.65416306231169327E-002       2       2       2       2       3       3
  -0.65416306231169327E-002       2       2       2       2       4       4
  -0.65416306231169275E-002       2       2       2       2       5       5
  -0.17461362310860296            2       2       3       2       2       3
  -0.67846904754889194E-002       2       2       3       3       3       3
  -0.20140947083774818E-003       2       2       3       3       4       4
  -0.20140947083774802E-003       2       2       3       3       5       5
  -0.63815891121210876E-002       2       2       3       4       4       3
  -0.63815891121210850E-002       2       2       3       5       5       3
  -0.17461362310860298            2       2       4       2       2       4
  -0.63815891121210911E-002       2       2       4       3       3       4
  -0.67846904754889168E-002       2       2       4       4       4       4
  -0.20140947083774799E-003       2       2       4       4       5       5
  -0.63815891121210833E-002       2       2       4       5       5       4
  -0.17461362310860307            2       2       5       2       2       5
  -0.63815891121210945E-002       2       2       5       3       3       5
  -0.63815891121210919E-002       2       2       5       4       4       5
  -0.67846904754889081E-002       2       2       5       5       5       5
  -0.17302644090165425            2       3       3       2       3       3
  -0.11318679624736838E-002       2       3       3       2       4       4
  -0.11318679624736849E-002       2       3       3       2       5       5
  -0.17076074452681900            2       3       4       2       3       4
  -0.17076074452681900            2       3       5       2       3       5
  -0.17302644090165425            2       4       4       2       4       4
  -0.11318679624736849E-002       2       4       4       2       5       5
  -0.17076074452681905            2       4       5       2       4       5
  -0.17302644090165434            2       5       5       2       5       5
  -0.17299723115783600            3       3       3       3       3       3
  -0.11419002107123355E-002       3       3       3       3       4       4
  -0.11419002107123351E-002       3       3       3       3       5       5
  -0.16842554295907147            3       3       4       3       3       4
  -0.11419002107123355E-002       3       3       4       4       4       4
  -0.23807212848489957E-004       3       3       4       4       5       5
  -0.10943622375103328E-002       3       3       4       5       5       4
  -0.16842554295907147            3       3       5       3       3       5
  -0.10943622375103334E-002       3       3       5       4       4       5
  -0.11419002107123353E-002       3       3       5       5       5       5
  -0.16842554295907156            3       4       4       3       4       4
  -0.10943622375103323E-002       3       4       4       3       5       5
  -0.16623505583632533            3       4       5       3       4       5
  -0.16842554295907153            3       5       5       3       5       5
  -0.17299723115783588            4       4       4       4       4       4
  -0.11419002107123362E-002       4       4       4       4       5       5
  -0.16842554295907144            4       4       5       4       4       5
  -0.11419002107123364E-002       4       4       5       5       5       5
  -0.16842554295907153            4       5       5       4       5       5
  -0.17299723115783575            5       5       5       5       5       5
