           5
  -0.26808089953393226E-001       1       1       1       1       1       1
   0.72673507948547522E-003       1       1       1       1       1       2
  -0.34641276796019998E-003       1       1       1       1       2       2
  -0.41004810753296702E-004       1       1       1       1       3       3
  -0.41004810753296654E-004       1       1       1       1       4       4
  -0.41004810753296532E-004       1       1       1       1       5       5
   0.67870007560574114E-004       1       1       1       2       2       2
  -0.36378967546586522E-005       1       1       1       2       3       3
  -0.36378967546586386E-005       1       1       1       2       4       4
  -0.36378967546586501E-005       1       1       1       2       5       5
  -0.50394042460634766E-001       1       1       2       1       1       2
  -0.22550369090849681E-002       1       1       2       1       2       2
  -0.41235653329558137E-003       1       1       2       1       3       3
  -0.41235653329558131E-003       1       1       2       1       4       4
  -0.41235653329558137E-003       1       1       2       1       5       5
   0.10223037618782758E-003       1       1       2       2       2       2
  -0.79526575267670861E-005       1       1       2       2       3       3
  -0.79526575267670675E-005       1       1       2       2       4       4
  -0.79526575267670641E-005       1       1       2       2       5       5
  -0.48967639917412842E-004       1       1       2       3       3       2
  -0.48967639917412822E-004       1       1       2       4       4       2
  -0.48967639917412863E-004       1       1       2       5       5       2
  -0.48673614483628350E-001       1       1       3       1       1       3
  -0.22426594563886510E-002       1       1       3       1       2       3
   0.10777784669475793E-003       1       1       3       2       2       3
  -0.57627563117109788E-004       1       1       3       3       3       3
  -0.55640087035964623E-005       1       1       3       3       4       4
  -0.55640087035964649E-005       1       1       3       3       5       5
  -0.46497358902264406E-004       1       1       3       4       4       3
  -0.46497358902264366E-004       1       1       3       5       5       3
  -0.48673614483628350E-001       1       1       4       1       1       4
  -0.22426594563886497E-002       1       1       4       1       2       4
   0.10777784669475783E-003       1       1       4       2       2       4
  -0.46497358902264379E-004       1       1       4       3       3       4
  -0.57627563117109795E-004       1       1       4       4       4       4
  -0.55640087035964649E-005       1       1       4       4       5       5
  -0.46497358902264379E-004       1       1       4       5       5       4
  -0.48673614483628419E-001       1       1       5       1       1       5
  -0.22426594563886492E-002       1       1       5       1       2       5
   0.10777784669475776E-003       1       1       5       2       2       5
  -0.46497358902264393E-004       1       1       5       3       3       5
  -0.46497358902264393E-004       1       1       5       4       4       5
  -0.57627563117109761E-004       1       1       5       5       5       5
  -0.10854064582007575            1       2       2       1       2       2
  -0.59457751453683861E-002       1       2       2       1       3       3
  -0.59457751453683748E-002       1       2       2       1       4       4
  -0.59457751453683722E-002       1       2       2       1       5       5
  -0.20605533455984450E-002       1       2       2       2       2       2
  -0.19487393532860675E-004       1       2       2       2       3       3
  -0.19487393532860621E-004       1       2       2       2       4       4
  -0.19487393532860638E-004       1       2       2       2       5       5
  -0.45884603961268559E-003       1       2       2       3       2       3
  -0.45884603961268537E-003       1       2       2       4       2       4
  -0.45884603961268553E-003       1       2       2       5       2       5
  -0.10619243138811343            1       2       3       1       2       3
  -0.20239303662766836E-002       1       2       3       2       2       3
  -0.48974086345781470E-003       1       2       3       3       3       3
  -0.22398182391946189E-004       1       2       3       3       4       4
  -0.22398182391946203E-004       1       2       3       3       5       5
  -0.22398182391946210E-004       1       2       3       4       3       4
  -0.44492740010055622E-003       1       2       3       4       4       3
  -0.22398182391946223E-004       1       2       3       5       3       5
  -0.44492740010055611E-003       1       2       3       5       5       3
  -0.10619243138811352            1       2       4       1       2       4
  -0.20239303662766836E-002       1       2       4       2       2       4
  -0.44492740010055600E-003       1       2       4       3       3       4
  -0.48974086345781437E-003       1       2       4       4       4       4
  -0.22398182391946196E-004       1       2       4       4       5       5
  -0.22398182391946203E-004       1       2       4       5       4       5
  -0.44492740010055600E-003       1       2       4       5       5       4
  -0.10619243138811355            1       2       5       1       2       5
  -0.20239303662766836E-002       1       2       5       2       2       5
  -0.44492740010055595E-003       1       2       5       3       3       5
  -0.44492740010055600E-003       1       2       5       4       4       5
  -0.48974086345781394E-003       1       2       5       5       5       5
  -0.10509767268736905            1       3       3       1       3       3
  -0.91600485333594509E-003       1       3       3       1       4       4
  -0.91600485333594509E-003       1       3       3       1       5       5
  -0.20051386844218881E-002       1       3       3       2       3       3
  -0.14257440745159489E-004       1       3       3       2       4       4
  -0.14257440745159483E-004       1       3       3       2       5       5
  -0.10326396763513251            1       3       4       1       3       4
  -0.19766117034047959E-002       1       3       4       2       3       4
  -0.10326396763513257            1       3       5       1       3       5
  -0.19766117034047950E-002       1       3       5       2       3       5
  -0.10509767268736914            1       4       4       1       4       4
  -0.91600485333594509E-003       1       4       4       1       5       5
  -0.20051386844218855E-002       1       4       4       2       4       4
  -0.14257440745159476E-004       1       4       4       2       5       5
  -0.10326396763513257            1       4       5       1       4       5
  -0.19766117034047954E-002       1       4       5       2       4       5
  -0.10509767268736903            1       5       5       1       5       5
  -0.20051386844218864E-002       1       5       5       2       5       5
  -0.17843556915036821            2       2       2       2       2       2
  -0.65273745934873659E-002       2       2       2       2       3       3
  -0.65273745934873607E-002       2       2       2       2       4       4
  -0.65273745934873607E-002       2       2       2       2       5       5
  -0.17530749478671317            2       2       3       2       2       3
  -0.67679129642730582E-002       2       2       3       3       3       3
  -0.19884525603733688E-003       2       2       3       3       4       4
  -0.19884525603733720E-003       2       2       3       3       5       5
  -0.63699409347270164E-002       2       2       3       4       4       3
  -0.63699409347270173E-002       2       2       3       5       5       3
  -0.17530749478671320            2       2       4       2       2       4
  -0.63699409347270294E-002       2       2       4       3       3       4
  -0.67679129642730443E-002       2       2       4       4       4       4
  -0.19884525603733685E-003       2       2       4       4       5       5
  -0.63699409347270173E-002       2       2       4       5       5       4
  -0.17530749478671304            2       2       5       2       2       5
  -0.63699409347270268E-002       2       2       5       3       3       5
  -0.63699409347270138E-002       2       2       5       4       4       5
  -0.67679129642730495E-002       2       2       5       5       5       5
  -0.17371317359313346            2       3       3       2       3       3
  -0.11279582480659620E-002       2       3       3       2       4       4
  -0.11279582480659628E-002       2       3       3       2       5       5
  -0.17145528924173165            2       3       4       2       3       4
  -0.17145528924173165            2       3       5       2       3       5
  -0.17371317359313346            2       4       4       2       4       4
  -0.11279582480659622E-002       2       4       4       2       5       5
  -0.17145528924173165            2       4       5       2       4       5
  -0.17371317359313349            2       5       5       2       5       5
  -0.17367132072818886            3       3       3       3       3       3
  -0.11379631021809790E-002       3       3       3       3       4       4
  -0.11379631021809797E-002       3       3       3       3       5       5
  -0.16911536675225475            3       3       4       3       3       4
  -0.11379631021809795E-002       3       3       4       4       4       4
  -0.23658740254396138E-004       3       3       4       4       5       5
  -0.10907214131625673E-002       3       3       4       5       5       4
  -0.16911536675225494            3       3       5       3       3       5
  -0.10907214131625682E-002       3       3       5       4       4       5
  -0.11379631021809797E-002       3       3       5       5       5       5
  -0.16911536675225472            3       4       4       3       4       4
  -0.10907214131625682E-002       3       4       4       3       5       5
  -0.16693215275284928            3       4       5       3       4       5
  -0.16911536675225483            3       5       5       3       5       5
  -0.17367132072818861            4       4       4       4       4       4
  -0.11379631021809786E-002       4       4       4       4       5       5
  -0.16911536675225491            4       4       5       4       4       5
  -0.11379631021809788E-002       4       4       5       5       5       5
  -0.16911536675225483            4       5       5       4       5       5
  -0.17367132072818864            5       5       5       5       5       5
