           5
  -0.27066048737777047E-001       1       1       1       1       1       1
   0.79800597420761504E-003       1       1       1       1       1       2
  -0.35283996938366321E-003       1       1       1       1       2       2
  -0.40343485717048142E-004       1       1       1       1       3       3
  -0.40343485717048169E-004       1       1       1       1       4       4
  -0.40343485717048243E-004       1       1       1       1       5       5
   0.68669321120312323E-004       1       1       1       2       2       2
  -0.37484248028580757E-005       1       1       1       2       3       3
  -0.37484248028580981E-005       1       1       1       2       4       4
  -0.37484248028580642E-005       1       1       1       2       5       5
  -0.49384076847449145E-001       1       1       2       1       1       2
  -0.22493533787382152E-002       1       1       2       1       2       2
  -0.40487459552402338E-003       1       1       2       1       3       3
  -0.40487459552402332E-003       1       1       2       1       4       4
  -0.40487459552402338E-003       1       1       2       1       5       5
   0.10226045237949762E-003       1       1       2       2       2       2
  -0.83087320090156558E-005       1       1       2       2       3       3
  -0.83087320090156728E-005       1       1       2       2       4       4
  -0.83087320090156813E-005       1       1       2       2       5       5
  -0.49114562409141540E-004       1       1       2       3       3       2
  -0.49114562409141520E-004       1       1       2       4       4       2
  -0.49114562409141520E-004       1       1       2       5       5       2
  -0.47704392957784343E-001       1       1       3       1       1       3
  -0.22361563275882517E-002       1       1       3       1       2       3
   0.10780396897573351E-003       1       1       3       2       2       3
  -0.58042086979662755E-004       1       1       3       3       3       3
  -0.57612933095718696E-005       1       1       3       3       4       4
  -0.57612933095718671E-005       1       1       3       3       5       5
  -0.46517260057385242E-004       1       1       3       4       4       3
  -0.46517260057385235E-004       1       1       3       5       5       3
  -0.47704392957784371E-001       1       1       4       1       1       4
  -0.22361563275882512E-002       1       1       4       1       2       4
   0.10780396897573359E-003       1       1       4       2       2       4
  -0.46517260057385242E-004       1       1       4       3       3       4
  -0.58042086979662755E-004       1       1       4       4       4       4
  -0.57612933095718645E-005       1       1       4       4       5       5
  -0.46517260057385262E-004       1       1       4       5       5       4
  -0.47704392957784399E-001       1       1       5       1       1       5
  -0.22361563275882521E-002       1       1       5       1       2       5
   0.10780396897573361E-003       1       1       5       2       2       5
  -0.46517260057385262E-004       1       1       5       3       3       5
  -0.46517260057385283E-004       1       1       5       4       4       5
  -0.58042086979662782E-004       1       1       5       5       5       5
  -0.10715347337917620            1       2       2       1       2       2
  -0.58080809120049171E-002       1       2       2       1       3       3
  -0.58080809120049162E-002       1       2       2       1       4       4
  -0.58080809120049101E-002       1       2       2       1       5       5
  -0.20742998440459893E-002       1       2       2       2       2       2
  -0.21127264026127665E-004       1       2       2       2       3       3
  -0.21127264026127644E-004       1       2       2       2       4       4
  -0.21127264026127638E-004       1       2       2       2       5       5
  -0.45686169866824850E-003       1       2       2       3       2       3
  -0.45686169866824850E-003       1       2       2       4       2       4
  -0.45686169866824818E-003       1       2       2       5       2       5
  -0.10482461922703271            1       2       3       1       2       3
  -0.20365389677920358E-002       1       2       3       2       2       3
  -0.48749589871070677E-003       1       2       3       3       3       3
  -0.22319210362295015E-004       1       2       3       3       4       4
  -0.22319210362295021E-004       1       2       3       3       5       5
  -0.22319210362295011E-004       1       2       3       4       3       4
  -0.44284032236359329E-003       1       2       3       4       4       3
  -0.22319210362295001E-004       1       2       3       5       3       5
  -0.44284032236359302E-003       1       2       3       5       5       3
  -0.10482461922703279            1       2       4       1       2       4
  -0.20365389677920358E-002       1       2       4       2       2       4
  -0.44284032236359346E-003       1       2       4       3       3       4
  -0.48749589871070699E-003       1       2       4       4       4       4
  -0.22319210362295021E-004       1       2       4       4       5       5
  -0.22319210362295015E-004       1       2       4       5       4       5
  -0.44284032236359318E-003       1       2       4       5       5       4
  -0.10482461922703290            1       2       5       1       2       5
  -0.20365389677920367E-002       1       2       5       2       2       5
  -0.44284032236359329E-003       1       2       5       3       3       5
  -0.44284032236359324E-003       1       2       5       4       4       5
  -0.48749589871070753E-003       1       2       5       5       5       5
  -0.10369483634214230            1       3       3       1       3       3
  -0.87457123016517065E-003       1       3       3       1       4       4
  -0.87457123016517065E-003       1       3       3       1       5       5
  -0.20173415533337163E-002       1       3       3       2       3       3
  -0.14791016397851511E-004       1       3       3       2       4       4
  -0.14791016397851511E-004       1       3       3       2       5       5
  -0.10194401326570826            1       3       4       1       3       4
  -0.19877469229161557E-002       1       3       4       2       3       4
  -0.10194401326570841            1       3       5       1       3       5
  -0.19877469229161553E-002       1       3       5       2       3       5
  -0.10369483634214230            1       4       4       1       4       4
  -0.87457123016516979E-003       1       4       4       1       5       5
  -0.20173415533337171E-002       1       4       4       2       4       4
  -0.14791016397851516E-004       1       4       4       2       5       5
  -0.10194401326570840            1       4       5       1       4       5
  -0.19877469229161574E-002       1       4       5       2       4       5
  -0.10369483634214241            1       5       5       1       5       5
  -0.20173415533337171E-002       1       5       5       2       5       5
  -0.17739416150661316            2       2       2       2       2       2
  -0.64355487075438301E-002       2       2       2       2       3       3
  -0.64355487075438284E-002       2       2       2       2       4       4
  -0.64355487075438284E-002       2       2       2       2       5       5
  -0.17425228467737758            2       2       3       2       2       3
  -0.66649275673849777E-002       2       2       3       3       3       3
  -0.19192353474349372E-003       2       2       3       3       4       4
  -0.19192353474349386E-003       2       2       3       3       5       5
  -0.62808006842524026E-002       2       2       3       4       4       3
  -0.62808006842523948E-002       2       2       3       5       5       3
  -0.17425228467737758            2       2       4       2       2       4
  -0.62808006842524052E-002       2       2       4       3       3       4
  -0.66649275673849751E-002       2       2       4       4       4       4
  -0.19192353474349383E-003       2       2       4       4       5       5
  -0.62808006842523974E-002       2       2       4       5       5       4
  -0.17425228467737733            2       2       5       2       2       5
  -0.62808006842524008E-002       2       2       5       3       3       5
  -0.62808006842523982E-002       2       2       5       4       4       5
  -0.66649275673849743E-002       2       2       5       5       5       5
  -0.17259880915636461            2       3       3       2       3       3
  -0.10928855677501525E-002       2       3       3       2       4       4
  -0.10928855677501531E-002       2       3       3       2       5       5
  -0.17041106967047007            2       3       4       2       3       4
  -0.17041106967047021            2       3       5       2       3       5
  -0.17259880915636461            2       4       4       2       4       4
  -0.10928855677501521E-002       2       4       4       2       5       5
  -0.17041106967047021            2       4       5       2       4       5
  -0.17259880915636475            2       5       5       2       5       5
  -0.17245155078901264            3       3       3       3       3       3
  -0.11026244462579960E-002       3       3       3       3       4       4
  -0.11026244462579969E-002       3       3       3       3       5       5
  -0.16803695484041414            3       3       4       3       3       4
  -0.11026244462579967E-002       3       3       4       4       4       4
  -0.23443412251522855E-004       3       3       4       4       5       5
  -0.10558106434293440E-002       3       3       4       5       5       4
  -0.16803695484041403            3       3       5       3       3       5
  -0.10558106434293436E-002       3       3       5       4       4       5
  -0.11026244462579971E-002       3       3       5       5       5       5
  -0.16803695484041417            3       4       4       3       4       4
  -0.10558106434293431E-002       3       4       4       3       5       5
  -0.16592355947591175            3       4       5       3       4       5
  -0.16803695484041398            3       5       5       3       5       5
  -0.17245155078901270            4       4       4       4       4       4
  -0.11026244462579975E-002       4       4       4       4       5       5
  -0.16803695484041406            4       4       5       4       4       5
  -0.11026244462579969E-002       4       4       5       5       5       5
  -0.16803695484041392            4       5       5       4       5       5
  -0.17245155078901264            5       5       5       5       5       5
