           5
  -0.26982382863803573E-001       1       1       1       1       1       1
   0.77919545575028050E-003       1       1       1       1       1       2
  -0.35137708154294931E-003       1       1       1       1       2       2
  -0.41499851986589132E-004       1       1       1       1       3       3
  -0.41499851986589165E-004       1       1       1       1       4       4
  -0.41499851986589023E-004       1       1       1       1       5       5
   0.68408163573286941E-004       1       1       1       2       2       2
  -0.35161483915707295E-005       1       1       1       2       3       3
  -0.35161483915707037E-005       1       1       1       2       4       4
  -0.35161483915706956E-005       1       1       1       2       5       5
  -0.49887079560567510E-001       1       1       2       1       1       2
  -0.22535807101791796E-002       1       1       2       1       2       2
  -0.41005117686403544E-003       1       1       2       1       3       3
  -0.41005117686403523E-003       1       1       2       1       4       4
  -0.41005117686403517E-003       1       1       2       1       5       5
   0.10219254013469829E-003       1       1       2       2       2       2
  -0.78237449901581860E-005       1       1       2       2       3       3
  -0.78237449901581691E-005       1       1       2       2       4       4
  -0.78237449901581725E-005       1       1       2       2       5       5
  -0.48980146232189290E-004       1       1       2       3       3       2
  -0.48980146232189290E-004       1       1       2       4       4       2
  -0.48980146232189269E-004       1       1       2       5       5       2
  -0.48181683427619859E-001       1       1       3       1       1       3
  -0.22405600378742519E-002       1       1       3       1       2       3
   0.10770298356782946E-003       1       1       3       2       2       3
  -0.57463851712170885E-004       1       1       3       3       3       3
  -0.54534991196052934E-005       1       1       3       3       4       4
  -0.54534991196052875E-005       1       1       3       3       5       5
  -0.46554703961555811E-004       1       1       3       4       4       3
  -0.46554703961555778E-004       1       1       3       5       5       3
  -0.48181683427619845E-001       1       1       4       1       1       4
  -0.22405600378742514E-002       1       1       4       1       2       4
   0.10770298356782950E-003       1       1       4       2       2       4
  -0.46554703961555798E-004       1       1       4       3       3       4
  -0.57463851712170845E-004       1       1       4       4       4       4
  -0.54534991196052909E-005       1       1       4       4       5       5
  -0.46554703961555757E-004       1       1       4       5       5       4
  -0.48181683427619831E-001       1       1       5       1       1       5
  -0.22405600378742536E-002       1       1       5       1       2       5
   0.10770298356782961E-003       1       1       5       2       2       5
  -0.46554703961555811E-004       1       1       5       3       3       5
  -0.46554703961555832E-004       1       1       5       4       4       5
  -0.57463851712170885E-004       1       1       5       5       5       5
  -0.10788996253953960            1       2       2       1       2       2
  -0.58993788868153098E-002       1       2       2       1       3       3
  -0.58993788868153176E-002       1       2       2       1       4       4
  -0.58993788868153072E-002       1       2       2       1       5       5
  -0.20712638796617257E-002       1       2       2       2       2       2
  -0.20238454586218747E-004       1       2       2       2       3       3
  -0.20238454586218825E-004       1       2       2       2       4       4
  -0.20238454586218811E-004       1       2       2       2       5       5
  -0.45731133970460284E-003       1       2       2       3       2       3
  -0.45731133970460306E-003       1       2       2       4       2       4
  -0.45731133970460284E-003       1       2       2       5       2       5
  -0.10554935642175368            1       2       3       1       2       3
  -0.20339704663736098E-002       1       2       3       2       2       3
  -0.48781684987788375E-003       1       2       3       3       3       3
  -0.22185665149153524E-004       1       2       3       3       4       4
  -0.22185665149153514E-004       1       2       3       3       5       5
  -0.22185665149153514E-004       1       2       3       4       3       4
  -0.44342861117269508E-003       1       2       3       4       4       3
  -0.22185665149153514E-004       1       2       3       5       3       5
  -0.44342861117269502E-003       1       2       3       5       5       3
  -0.10554935642175367            1       2       4       1       2       4
  -0.20339704663736094E-002       1       2       4       2       2       4
  -0.44342861117269481E-003       1       2       4       3       3       4
  -0.48781684987788364E-003       1       2       4       4       4       4
  -0.22185665149153511E-004       1       2       4       4       5       5
  -0.22185665149153535E-004       1       2       4       5       4       5
  -0.44342861117269497E-003       1       2       4       5       5       4
  -0.10554935642175363            1       2       5       1       2       5
  -0.20339704663736090E-002       1       2       5       2       2       5
  -0.44342861117269486E-003       1       2       5       3       3       5
  -0.44342861117269519E-003       1       2       5       4       4       5
  -0.48781684987788342E-003       1       2       5       5       5       5
  -0.10445116164170820            1       3       3       1       3       3
  -0.90763193905110673E-003       1       3       3       1       4       4
  -0.90763193905110760E-003       1       3       3       1       5       5
  -0.20143898959626839E-002       1       3       3       2       3       3
  -0.14154376367425488E-004       1       3       3       2       4       4
  -0.14154376367425493E-004       1       3       3       2       5       5
  -0.10263422185725649            1       3       4       1       3       4
  -0.19860689009650262E-002       1       3       4       2       3       4
  -0.10263422185725657            1       3       5       1       3       5
  -0.19860689009650254E-002       1       3       5       2       3       5
  -0.10445116164170801            1       4       4       1       4       4
  -0.90763193905110781E-003       1       4       4       1       5       5
  -0.20143898959626839E-002       1       4       4       2       4       4
  -0.14154376367425507E-004       1       4       4       2       5       5
  -0.10263422185725653            1       4       5       1       4       5
  -0.19860689009650245E-002       1       4       5       2       4       5
  -0.10445116164170817            1       5       5       1       5       5
  -0.20143898959626852E-002       1       5       5       2       5       5
  -0.17795308066941912            2       2       2       2       2       2
  -0.65039548131046194E-002       2       2       2       2       3       3
  -0.65039548131046211E-002       2       2       2       2       4       4
  -0.65039548131046194E-002       2       2       2       2       5       5
  -0.17482027239511372            2       2       3       2       2       3
  -0.67422478726682812E-002       2       2       3       3       3       3
  -0.19790922559324788E-003       2       2       3       3       4       4
  -0.19790922559324793E-003       2       2       3       3       5       5
  -0.63461506142800019E-002       2       2       3       4       4       3
  -0.63461506142799932E-002       2       2       3       5       5       3
  -0.17482027239511369            2       2       4       2       2       4
  -0.63461506142799906E-002       2       2       4       3       3       4
  -0.67422478726682925E-002       2       2       4       4       4       4
  -0.19790922559324799E-003       2       2       4       4       5       5
  -0.63461506142799941E-002       2       2       4       5       5       4
  -0.17482027239511369            2       2       5       2       2       5
  -0.63461506142799906E-002       2       2       5       3       3       5
  -0.63461506142800002E-002       2       2       5       4       4       5
  -0.67422478726682864E-002       2       2       5       5       5       5
  -0.17321096765704908            2       3       3       2       3       3
  -0.11199734173886590E-002       2       3       3       2       4       4
  -0.11199734173886584E-002       2       3       3       2       5       5
  -0.17096906832900682            2       3       4       2       3       4
  -0.17096906832900682            2       3       5       2       3       5
  -0.17321096765704916            2       4       4       2       4       4
  -0.11199734173886586E-002       2       4       4       2       5       5
  -0.17096906832900674            2       4       5       2       4       5
  -0.17321096765704908            2       5       5       2       5       5
  -0.17314303192533759            3       3       3       3       3       3
  -0.11296985509881119E-002       3       3       3       3       4       4
  -0.11296985509881108E-002       3       3       3       3       5       5
  -0.16862016911202443            3       3       4       3       3       4
  -0.11296985509881114E-002       3       3       4       4       4       4
  -0.23345646334715872E-004       3       3       4       4       5       5
  -0.10830824321408407E-002       3       3       4       5       5       4
  -0.16862016911202460            3       3       5       3       3       5
  -0.10830824321408415E-002       3       3       5       4       4       5
  -0.11296985509881116E-002       3       3       5       5       5       5
  -0.16862016911202438            3       4       4       3       4       4
  -0.10830824321408407E-002       3       4       4       3       5       5
  -0.16645224672031517            3       4       5       3       4       5
  -0.16862016911202449            3       5       5       3       5       5
  -0.17314303192533734            4       4       4       4       4       4
  -0.11296985509881108E-002       4       4       4       4       5       5
  -0.16862016911202443            4       4       5       4       4       5
  -0.11296985509881116E-002       4       4       5       5       5       5
  -0.16862016911202443            4       5       5       4       5       5
  -0.17314303192533737            5       5       5       5       5       5
