           5
  -0.26201432923200613E-001       1       1       1       1       1       1
   0.71515554142163786E-003       1       1       1       1       1       2
  -0.34345128088863753E-003       1       1       1       1       2       2
  -0.41318839044035110E-004       1       1       1       1       3       3
  -0.41318839044035137E-004       1       1       1       1       4       4
  -0.41318839044035008E-004       1       1       1       1       5       5
   0.67181357947623533E-004       1       1       1       2       2       2
  -0.33834895357219907E-005       1       1       1       2       3       3
  -0.33834895357219759E-005       1       1       1       2       4       4
  -0.33834895357219725E-005       1       1       1       2       5       5
  -0.49629766120284288E-001       1       1       2       1       1       2
  -0.22438756938365761E-002       1       1       2       1       2       2
  -0.39338020490571461E-003       1       1       2       1       3       3
  -0.39338020490571450E-003       1       1       2       1       4       4
  -0.39338020490571439E-003       1       1       2       1       5       5
   0.10024374392357588E-003       1       1       2       2       2       2
  -0.84585810231789180E-005       1       1       2       2       3       3
  -0.84585810231789248E-005       1       1       2       2       4       4
  -0.84585810231789299E-005       1       1       2       2       5       5
  -0.47923061486420835E-004       1       1       2       3       3       2
  -0.47923061486420788E-004       1       1       2       4       4       2
  -0.47923061486420788E-004       1       1       2       5       5       2
  -0.47923830858405889E-001       1       1       3       1       1       3
  -0.22314554188600047E-002       1       1       3       1       2       3
   0.10575814936633371E-003       1       1       3       2       2       3
  -0.56365081940642788E-004       1       1       3       3       3       3
  -0.54305684953850128E-005       1       1       3       3       4       4
  -0.54305684953850162E-005       1       1       3       3       5       5
  -0.45501793293071366E-004       1       1       3       4       4       3
  -0.45501793293071360E-004       1       1       3       5       5       3
  -0.47923830858405882E-001       1       1       4       1       1       4
  -0.22314554188600033E-002       1       1       4       1       2       4
   0.10575814936633385E-003       1       1       4       2       2       4
  -0.45501793293071332E-004       1       1       4       3       3       4
  -0.56365081940642761E-004       1       1       4       4       4       4
  -0.54305684953850153E-005       1       1       4       4       5       5
  -0.45501793293071353E-004       1       1       4       5       5       4
  -0.47923830858405847E-001       1       1       5       1       1       5
  -0.22314554188600025E-002       1       1       5       1       2       5
   0.10575814936633385E-003       1       1       5       2       2       5
  -0.45501793293071353E-004       1       1       5       3       3       5
  -0.45501793293071366E-004       1       1       5       4       4       5
  -0.56365081940642754E-004       1       1       5       5       5       5
  -0.10748523786840072            1       2       2       1       2       2
  -0.57990601796414814E-002       1       2       2       1       3       3
  -0.57990601796414857E-002       1       2       2       1       4       4
  -0.57990601796414840E-002       1       2       2       1       5       5
  -0.20760524657931342E-002       1       2       2       2       2       2
  -0.20652855580634462E-004       1       2       2       2       3       3
  -0.20652855580634516E-004       1       2       2       2       4       4
  -0.20652855580634543E-004       1       2       2       2       5       5
  -0.44361477285876554E-003       1       2       2       3       2       3
  -0.44361477285876527E-003       1       2       2       4       2       4
  -0.44361477285876527E-003       1       2       2       5       2       5
  -0.10514879444339081            1       2       3       1       2       3
  -0.20388156933474982E-002       1       2       3       2       2       3
  -0.47321281291437805E-003       1       2       3       3       3       3
  -0.21412645442099653E-004       1       2       3       3       4       4
  -0.21412645442099681E-004       1       2       3       3       5       5
  -0.21412645442099633E-004       1       2       3       4       3       4
  -0.43037114385115037E-003       1       2       3       4       4       3
  -0.21412645442099626E-004       1       2       3       5       3       5
  -0.43037114385115015E-003       1       2       3       5       5       3
  -0.10514879444339090            1       2       4       1       2       4
  -0.20388156933474968E-002       1       2       4       2       2       4
  -0.43037114385115015E-003       1       2       4       3       3       4
  -0.47321281291437821E-003       1       2       4       4       4       4
  -0.21412645442099677E-004       1       2       4       4       5       5
  -0.21412645442099647E-004       1       2       4       5       4       5
  -0.43037114385114999E-003       1       2       4       5       5       4
  -0.10514879444339087            1       2       5       1       2       5
  -0.20388156933474982E-002       1       2       5       2       2       5
  -0.43037114385115015E-003       1       2       5       3       3       5
  -0.43037114385115021E-003       1       2       5       4       4       5
  -0.47321281291437837E-003       1       2       5       5       5       5
  -0.10392492036312907            1       3       3       1       3       3
  -0.81025944089579624E-003       1       3       3       1       4       4
  -0.81025944089579678E-003       1       3       3       1       5       5
  -0.20199466094911315E-002       1       3       3       2       3       3
  -0.14623083585484786E-004       1       3       3       2       4       4
  -0.14623083585484786E-004       1       3       3       2       5       5
  -0.10230275309004211            1       3       4       1       3       4
  -0.19906882407141010E-002       1       3       4       2       3       4
  -0.10230275309004216            1       3       5       1       3       5
  -0.19906882407141010E-002       1       3       5       2       3       5
  -0.10392492036312913            1       4       4       1       4       4
  -0.81025944089579602E-003       1       4       4       1       5       5
  -0.20199466094911311E-002       1       4       4       2       4       4
  -0.14623083585484778E-004       1       4       4       2       5       5
  -0.10230275309004218            1       4       5       1       4       5
  -0.19906882407141006E-002       1       4       5       2       4       5
  -0.10392492036312918            1       5       5       1       5       5
  -0.20199466094911315E-002       1       5       5       2       5       5
  -0.17760969237918123            2       2       2       2       2       2
  -0.63969825665081605E-002       2       2       2       2       3       3
  -0.63969825665081640E-002       2       2       2       2       4       4
  -0.63969825665081657E-002       2       2       2       2       5       5
  -0.17447558862631909            2       2       3       2       2       3
  -0.66185747600155257E-002       2       2       3       3       3       3
  -0.18494122733177503E-003       2       2       3       3       4       4
  -0.18494122733177503E-003       2       2       3       3       5       5
  -0.62484188947099792E-002       2       2       3       4       4       3
  -0.62484188947099801E-002       2       2       3       5       5       3
  -0.17447558862631918            2       2       4       2       2       4
  -0.62484188947099732E-002       2       2       4       3       3       4
  -0.66185747600155335E-002       2       2       4       4       4       4
  -0.18494122733177527E-003       2       2       4       4       5       5
  -0.62484188947099836E-002       2       2       4       5       5       4
  -0.17447558862631909            2       2       5       2       2       5
  -0.62484188947099688E-002       2       2       5       3       3       5
  -0.62484188947099723E-002       2       2       5       4       4       5
  -0.66185747600155335E-002       2       2       5       5       5       5
  -0.17273412485819944            2       3       3       2       3       3
  -0.10215825367895360E-002       2       3       3       2       4       4
  -0.10215825367895367E-002       2       3       3       2       5       5
  -0.17068903689227316            2       3       4       2       3       4
  -0.17068903689227310            2       3       5       2       3       5
  -0.17273412485819944            2       4       4       2       4       4
  -0.10215825367895373E-002       2       4       4       2       5       5
  -0.17068903689227302            2       4       5       2       4       5
  -0.17273412485819950            2       5       5       2       5       5
  -0.17240196647488304            3       3       3       3       3       3
  -0.10307235996849340E-002       3       3       3       3       4       4
  -0.10307235996849351E-002       3       3       3       3       5       5
  -0.16827507879547823            3       3       4       3       3       4
  -0.10307235996849340E-002       3       3       4       4       4       4
  -0.22043852459017298E-004       3       3       4       4       5       5
  -0.98670066403708668E-003       3       3       4       5       5       4
  -0.16827507879547832            3       3       5       3       3       5
  -0.98670066403708668E-003       3       3       5       4       4       5
  -0.10307235996849348E-002       3       3       5       5       5       5
  -0.16827507879547832            3       4       4       3       4       4
  -0.98670066403708776E-003       3       4       4       3       5       5
  -0.16629993311373947            3       4       5       3       4       5
  -0.16827507879547843            3       5       5       3       5       5
  -0.17240196647488298            4       4       4       4       4       4
  -0.10307235996849346E-002       4       4       4       4       5       5
  -0.16827507879547843            4       4       5       4       4       5
  -0.10307235996849346E-002       4       4       5       5       5       5
  -0.16827507879547848            4       5       5       4       5       5
  -0.17240196647488326            5       5       5       5       5       5
